1 8 2.0
1 9 2.0
1 12 1.0
1 13 1.0
1 96 1.0
5 19 1.0
5 29 2.0
5 30 1.0
5 39 1.0
5 88 5.0
5 97 3.0
5 107 1.0
5 108 1.0
5 118 1.0
5 218 1.0
6 12 3.0
6 20 1.0
6 21 4.0
6 29 3.0
6 30 1.0
6 39 1.0
6 46 1.0
6 88 3.0
6 97 9.0
6 104 1.0
6 105 1.0
6 107 4.0
6 108 1.0
6 118 4.0
6 119 2.0
6 130 1.0
6 370 1.0
7 8 94.0
7 9 10.0
7 17 47.0
7 18 56.0
7 19 1.0
7 27 19.0
7 28 63.0
7 29 28.0
7 37 50.0
7 38 39.0
7 39 6.0
7 44 26.0
7 45 1.0
7 93 2.0
7 94 2.0
7 95 2.0
7 104 8.0
7 105 50.0
7 115 1.0
7 116 39.0
7 127 1.0
7 128 5.0
7 140 1.0
7 141 4.0
7 214 7.0
7 225 9.0
7 237 1.0
7 238 37.0
7 239 1.0
7 249 16.0
7 250 13.0
7 251 4.0
7 262 3.0
7 263 4.0
7 264 1.0
7 392 13.0
7 404 14.0
7 416 8.0
7 560 3.0
8 9 287.0
8 10 40.0
8 12 8.0
8 13 24.0
8 16 3.0
8 17 58.0
8 18 352.0
8 19 44.0
8 20 13.0
8 21 6.0
8 22 2.0
8 26 3.0
8 27 9.0
8 28 207.0
8 29 319.0
8 30 2.0
8 31 1.0
8 37 121.0
8 38 111.0
8 39 30.0
8 40 2.0
8 44 79.0
8 45 9.0
8 81 2.0
8 84 32.0
8 85 2.0
8 86 1.0
8 87 34.0
8 88 4.0
8 89 1.0
8 92 2.0
8 93 6.0
8 94 10.0
8 95 141.0
8 96 44.0
8 97 10.0
8 98 8.0
8 99 1.0
8 103 2.0
8 104 29.0
8 105 350.0
8 106 62.0
8 107 36.0
8 113 1.0
8 114 3.0
8 115 3.0
8 116 304.0
8 118 40.0
8 128 23.0
8 129 8.0
8 130 2.0
8 140 11.0
8 141 29.0
8 168 1.0
8 169 2.0
8 170 1.0
8 191 1.0
8 197 3.0
8 198 1.0
8 199 3.0
8 200 2.0
8 205 4.0
8 206 1.0
8 207 2.0
8 214 12.0
8 215 3.0
8 216 21.0
8 217 5.0
8 224 3.0
8 225 33.0
8 226 41.0
8 227 36.0
8 237 2.0
8 238 421.0
8 239 21.0
8 248 1.0
8 249 109.0
8 250 38.0
8 251 20.0
8 262 19.0
8 263 3.0
8 264 2.0
8 274 3.0
8 277 14.0
8 284 2.0
8 285 1.0
8 348 4.0
8 358 12.0
8 359 1.0
8 367 5.0
8 368 1.0
8 369 21.0
8 379 2.0
8 380 21.0
8 381 3.0
8 382 1.0
8 391 2.0
8 392 208.0
8 393 1.0
8 404 189.0
8 416 42.0
8 428 2.0
8 489 3.0
8 499 1.0
8 500 2.0
8 511 5.0
8 523 4.0
8 526 1.0
8 548 23.0
8 560 61.0
8 573 1.0
8 640 1.0
8 653 1.0
8 704 1.0
9 10 4.0
9 11 1.0
9 12 12.0
9 13 35.0
9 16 5.0
9 18 13.0
9 19 54.0
9 20 40.0
9 21 12.0
9 22 8.0
9 26 9.0
9 27 16.0
9 28 47.0
9 29 226.0
9 30 5.0
9 31 1.0
9 32 3.0
9 37 2.0
9 38 2.0
9 39 22.0
9 40 2.0
9 44 1.0
9 45 32.0
9 77 2.0
9 78 1.0
9 80 1.0
9 84 38.0
9 85 2.0
9 86 4.0
9 87 7.0
9 88 3.0
9 92 13.0
9 93 53.0
9 94 83.0
9 95 289.0
9 96 77.0
9 97 5.0
9 98 5.0
9 102 15.0
9 103 9.0
9 104 11.0
9 105 103.0
9 106 60.0
9 107 35.0
9 113 3.0
9 114 12.0
9 115 2.0
9 116 144.0
9 117 1.0
9 118 40.0
9 129 27.0
9 130 3.0
9 140 4.0
9 141 18.0
9 170 1.0
9 197 1.0
9 204 3.0
9 206 40.0
9 207 6.0
9 213 1.0
9 214 1.0
9 215 2.0
9 216 5.0
9 224 3.0
9 225 2.0
9 226 86.0
9 227 1.0
9 236 3.0
9 237 10.0
9 238 333.0
9 239 6.0
9 248 1.0
9 249 64.0
9 250 35.0
9 251 1.0
9 262 9.0
9 274 1.0
9 277 39.0
9 285 2.0
9 295 1.0
9 305 1.0
9 314 1.0
9 347 1.0
9 358 3.0
9 367 1.0
9 379 19.0
9 380 55.0
9 381 2.0
9 391 3.0
9 392 187.0
9 393 1.0
9 403 9.0
9 404 125.0
9 406 1.0
9 416 34.0
9 427 2.0
9 428 3.0
9 511 10.0
9 523 12.0
9 526 1.0
9 536 4.0
9 548 58.0
9 550 1.0
9 560 99.0
9 561 1.0
9 562 1.0
9 653 5.0
9 782 1.0
10 11 11.0
10 12 11.0
10 13 9.0
10 14 4.0
10 17 4.0
10 18 5.0
10 19 191.0
10 20 49.0
10 21 2.0
10 22 1.0
10 26 1.0
10 27 4.0
10 28 2.0
10 29 195.0
10 30 17.0
10 31 20.0
10 37 2.0
10 39 2.0
10 40 1.0
10 77 16.0
10 78 80.0
10 80 3.0
10 81 2.0
10 82 5.0
10 83 6.0
10 84 194.0
10 85 22.0
10 86 62.0
10 87 478.0
10 88 14.0
10 89 8.0
10 90 7.0
10 92 7.0
10 93 22.0
10 94 87.0
10 95 66.0
10 96 19.0
10 97 22.0
10 98 93.0
10 99 34.0
10 103 13.0
10 104 37.0
10 105 159.0
10 106 4.0
10 107 68.0
10 108 33.0
10 113 2.0
10 114 35.0
10 115 16.0
10 116 242.0
10 118 38.0
10 119 11.0
10 130 1.0
10 170 3.0
10 188 2.0
10 191 5.0
10 194 2.0
10 195 2.0
10 196 1.0
10 197 37.0
10 198 22.0
10 199 20.0
10 200 5.0
10 203 17.0
10 204 24.0
10 205 9.0
10 206 2.0
10 207 42.0
10 208 3.0
10 213 13.0
10 214 68.0
10 215 53.0
10 216 117.0
10 217 158.0
10 218 1.0
10 224 5.0
10 225 21.0
10 226 49.0
10 227 131.0
10 236 1.0
10 238 321.0
10 239 8.0
10 240 1.0
10 249 61.0
10 250 3.0
10 251 9.0
10 262 12.0
10 263 4.0
10 274 3.0
10 275 5.0
10 277 8.0
10 285 2.0
10 286 8.0
10 288 1.0
10 297 2.0
10 307 1.0
10 316 1.0
10 324 1.0
10 357 3.0
10 358 11.0
10 359 1.0
10 367 13.0
10 368 18.0
10 369 61.0
10 370 18.0
10 379 7.0
10 380 28.0
10 381 59.0
10 382 10.0
10 391 1.0
10 392 218.0
10 393 15.0
10 394 4.0
10 403 1.0
10 404 158.0
10 405 2.0
10 416 29.0
10 417 16.0
10 439 1.0
10 489 5.0
10 494 1.0
10 499 2.0
10 500 4.0
10 502 4.0
10 511 8.0
10 513 6.0
10 514 4.0
10 523 3.0
10 526 7.0
10 527 1.0
10 536 1.0
10 537 1.0
10 548 18.0
10 549 2.0
10 560 26.0
10 561 1.0
10 635 1.0
10 640 2.0
10 653 1.0
10 764 1.0
10 782 1.0
10 795 2.0
10 880 1.0
11 12 40.0
11 13 22.0
11 18 1.0
11 19 16.0
11 21 9.0
11 22 7.0
11 29 4.0
11 30 2.0
11 31 7.0
11 32 5.0
11 39 1.0
11 78 6.0
11 81 4.0
11 82 4.0
11 83 1.0
11 84 7.0
11 85 2.0
11 86 1.0
11 87 23.0
11 88 31.0
11 92 2.0
11 93 10.0
11 94 37.0
11 95 39.0
11 96 45.0
11 97 25.0
11 98 2.0
11 103 2.0
11 104 32.0
11 105 4.0
11 106 1.0
11 107 5.0
11 108 1.0
11 114 20.0
11 115 9.0
11 116 4.0
11 118 7.0
11 130 4.0
11 170 1.0
11 204 7.0
11 214 8.0
11 215 2.0
11 216 7.0
11 217 3.0
11 218 1.0
11 224 9.0
11 225 2.0
11 226 17.0
11 227 14.0
11 228 14.0
11 238 8.0
11 239 39.0
11 240 2.0
11 250 1.0
11 251 2.0
11 252 2.0
11 254 2.0
11 262 1.0
11 263 2.0
11 274 1.0
11 275 6.0
11 285 1.0
11 357 4.0
11 358 2.0
11 367 1.0
11 368 4.0
11 369 5.0
11 370 2.0
11 380 1.0
11 381 1.0
11 383 1.0
11 384 1.0
11 392 7.0
11 393 26.0
11 394 3.0
11 395 2.0
11 404 6.0
11 405 1.0
11 416 1.0
11 417 6.0
11 513 1.0
11 516 1.0
11 527 4.0
11 528 1.0
11 529 1.0
11 536 1.0
11 539 1.0
11 548 1.0
11 560 2.0
12 13 140.0
12 18 1.0
12 19 46.0
12 20 12.0
12 21 38.0
12 22 6.0
12 29 28.0
12 30 15.0
12 31 15.0
12 32 4.0
12 37 1.0
12 39 13.0
12 44 1.0
12 77 7.0
12 78 13.0
12 79 3.0
12 81 1.0
12 84 7.0
12 85 13.0
12 86 1.0
12 87 40.0
12 88 5.0
12 89 1.0
12 94 78.0
12 95 99.0
12 96 66.0
12 97 86.0
12 98 1.0
12 103 22.0
12 104 38.0
12 105 11.0
12 106 1.0
12 107 79.0
12 108 1.0
12 113 4.0
12 114 31.0
12 115 2.0
12 116 8.0
12 117 3.0
12 118 81.0
12 119 5.0
12 128 1.0
12 129 3.0
12 130 4.0
12 195 1.0
12 196 3.0
12 199 1.0
12 204 7.0
12 205 2.0
12 208 1.0
12 213 1.0
12 214 3.0
12 215 1.0
12 216 1.0
12 217 2.0
12 224 10.0
12 225 3.0
12 226 22.0
12 227 7.0
12 228 63.0
12 237 5.0
12 238 11.0
12 239 21.0
12 240 25.0
12 249 3.0
12 250 4.0
12 251 2.0
12 252 3.0
12 262 3.0
12 263 1.0
12 264 1.0
12 275 2.0
12 357 1.0
12 368 1.0
12 369 11.0
12 370 5.0
12 381 4.0
12 392 8.0
12 393 5.0
12 404 9.0
12 405 2.0
12 416 2.0
12 417 2.0
12 513 1.0
12 558 1.0
12 559 1.0
12 560 1.0
12 690 1.0
13 19 55.0
13 20 48.0
13 21 80.0
13 22 25.0
13 28 1.0
13 29 19.0
13 30 12.0
13 31 9.0
13 32 2.0
13 39 3.0
13 40 1.0
13 46 1.0
13 77 7.0
13 78 13.0
13 80 1.0
13 81 1.0
13 84 14.0
13 85 12.0
13 86 31.0
13 87 17.0
13 88 5.0
13 89 39.0
13 90 1.0
13 92 1.0
13 93 1.0
13 94 69.0
13 95 106.0
13 96 98.0
13 97 36.0
13 98 2.0
13 103 25.0
13 104 62.0
13 105 18.0
13 106 3.0
13 107 38.0
13 108 22.0
13 113 6.0
13 114 23.0
13 115 2.0
13 116 26.0
13 117 3.0
13 118 5.0
13 162 1.0
13 169 1.0
13 170 4.0
13 191 1.0
13 195 1.0
13 196 1.0
13 197 1.0
13 200 1.0
13 204 18.0
13 205 4.0
13 206 1.0
13 208 1.0
13 209 1.0
13 213 2.0
13 214 9.0
13 215 1.0
13 216 10.0
13 217 3.0
13 218 9.0
13 224 5.0
13 225 3.0
13 226 35.0
13 227 4.0
13 237 10.0
13 238 33.0
13 239 34.0
13 249 8.0
13 250 6.0
13 251 12.0
13 252 1.0
13 262 3.0
13 263 2.0
13 274 7.0
13 275 8.0
13 285 5.0
13 294 2.0
13 303 1.0
13 359 2.0
13 369 4.0
13 370 1.0
13 381 2.0
13 391 1.0
13 392 25.0
13 393 7.0
13 404 36.0
13 416 2.0
13 417 2.0
13 548 1.0
13 560 1.0
14 20 1.0
14 21 1.0
14 22 5.0
14 78 1.0
14 80 1.0
14 81 5.0
14 82 4.0
14 84 1.0
14 86 1.0
14 87 8.0
14 88 4.0
14 89 3.0
14 94 2.0
14 95 1.0
14 96 2.0
14 97 31.0
14 98 9.0
14 103 1.0
14 104 1.0
14 106 1.0
14 107 1.0
14 118 1.0
14 197 1.0
14 198 1.0
14 204 4.0
14 214 8.0
14 216 7.0
14 217 12.0
14 226 9.0
14 227 14.0
14 358 5.0
14 368 1.0
14 369 5.0
14 370 16.0
14 480 1.0
14 490 1.0
14 492 4.0
14 500 1.0
14 502 8.0
14 644 2.0
14 655 1.0
14 764 3.0
14 783 1.0
14 795 1.0
14 880 3.0
14 972 1.0
16 26 3.0
16 105 3.0
16 106 5.0
16 238 2.0
16 392 2.0
16 404 2.0
17 18 2.0
17 19 4.0
17 27 75.0
17 28 215.0
17 29 4.0
17 37 258.0
17 38 214.0
17 39 11.0
17 40 1.0
17 44 173.0
17 45 10.0
17 46 1.0
17 78 2.0
17 85 2.0
17 93 2.0
17 94 12.0
17 96 3.0
17 104 13.0
17 105 5.0
17 107 3.0
17 115 1.0
17 116 15.0
17 118 1.0
17 127 6.0
17 128 93.0
17 140 26.0
17 141 82.0
17 225 13.0
17 238 6.0
17 249 3.0
17 250 12.0
17 262 5.0
17 263 5.0
17 264 1.0
17 392 3.0
17 404 5.0
17 416 5.0
17 428 1.0
17 560 3.0
17 573 1.0
17 704 1.0
18 19 7.0
18 20 80.0
18 26 18.0
18 27 10.0
18 28 173.0
18 29 672.0
18 37 58.0
18 38 38.0
18 39 9.0
18 44 30.0
18 77 9.0
18 78 10.0
18 81 29.0
18 84 44.0
18 85 10.0
18 86 11.0
18 88 38.0
18 89 1.0
18 92 42.0
18 93 100.0
18 94 78.0
18 95 132.0
18 96 64.0
18 97 69.0
18 98 37.0
18 102 26.0
18 103 2.0
18 104 31.0
18 105 631.0
18 106 48.0
18 107 50.0
18 114 7.0
18 115 7.0
18 116 588.0
18 118 49.0
18 119 1.0
18 128 3.0
18 130 1.0
18 140 1.0
18 141 3.0
18 168 1.0
18 169 6.0
18 170 3.0
18 196 1.0
18 204 13.0
18 205 8.0
18 206 12.0
18 213 4.0
18 214 12.0
18 215 10.0
18 216 22.0
18 224 5.0
18 225 23.0
18 226 46.0
18 227 30.0
18 238 752.0
18 239 14.0
18 249 303.0
18 250 35.0
18 251 26.0
18 262 20.0
18 263 3.0
18 264 1.0
18 274 12.0
18 275 1.0
18 284 9.0
18 285 5.0
18 294 2.0
18 304 1.0
18 348 1.0
18 357 3.0
18 358 22.0
18 359 1.0
18 367 4.0
18 368 9.0
18 369 33.0
18 370 2.0
18 380 2.0
18 381 3.0
18 382 1.0
18 391 1.0
18 392 267.0
18 393 5.0
18 403 2.0
18 404 388.0
18 407 2.0
18 416 100.0
18 417 1.0
18 425 1.0
18 427 1.0
18 489 2.0
18 500 2.0
18 511 4.0
18 513 3.0
18 523 4.0
18 548 6.0
18 560 157.0
18 563 2.0
18 571 2.0
18 573 2.0
19 20 58.0
19 21 15.0
19 23 4.0
19 26 5.0
19 27 11.0
19 28 10.0
19 29 301.0
19 30 90.0
19 40 1.0
19 46 1.0
19 77 61.0
19 78 41.0
19 80 2.0
19 81 42.0
19 82 7.0
19 83 1.0
19 84 24.0
19 85 107.0
19 87 116.0
19 88 67.0
19 89 8.0
19 92 9.0
19 93 31.0
19 94 74.0
19 95 80.0
19 96 41.0
19 97 75.0
19 98 37.0
19 99 4.0
19 102 1.0
19 103 33.0
19 104 60.0
19 105 76.0
19 106 27.0
19 107 38.0
19 108 6.0
19 113 23.0
19 114 18.0
19 115 11.0
19 116 92.0
19 117 1.0
19 118 53.0
19 119 1.0
19 130 4.0
19 170 5.0
19 188 2.0
19 191 2.0
19 197 24.0
19 198 2.0
19 200 5.0
19 204 2.0
19 205 1.0
19 206 5.0
19 207 6.0
19 208 5.0
19 213 9.0
19 214 6.0
19 215 4.0
19 216 56.0
19 217 34.0
19 218 1.0
19 224 3.0
19 225 3.0
19 226 26.0
19 227 24.0
19 238 131.0
19 239 58.0
19 248 1.0
19 249 23.0
19 250 4.0
19 251 16.0
19 252 1.0
19 262 11.0
19 263 10.0
19 274 7.0
19 275 15.0
19 277 3.0
19 285 3.0
19 286 1.0
19 348 1.0
19 358 1.0
19 367 1.0
19 368 5.0
19 369 11.0
19 380 23.0
19 381 23.0
19 382 2.0
19 391 1.0
19 392 84.0
19 393 47.0
19 403 2.0
19 404 76.0
19 405 1.0
19 416 8.0
19 417 35.0
19 439 1.0
19 511 1.0
19 513 2.0
19 523 1.0
19 526 7.0
19 548 7.0
19 560 13.0
19 795 2.0
20 21 94.0
20 22 13.0
20 23 4.0
20 26 1.0
20 28 4.0
20 29 115.0
20 30 17.0
20 31 2.0
20 32 5.0
20 40 1.0
20 46 2.0
20 77 9.0
20 78 46.0
20 80 1.0
20 81 208.0
20 82 2.0
20 84 69.0
20 85 8.0
20 86 11.0
20 87 1.0
20 88 226.0
20 89 8.0
20 92 3.0
20 93 11.0
20 94 75.0
20 95 87.0
20 96 173.0
20 97 247.0
20 98 101.0
20 99 3.0
20 103 2.0
20 104 111.0
20 105 22.0
20 106 2.0
20 107 16.0
20 113 1.0
20 114 14.0
20 115 17.0
20 116 16.0
20 117 12.0
20 118 13.0
20 169 1.0
20 170 4.0
20 197 1.0
20 199 1.0
20 204 5.0
20 205 1.0
20 207 1.0
20 208 1.0
20 213 2.0
20 214 3.0
20 216 2.0
20 217 2.0
20 224 1.0
20 225 4.0
20 226 6.0
20 227 7.0
20 228 2.0
20 238 40.0
20 239 141.0
20 240 1.0
20 251 10.0
20 262 2.0
20 263 2.0
20 274 9.0
20 275 6.0
20 285 6.0
20 294 3.0
20 303 2.0
20 358 2.0
20 369 21.0
20 381 25.0
20 392 42.0
20 393 3.0
20 403 1.0
20 404 56.0
20 416 4.0
20 417 1.0
20 548 2.0
20 560 3.0
21 22 12.0
21 23 5.0
21 28 1.0
21 29 25.0
21 30 45.0
21 31 11.0
21 32 3.0
21 39 1.0
21 40 1.0
21 78 1.0
21 81 7.0
21 84 1.0
21 85 4.0
21 86 12.0
21 87 1.0
21 88 14.0
21 89 7.0
21 94 5.0
21 95 10.0
21 96 323.0
21 97 71.0
21 98 43.0
21 104 22.0
21 105 19.0
21 106 20.0
21 107 12.0
21 114 5.0
21 115 4.0
21 116 23.0
21 117 6.0
21 118 11.0
21 162 7.0
21 169 1.0
21 170 4.0
21 188 1.0
21 204 1.0
21 214 12.0
21 216 1.0
21 217 1.0
21 225 4.0
21 227 9.0
21 228 11.0
21 238 38.0
21 239 309.0
21 240 6.0
21 250 4.0
21 251 18.0
21 252 4.0
21 262 3.0
21 263 5.0
21 274 11.0
21 275 29.0
21 285 6.0
21 294 3.0
21 303 2.0
21 369 18.0
21 381 19.0
21 391 1.0
21 392 44.0
21 393 18.0
21 394 1.0
21 404 62.0
21 416 2.0
21 417 3.0
21 427 1.0
21 527 1.0
21 548 1.0
21 560 2.0
22 29 1.0
22 30 3.0
22 31 26.0
22 32 29.0
22 40 2.0
22 80 1.0
22 81 8.0
22 82 1.0
22 84 1.0
22 86 3.0
22 87 2.0
22 88 5.0
22 89 10.0
22 90 2.0
22 94 2.0
22 95 12.0
22 96 30.0
22 97 67.0
22 98 4.0
22 99 1.0
22 103 1.0
22 104 4.0
22 105 2.0
22 106 6.0
22 107 53.0
22 108 49.0
22 114 1.0
22 118 3.0
22 119 1.0
22 200 1.0
22 208 2.0
22 209 1.0
22 214 4.0
22 216 3.0
22 217 12.0
22 218 23.0
22 225 2.0
22 227 3.0
22 239 5.0
22 252 3.0
22 275 1.0
22 357 2.0
22 358 2.0
22 359 6.0
22 393 1.0
23 27 1.0
23 28 3.0
23 78 1.0
23 81 1.0
23 82 2.0
23 86 1.0
23 87 1.0
23 88 1.0
23 89 1.0
23 94 1.0
23 95 1.0
23 96 1.0
23 97 29.0
23 98 54.0
23 99 3.0
23 104 2.0
23 105 1.0
23 107 1.0
23 117 1.0
23 118 1.0
23 205 4.0
23 214 2.0
23 215 12.0
23 216 27.0
23 217 32.0
23 226 2.0
23 227 2.0
23 228 2.0
23 229 16.0
23 230 2.0
23 239 1.0
23 240 1.0
23 241 1.0
23 251 1.0
23 254 2.0
23 350 1.0
23 357 3.0
23 360 1.0
23 367 1.0
23 368 1.0
23 369 7.0
23 370 13.0
23 371 2.0
23 382 4.0
23 383 18.0
23 384 5.0
23 393 1.0
23 404 1.0
23 494 2.0
23 500 1.0
23 503 1.0
23 515 1.0
23 528 7.0
23 529 2.0
23 635 1.0
23 670 2.0
23 682 2.0
23 694 2.0
23 773 1.0
26 29 14.0
26 78 1.0
26 93 26.0
26 94 27.0
26 95 2.0
26 96 2.0
26 105 8.0
26 106 5.0
26 107 1.0
26 114 1.0
26 116 8.0
26 118 1.0
26 204 1.0
26 237 1.0
26 238 10.0
26 249 8.0
26 392 2.0
26 404 6.0
26 560 4.0
27 28 161.0
27 29 16.0
27 37 70.0
27 38 62.0
27 39 3.0
27 40 1.0
27 44 30.0
27 45 9.0
27 46 1.0
27 77 88.0
27 78 61.0
27 84 21.0
27 85 60.0
27 92 1.0
27 93 14.0
27 94 167.0
27 95 1.0
27 96 2.0
27 97 1.0
27 98 1.0
27 102 2.0
27 104 13.0
27 105 24.0
27 106 1.0
27 107 3.0
27 115 1.0
27 116 25.0
27 127 1.0
27 128 8.0
27 140 1.0
27 141 6.0
27 195 6.0
27 204 20.0
27 205 7.0
27 206 1.0
27 215 7.0
27 216 6.0
27 217 3.0
27 225 12.0
27 238 27.0
27 239 3.0
27 249 10.0
27 250 14.0
27 262 4.0
27 263 8.0
27 264 1.0
27 348 1.0
27 392 17.0
27 393 2.0
27 404 22.0
27 414 1.0
27 415 2.0
27 416 11.0
27 548 2.0
27 560 8.0
28 29 82.0
28 37 360.0
28 38 285.0
28 39 34.0
28 40 1.0
28 44 235.0
28 45 7.0
28 77 76.0
28 78 48.0
28 81 3.0
28 83 2.0
28 84 40.0
28 85 73.0
28 86 1.0
28 88 3.0
28 92 29.0
28 93 53.0
28 94 226.0
28 95 155.0
28 96 7.0
28 97 4.0
28 98 3.0
28 102 15.0
28 103 1.0
28 104 65.0
28 105 204.0
28 106 9.0
28 107 15.0
28 114 5.0
28 115 3.0
28 116 245.0
28 117 10.0
28 118 14.0
28 127 12.0
28 128 119.0
28 129 1.0
28 140 36.0
28 141 104.0
28 170 1.0
28 194 2.0
28 195 6.0
28 197 7.0
28 198 1.0
28 203 8.0
28 204 37.0
28 205 22.0
28 206 17.0
28 214 20.0
28 215 54.0
28 216 33.0
28 217 8.0
28 224 1.0
28 225 46.0
28 226 105.0
28 237 1.0
28 238 374.0
28 239 38.0
28 249 189.0
28 250 36.0
28 251 10.0
28 262 12.0
28 263 5.0
28 264 2.0
28 274 1.0
28 275 1.0
28 277 50.0
28 284 2.0
28 348 1.0
28 358 1.0
28 367 2.0
28 370 3.0
28 378 1.0
28 379 6.0
28 380 53.0
28 381 2.0
28 383 2.0
28 391 2.0
28 392 181.0
28 393 3.0
28 403 4.0
28 404 253.0
28 416 65.0
28 428 8.0
28 511 5.0
28 523 8.0
28 526 2.0
28 548 82.0
28 560 240.0
28 573 1.0
28 653 3.0
28 704 1.0
29 30 152.0
29 31 1.0
29 38 9.0
29 39 4.0
29 77 113.0
29 78 100.0
29 80 3.0
29 81 68.0
29 82 5.0
29 83 2.0
29 84 78.0
29 85 213.0
29 86 12.0
29 87 23.0
29 88 118.0
29 89 17.0
29 92 22.0
29 93 102.0
29 94 369.0
29 95 96.0
29 96 22.0
29 97 134.0
29 98 46.0
29 99 2.0
29 102 12.0
29 103 34.0
29 104 19.0
29 105 1213.0
29 106 17.0
29 107 20.0
29 108 1.0
29 113 3.0
29 114 56.0
29 115 57.0
29 116 2771.0
29 117 23.0
29 118 12.0
29 119 2.0
29 138 1.0
29 148 2.0
29 161 2.0
29 168 1.0
29 169 11.0
29 170 11.0
29 188 3.0
29 196 1.0
29 197 1.0
29 198 3.0
29 200 6.0
29 204 21.0
29 205 7.0
29 206 9.0
29 207 3.0
29 208 9.0
29 213 18.0
29 214 13.0
29 215 9.0
29 216 16.0
29 217 7.0
29 218 1.0
29 224 34.0
29 225 3.0
29 226 93.0
29 227 13.0
29 237 8.0
29 238 2967.0
29 239 68.0
29 247 1.0
29 248 11.0
29 249 1330.0
29 250 196.0
29 251 126.0
29 259 2.0
29 261 13.0
29 262 137.0
29 263 29.0
29 264 12.0
29 272 4.0
29 273 18.0
29 274 54.0
29 275 4.0
29 277 2.0
29 283 2.0
29 284 28.0
29 285 19.0
29 293 2.0
29 294 10.0
29 303 2.0
29 304 4.0
29 312 2.0
29 313 2.0
29 329 6.0
29 348 1.0
29 357 9.0
29 358 19.0
29 359 1.0
29 367 20.0
29 368 47.0
29 369 50.0
29 370 6.0
29 377 4.0
29 378 8.0
29 379 12.0
29 380 12.0
29 381 11.0
29 382 1.0
29 389 2.0
29 390 1.0
29 391 6.0
29 392 1071.0
29 393 25.0
29 402 1.0
29 403 1.0
29 404 1803.0
29 406 1.0
29 407 3.0
29 413 1.0
29 414 2.0
29 416 94.0
29 417 17.0
29 424 2.0
29 425 1.0
29 427 3.0
29 435 1.0
29 436 2.0
29 437 1.0
29 438 1.0
29 439 1.0
29 446 1.0
29 447 3.0
29 448 1.0
29 453 1.0
29 455 2.0
29 456 1.0
29 464 1.0
29 480 12.0
29 481 1.0
29 489 2.0
29 490 14.0
29 500 13.0
29 511 5.0
29 513 1.0
29 522 1.0
29 523 13.0
29 524 3.0
29 526 1.0
29 539 1.0
29 540 1.0
29 541 1.0
29 542 1.0
29 548 34.0
29 551 1.0
29 560 971.0
29 561 11.0
29 562 6.0
29 563 3.0
29 569 1.0
29 570 2.0
29 571 7.0
29 573 4.0
29 580 1.0
29 654 1.0
29 678 1.0
29 682 1.0
29 691 3.0
29 721 1.0
30 31 14.0
30 39 13.0
30 40 3.0
30 45 6.0
30 46 2.0
30 77 1.0
30 78 5.0
30 80 6.0
30 81 38.0
30 82 20.0
30 83 2.0
30 84 6.0
30 85 4.0
30 86 38.0
30 87 5.0
30 88 71.0
30 89 45.0
30 92 7.0
30 93 22.0
30 94 31.0
30 95 18.0
30 96 42.0
30 97 143.0
30 98 2.0
30 102 1.0
30 103 8.0
30 104 14.0
30 105 9.0
30 106 101.0
30 107 1.0
30 113 1.0
30 114 9.0
30 115 10.0
30 116 213.0
30 117 187.0
30 118 8.0
30 127 5.0
30 128 1.0
30 129 7.0
30 130 4.0
30 141 2.0
30 158 1.0
30 161 57.0
30 162 2.0
30 169 25.0
30 170 152.0
30 182 2.0
30 195 1.0
30 196 1.0
30 197 5.0
30 198 3.0
30 199 6.0
30 200 8.0
30 204 10.0
30 205 1.0
30 207 3.0
30 208 40.0
30 213 1.0
30 214 27.0
30 215 2.0
30 216 3.0
30 217 5.0
30 218 1.0
30 224 1.0
30 225 11.0
30 238 915.0
30 239 116.0
30 249 1.0
30 250 7.0
30 251 104.0
30 252 56.0
30 253 1.0
30 254 3.0
30 260 2.0
30 261 18.0
30 262 218.0
30 263 33.0
30 264 7.0
30 265 6.0
30 273 15.0
30 274 468.0
30 275 21.0
30 277 3.0
30 283 3.0
30 284 12.0
30 285 260.0
30 286 3.0
30 293 3.0
30 294 40.0
30 295 2.0
30 297 1.0
30 303 15.0
30 304 8.0
30 305 4.0
30 312 1.0
30 313 2.0
30 316 1.0
30 321 1.0
30 324 1.0
30 336 1.0
30 341 1.0
30 356 1.0
30 367 20.0
30 369 2.0
30 370 5.0
30 378 8.0
30 379 26.0
30 380 50.0
30 381 24.0
30 382 19.0
30 383 8.0
30 391 16.0
30 392 735.0
30 393 59.0
30 394 18.0
30 395 1.0
30 402 1.0
30 403 3.0
30 404 813.0
30 405 28.0
30 406 1.0
30 407 6.0
30 413 1.0
30 414 3.0
30 415 12.0
30 416 116.0
30 417 5.0
30 418 2.0
30 419 4.0
30 420 3.0
30 424 1.0
30 425 1.0
30 426 1.0
30 427 20.0
30 428 1.0
30 429 2.0
30 431 1.0
30 435 5.0
30 436 14.0
30 437 12.0
30 438 5.0
30 446 1.0
30 447 2.0
30 453 1.0
30 455 6.0
30 462 1.0
30 479 1.0
30 480 1.0
30 483 1.0
30 485 1.0
30 489 7.0
30 492 2.0
30 493 1.0
30 494 3.0
30 500 7.0
30 501 1.0
30 502 11.0
30 503 3.0
30 511 12.0
30 513 3.0
30 514 33.0
30 516 1.0
30 522 8.0
30 524 1.0
30 525 4.0
30 526 10.0
30 527 7.0
30 536 1.0
30 537 1.0
30 538 42.0
30 539 28.0
30 548 77.0
30 549 6.0
30 551 1.0
30 557 1.0
30 558 2.0
30 559 2.0
30 560 54.0
30 561 13.0
30 562 3.0
30 563 1.0
30 569 1.0
30 570 6.0
30 573 1.0
30 580 8.0
30 583 2.0
30 591 5.0
30 592 1.0
30 593 1.0
30 631 1.0
30 634 7.0
30 635 1.0
30 636 1.0
30 640 2.0
30 644 5.0
30 645 1.0
30 646 3.0
30 653 2.0
30 655 18.0
30 656 2.0
30 657 3.0
30 667 3.0
30 669 5.0
30 678 1.0
30 679 1.0
30 681 1.0
30 682 1.0
30 691 8.0
30 694 2.0
30 703 1.0
30 715 1.0
30 764 3.0
30 765 3.0
30 773 1.0
30 783 26.0
30 785 3.0
30 794 3.0
30 795 27.0
30 797 3.0
30 806 3.0
30 807 6.0
30 818 2.0
30 819 5.0
30 880 3.0
30 908 2.0
30 909 22.0
30 918 1.0
30 992 23.0
30 1049 10.0
31 32 5.0
31 39 14.0
31 40 15.0
31 44 1.0
31 46 4.0
31 77 1.0
31 78 7.0
31 82 1.0
31 84 6.0
31 86 23.0
31 87 6.0
31 88 7.0
31 89 4.0
31 95 4.0
31 96 34.0
31 97 7.0
31 98 1.0
31 104 4.0
31 105 6.0
31 106 7.0
31 107 1.0
31 115 2.0
31 117 2.0
31 118 7.0
31 128 1.0
31 129 7.0
31 130 5.0
31 195 1.0
31 204 3.0
31 214 19.0
31 217 2.0
31 225 7.0
31 228 3.0
31 239 6.0
31 240 3.0
31 250 1.0
31 251 5.0
31 252 6.0
31 262 1.0
31 274 1.0
31 393 4.0
31 404 1.0
31 405 2.0
31 406 1.0
31 416 5.0
31 417 3.0
31 427 1.0
31 428 1.0
31 558 2.0
31 559 2.0
31 560 2.0
31 561 1.0
31 690 1.0
31 691 1.0
32 80 1.0
32 81 4.0
32 86 4.0
32 88 2.0
32 89 4.0
32 95 5.0
32 96 6.0
32 97 12.0
32 98 2.0
32 104 2.0
32 107 2.0
32 115 1.0
32 118 2.0
32 214 4.0
32 228 1.0
32 239 1.0
32 369 1.0
33 88 1.0
33 97 1.0
33 98 4.0
33 104 2.0
33 198 1.0
33 199 1.0
33 370 1.0
33 502 1.0
33 764 1.0
33 880 1.0
33 972 1.0
37 38 370.0
37 39 34.0
37 40 1.0
37 44 280.0
37 45 10.0
37 46 1.0
37 77 1.0
37 78 3.0
37 84 2.0
37 85 14.0
37 86 3.0
37 87 2.0
37 92 11.0
37 93 18.0
37 94 24.0
37 95 13.0
37 96 9.0
37 97 1.0
37 102 6.0
37 104 35.0
37 105 5.0
37 106 7.0
37 107 2.0
37 114 4.0
37 115 2.0
37 116 31.0
37 117 4.0
37 118 2.0
37 127 18.0
37 128 139.0
37 129 1.0
37 140 42.0
37 141 115.0
37 159 1.0
37 161 4.0
37 168 42.0
37 169 41.0
37 170 7.0
37 203 1.0
37 204 5.0
37 205 4.0
37 206 4.0
37 207 2.0
37 214 2.0
37 215 2.0
37 216 3.0
37 225 31.0
37 226 3.0
37 227 5.0
37 235 1.0
37 237 3.0
37 238 3.0
37 239 5.0
37 249 126.0
37 250 33.0
37 251 3.0
37 262 5.0
37 263 11.0
37 264 2.0
37 274 133.0
37 275 1.0
37 277 1.0
37 283 1.0
37 284 110.0
37 285 4.0
37 293 2.0
37 294 33.0
37 295 5.0
37 303 3.0
37 304 16.0
37 305 3.0
37 312 1.0
37 313 6.0
37 335 1.0
37 345 1.0
37 355 1.0
37 358 1.0
37 366 1.0
37 367 2.0
37 369 3.0
37 378 1.0
37 379 4.0
37 380 1.0
37 392 22.0
37 404 293.0
37 414 1.0
37 415 1.0
37 416 124.0
37 417 2.0
37 427 3.0
37 428 2.0
37 429 1.0
37 436 1.0
37 437 1.0
37 439 1.0
37 446 2.0
37 447 3.0
37 455 3.0
37 456 2.0
37 463 3.0
37 464 4.0
37 470 1.0
37 489 1.0
37 499 1.0
37 500 1.0
37 511 3.0
37 522 1.0
37 523 1.0
37 536 1.0
37 548 37.0
37 551 1.0
37 560 55.0
37 561 1.0
37 573 1.0
37 580 1.0
37 640 1.0
37 691 1.0
37 701 1.0
37 704 1.0
37 715 1.0
38 39 40.0
38 40 2.0
38 43 1.0
38 44 290.0
38 45 10.0
38 46 2.0
38 77 5.0
38 78 6.0
38 84 5.0
38 85 18.0
38 86 2.0
38 88 1.0
38 94 32.0
38 95 1.0
38 97 1.0
38 104 4.0
38 105 2.0
38 106 2.0
38 114 2.0
38 116 2377.0
38 117 96.0
38 118 3.0
38 127 1.0
38 128 188.0
38 129 22.0
38 130 6.0
38 140 33.0
38 141 152.0
38 150 1.0
38 168 4.0
38 170 2.0
38 175 6.0
38 181 3.0
38 204 5.0
38 205 4.0
38 214 1.0
38 215 1.0
38 226 1.0
38 228 3.0
38 237 1.0
38 238 2.0
38 239 16.0
38 249 2.0
38 250 2453.0
38 251 66.0
38 252 5.0
38 260 7.0
38 261 12.0
38 262 141.0
38 263 729.0
38 264 322.0
38 266 1.0
38 272 14.0
38 273 3.0
38 274 11.0
38 275 2.0
38 283 85.0
38 284 4.0
38 285 1.0
38 286 1.0
38 288 3.0
38 293 18.0
38 294 11.0
38 297 2.0
38 298 1.0
38 303 7.0
38 304 11.0
38 305 1.0
38 312 19.0
38 313 4.0
38 314 1.0
38 320 1.0
38 390 3.0
38 392 1.0
38 395 2.0
38 402 10.0
38 404 1180.0
38 405 5.0
38 407 9.0
38 413 1.0
38 414 4.0
38 415 17.0
38 416 199.0
38 417 2.0
38 418 1.0
38 419 7.0
38 420 1.0
38 424 1.0
38 425 472.0
38 426 1.0
38 428 7.0
38 429 1.0
38 430 1.0
38 435 5.0
38 436 42.0
38 437 2.0
38 438 3.0
38 439 13.0
38 440 1.0
38 445 10.0
38 446 11.0
38 447 22.0
38 448 12.0
38 449 1.0
38 454 31.0
38 455 1.0
38 456 2.0
38 462 1.0
38 522 3.0
38 527 1.0
38 528 2.0
38 539 6.0
38 540 46.0
38 541 69.0
38 542 33.0
38 548 1.0
38 551 23.0
38 560 204.0
38 561 5.0
38 562 8.0
38 563 77.0
38 567 3.0
38 568 28.0
38 569 486.0
38 570 242.0
38 571 5.0
38 573 115.0
38 577 1.0
38 578 2.0
38 579 41.0
38 580 263.0
38 581 104.0
38 582 134.0
38 583 96.0
38 589 12.0
38 590 1.0
38 591 37.0
38 592 11.0
38 598 12.0
38 599 2.0
38 600 1.0
38 607 1.0
38 631 1.0
38 641 1.0
38 652 2.0
38 669 1.0
38 670 1.0
38 672 2.0
38 679 1.0
38 680 5.0
38 682 2.0
38 683 1.0
38 684 3.0
38 691 1.0
38 692 2.0
38 693 1.0
38 694 2.0
38 697 2.0
38 698 35.0
38 699 1.0
38 704 10.0
38 709 1.0
38 710 55.0
38 714 2.0
38 715 34.0
38 721 33.0
38 722 16.0
38 723 7.0
38 724 2.0
38 730 2.0
38 731 70.0
38 732 290.0
38 741 76.0
38 742 1.0
38 784 1.0
38 785 1.0
38 797 1.0
38 803 1.0
38 807 3.0
38 814 1.0
38 820 4.0
38 835 6.0
38 840 17.0
38 846 1.0
38 857 7.0
38 864 3.0
38 929 1.0
38 1019 1.0
38 1020 1.0
39 40 48.0
39 44 3.0
39 45 968.0
39 46 15.0
39 77 1.0
39 80 1.0
39 81 4.0
39 82 44.0
39 85 1.0
39 86 1.0
39 87 1.0
39 88 27.0
39 89 1.0
39 93 1.0
39 94 5.0
39 95 26.0
39 96 7.0
39 97 69.0
39 104 2.0
39 105 11.0
39 106 6.0
39 107 1.0
39 114 1.0
39 115 6.0
39 116 57.0
39 117 1034.0
39 128 12.0
39 129 1085.0
39 130 28.0
39 140 4.0
39 141 473.0
39 150 2.0
39 158 1.0
39 161 4.0
39 168 4.0
39 169 3.0
39 170 7.0
39 175 2.0
39 177 1.0
39 179 3.0
39 181 3.0
39 182 1.0
39 197 2.0
39 206 2.0
39 214 3.0
39 215 1.0
39 216 2.0
39 217 3.0
39 228 9.0
39 238 24.0
39 239 147.0
39 249 4.0
39 250 677.0
39 251 486.0
39 252 45.0
39 260 15.0
39 261 22.0
39 262 451.0
39 263 237.0
39 264 154.0
39 272 5.0
39 273 13.0
39 274 24.0
39 275 11.0
39 283 16.0
39 284 8.0
39 285 11.0
39 286 2.0
39 287 1.0
39 288 1.0
39 293 6.0
39 294 6.0
39 295 2.0
39 297 1.0
39 303 1.0
39 304 9.0
39 305 6.0
39 312 11.0
39 313 7.0
39 314 4.0
39 321 1.0
39 341 1.0
39 350 1.0
39 360 2.0
39 370 4.0
39 379 1.0
39 381 2.0
39 382 2.0
39 390 3.0
39 391 1.0
39 392 2.0
39 393 44.0
39 395 2.0
39 402 4.0
39 404 855.0
39 405 24.0
39 406 8.0
39 407 5.0
39 414 3.0
39 415 29.0
39 416 224.0
39 417 14.0
39 418 1.0
39 419 3.0
39 420 2.0
39 425 248.0
39 426 2.0
39 427 12.0
39 428 3.0
39 429 1.0
39 434 1.0
39 435 50.0
39 436 118.0
39 437 21.0
39 438 19.0
39 439 27.0
39 445 28.0
39 446 34.0
39 447 108.0
39 448 25.0
39 449 1.0
39 454 61.0
39 455 16.0
39 456 18.0
39 462 2.0
39 463 9.0
39 493 2.0
39 502 1.0
39 503 2.0
39 513 2.0
39 516 1.0
39 522 3.0
39 536 1.0
39 539 1.0
39 540 20.0
39 541 34.0
39 542 20.0
39 546 2.0
39 548 3.0
39 549 1.0
39 551 28.0
39 558 1.0
39 559 1.0
39 560 191.0
39 561 61.0
39 562 15.0
39 563 23.0
39 568 5.0
39 569 551.0
39 570 75.0
39 571 21.0
39 572 1.0
39 573 36.0
39 577 4.0
39 578 8.0
39 579 41.0
39 580 342.0
39 581 38.0
39 582 38.0
39 583 45.0
39 588 4.0
39 589 34.0
39 590 12.0
39 591 128.0
39 592 6.0
39 597 2.0
39 598 13.0
39 599 5.0
39 600 4.0
39 607 3.0
39 627 1.0
39 631 2.0
39 670 1.0
39 680 1.0
39 682 4.0
39 688 2.0
39 691 22.0
39 693 1.0
39 697 6.0
39 698 26.0
39 699 4.0
39 703 3.0
39 704 4.0
39 710 33.0
39 711 1.0
39 713 1.0
39 715 5.0
39 721 66.0
39 722 124.0
39 723 5.0
39 730 2.0
39 731 38.0
39 732 322.0
39 733 2.0
39 741 63.0
39 803 1.0
39 814 1.0
39 818 1.0
39 820 2.0
39 821 1.0
39 829 1.0
39 835 5.0
39 836 4.0
39 837 3.0
39 839 1.0
39 840 1.0
39 857 57.0
39 858 1.0
39 863 4.0
39 864 7.0
39 1002 1.0
40 45 6.0
40 46 47.0
40 81 4.0
40 82 23.0
40 84 2.0
40 87 1.0
40 88 9.0
40 89 2.0
40 95 2.0
40 96 2.0
40 97 31.0
40 104 1.0
40 105 3.0
40 106 1.0
40 107 1.0
40 115 3.0
40 116 3.0
40 117 8.0
40 128 1.0
40 129 36.0
40 141 1.0
40 150 1.0
40 197 1.0
40 214 1.0
40 238 1.0
40 239 5.0
40 249 1.0
40 250 13.0
40 251 8.0
40 252 1.0
40 261 1.0
40 262 16.0
40 263 4.0
40 264 4.0
40 274 1.0
40 275 1.0
40 393 4.0
40 404 18.0
40 415 1.0
40 416 6.0
40 417 1.0
40 427 1.0
40 560 5.0
40 561 4.0
40 562 1.0
40 571 3.0
40 573 1.0
40 682 1.0
40 691 3.0
40 703 1.0
43 117 1.0
43 127 1.0
43 128 6.0
43 250 1.0
43 262 9.0
43 381 1.0
43 415 3.0
43 416 5.0
44 78 3.0
44 85 13.0
44 86 1.0
44 94 21.0
44 95 1.0
44 104 2.0
44 106 1.0
44 114 1.0
44 116 10.0
44 117 36.0
44 118 12.0
44 127 16.0
44 128 223.0
44 129 4.0
44 130 4.0
44 140 52.0
44 141 177.0
44 204 5.0
44 205 4.0
44 215 1.0
44 217 8.0
44 226 1.0
44 228 3.0
44 237 1.0
44 239 9.0
44 250 44.0
44 251 18.0
44 262 34.0
44 263 62.0
44 264 11.0
44 274 3.0
44 275 3.0
44 393 3.0
44 404 24.0
44 416 22.0
44 418 1.0
44 419 1.0
44 420 1.0
44 426 1.0
44 435 1.0
44 462 1.0
44 560 19.0
44 569 1.0
44 570 3.0
44 571 1.0
44 580 3.0
44 722 1.0
44 857 1.0
45 94 3.0
45 95 40.0
45 106 6.0
45 116 1.0
45 117 89.0
45 118 4.0
45 128 9.0
45 129 1009.0
45 140 15.0
45 141 505.0
45 158 1.0
45 168 4.0
45 169 3.0
45 170 1.0
45 175 1.0
45 179 1.0
45 181 3.0
45 182 1.0
45 217 1.0
45 224 3.0
45 238 33.0
45 239 17.0
45 250 86.0
45 251 31.0
45 252 6.0
45 260 2.0
45 261 2.0
45 262 81.0
45 263 25.0
45 264 24.0
45 272 2.0
45 273 6.0
45 275 5.0
45 283 11.0
45 284 5.0
45 285 1.0
45 286 1.0
45 288 1.0
45 293 4.0
45 294 4.0
45 295 3.0
45 297 1.0
45 304 8.0
45 305 5.0
45 312 8.0
45 313 5.0
45 314 3.0
45 320 1.0
45 321 1.0
45 393 8.0
45 395 3.0
45 402 2.0
45 404 437.0
45 405 1.0
45 406 3.0
45 407 4.0
45 414 4.0
45 415 6.0
45 416 85.0
45 419 6.0
45 420 2.0
45 425 217.0
45 426 2.0
45 427 1.0
45 428 4.0
45 429 3.0
45 435 48.0
45 436 96.0
45 437 17.0
45 438 16.0
45 439 21.0
45 445 22.0
45 446 30.0
45 447 97.0
45 448 19.0
45 454 56.0
45 455 17.0
45 456 16.0
45 462 2.0
45 463 8.0
45 516 3.0
45 539 1.0
45 540 12.0
45 541 25.0
45 542 17.0
45 546 1.0
45 551 23.0
45 557 1.0
45 558 3.0
45 559 3.0
45 560 75.0
45 561 21.0
45 562 11.0
45 563 17.0
45 568 3.0
45 569 516.0
45 570 28.0
45 571 10.0
45 573 21.0
45 577 1.0
45 578 3.0
45 579 31.0
45 580 286.0
45 581 22.0
45 582 24.0
45 583 37.0
45 588 2.0
45 589 31.0
45 590 12.0
45 591 122.0
45 592 5.0
45 597 2.0
45 598 16.0
45 599 6.0
45 600 2.0
45 607 4.0
45 670 1.0
45 682 3.0
45 688 1.0
45 691 6.0
45 692 1.0
45 697 3.0
45 698 17.0
45 699 4.0
45 703 2.0
45 704 2.0
45 710 21.0
45 711 1.0
45 713 1.0
45 715 3.0
45 721 65.0
45 722 121.0
45 723 1.0
45 730 2.0
45 731 40.0
45 732 316.0
45 733 1.0
45 741 56.0
45 803 1.0
45 818 1.0
45 829 1.0
45 835 1.0
45 836 3.0
45 837 2.0
45 839 1.0
45 840 1.0
45 857 56.0
45 858 1.0
45 863 5.0
45 864 5.0
46 80 3.0
46 81 6.0
46 82 32.0
46 84 1.0
46 86 4.0
46 87 3.0
46 88 18.0
46 89 1.0
46 93 1.0
46 94 2.0
46 95 4.0
46 96 11.0
46 97 56.0
46 104 1.0
46 105 6.0
46 106 2.0
46 107 1.0
46 115 5.0
46 116 10.0
46 197 4.0
46 204 1.0
46 214 7.0
46 225 1.0
46 249 1.0
46 250 10.0
46 262 6.0
46 263 3.0
46 264 3.0
46 416 2.0
46 560 2.0
47 48 11.0
47 58 1.0
47 124 2.0
47 136 9.0
47 137 33.0
47 149 1.0
47 235 1.0
47 246 1.0
47 247 10.0
47 258 6.0
47 259 28.0
47 329 1.0
47 353 4.0
47 355 2.0
47 365 9.0
47 376 1.0
47 377 27.0
47 389 7.0
47 401 1.0
47 488 1.0
47 497 2.0
47 498 2.0
47 507 2.0
47 508 12.0
47 509 8.0
47 521 19.0
47 522 1.0
47 631 2.0
47 640 2.0
47 650 2.0
47 662 2.0
47 663 1.0
47 754 1.0
47 778 1.0
47 791 2.0
47 895 1.0
48 58 162.0
48 59 96.0
48 66 4.0
48 67 4.0
48 136 1.0
48 137 234.0
48 148 3.0
48 149 4.0
48 150 147.0
48 161 2.0
48 176 1.0
48 223 3.0
48 235 9.0
48 246 2.0
48 247 37.0
48 249 1.0
48 257 4.0
48 258 14.0
48 259 196.0
48 260 133.0
48 262 1.0
48 264 1.0
48 271 2.0
48 272 33.0
48 273 24.0
48 274 11.0
48 276 1.0
48 284 2.0
48 285 13.0
48 286 1.0
48 296 1.0
48 304 3.0
48 313 2.0
48 320 1.0
48 329 2.0
48 344 1.0
48 353 11.0
48 354 4.0
48 355 8.0
48 365 32.0
48 377 126.0
48 379 1.0
48 388 1.0
48 389 66.0
48 390 45.0
48 393 1.0
48 402 103.0
48 403 1.0
48 406 1.0
48 413 4.0
48 424 7.0
48 425 5.0
48 427 4.0
48 437 4.0
48 448 1.0
48 488 2.0
48 498 4.0
48 507 18.0
48 508 30.0
48 509 104.0
48 521 92.0
48 522 76.0
48 526 1.0
48 533 2.0
48 534 2.0
48 535 1.0
48 546 16.0
48 547 1.0
48 550 1.0
48 562 1.0
48 631 12.0
48 640 4.0
48 650 49.0
48 652 3.0
48 661 1.0
48 662 2.0
48 663 24.0
48 675 2.0
48 676 8.0
48 688 9.0
48 690 1.0
48 691 1.0
48 700 2.0
48 703 1.0
48 704 1.0
48 754 1.0
48 767 2.0
48 769 1.0
48 778 9.0
48 791 21.0
48 804 8.0
48 816 7.0
48 828 2.0
48 838 1.0
48 895 1.0
48 914 1.0
48 924 1.0
48 925 1.0
48 945 1.0
49 58 10.0
49 59 8.0
49 137 2.0
49 138 6.0
49 149 27.0
49 150 1.0
49 247 1.0
49 259 23.0
49 260 5.0
49 272 2.0
49 294 1.0
49 377 14.0
49 389 25.0
49 390 1.0
49 401 1.0
49 426 1.0
49 427 1.0
49 428 1.0
49 436 1.0
49 507 2.0
49 508 3.0
49 509 21.0
49 521 11.0
49 522 2.0
49 631 6.0
49 640 4.0
49 650 19.0
49 663 2.0
49 769 1.0
49 791 2.0
49 895 1.0
49 981 1.0
54 132 2.0
54 143 15.0
54 144 26.0
54 242 3.0
54 254 21.0
54 265 2.0
54 266 30.0
54 351 2.0
54 360 1.0
54 361 7.0
54 371 1.0
54 372 23.0
54 384 12.0
54 385 7.0
54 393 1.0
54 397 4.0
54 516 5.0
54 517 1.0
54 659 1.0
55 63 33.0
55 132 2.0
55 142 1.0
55 143 7.0
55 144 52.0
55 153 13.0
55 154 7.0
55 230 2.0
55 238 1.0
55 241 3.0
55 242 1.0
55 254 21.0
55 255 9.0
55 265 9.0
55 266 27.0
55 267 2.0
55 277 4.0
55 278 8.0
55 296 1.0
55 297 2.0
55 298 2.0
55 341 1.0
55 360 3.0
55 361 2.0
55 371 4.0
55 372 40.0
55 384 12.0
55 385 14.0
55 386 1.0
55 395 7.0
55 396 3.0
55 397 1.0
55 407 5.0
55 408 1.0
55 409 1.0
55 418 3.0
55 419 5.0
55 420 5.0
55 430 2.0
55 440 2.0
55 494 1.0
55 505 1.0
55 516 13.0
55 517 32.0
55 518 17.0
55 527 5.0
55 529 1.0
55 539 1.0
55 542 1.0
55 553 1.0
56 63 15.0
56 70 2.0
56 71 5.0
56 143 1.0
56 144 2.0
56 145 6.0
56 164 2.0
56 241 1.0
56 255 9.0
56 267 7.0
56 268 4.0
56 360 1.0
56 371 1.0
56 372 2.0
56 385 5.0
56 386 2.0
57 137 19.0
57 148 8.0
57 149 8.0
57 235 5.0
57 247 14.0
57 259 20.0
57 260 1.0
57 355 1.0
57 356 1.0
57 365 3.0
57 377 9.0
57 378 1.0
57 389 5.0
57 390 1.0
57 401 1.0
57 402 1.0
57 507 2.0
57 508 2.0
57 509 5.0
57 521 16.0
57 522 1.0
57 631 1.0
57 649 1.0
57 663 4.0
57 791 5.0
58 59 131.0
58 66 40.0
58 67 11.0
58 73 2.0
58 104 19.0
58 114 20.0
58 124 3.0
58 137 69.0
58 149 352.0
58 150 249.0
58 158 32.0
58 161 17.0
58 168 1.0
58 169 2.0
58 170 3.0
58 213 12.0
58 223 4.0
58 224 8.0
58 225 7.0
58 235 6.0
58 237 3.0
58 246 10.0
58 247 129.0
58 248 2.0
58 249 1.0
58 257 5.0
58 258 35.0
58 259 98.0
58 260 164.0
58 271 4.0
58 272 133.0
58 273 97.0
58 274 61.0
58 276 2.0
58 277 1.0
58 283 2.0
58 284 7.0
58 285 76.0
58 286 3.0
58 288 1.0
58 294 5.0
58 296 3.0
58 297 1.0
58 304 1.0
58 309 1.0
58 313 1.0
58 336 2.0
58 345 1.0
58 353 4.0
58 355 2.0
58 356 1.0
58 365 14.0
58 375 7.0
58 376 4.0
58 377 57.0
58 378 44.0
58 379 11.0
58 380 1.0
58 388 6.0
58 389 125.0
58 390 61.0
58 392 1.0
58 401 89.0
58 402 162.0
58 403 2.0
58 404 1.0
58 406 6.0
58 413 11.0
58 424 9.0
58 425 7.0
58 426 5.0
58 427 10.0
58 428 3.0
58 429 1.0
58 430 1.0
58 435 2.0
58 436 3.0
58 437 9.0
58 438 2.0
58 439 1.0
58 447 1.0
58 448 2.0
58 451 1.0
58 452 1.0
58 488 2.0
58 497 12.0
58 507 28.0
58 508 33.0
58 509 115.0
58 511 7.0
58 520 1.0
58 521 129.0
58 522 184.0
58 523 1.0
58 533 1.0
58 534 5.0
58 535 4.0
58 541 1.0
58 542 1.0
58 546 17.0
58 547 3.0
58 548 1.0
58 550 3.0
58 560 2.0
58 561 2.0
58 562 3.0
58 579 1.0
58 580 2.0
58 589 1.0
58 590 1.0
58 591 1.0
58 592 1.0
58 631 48.0
58 640 22.0
58 641 1.0
58 649 2.0
58 650 53.0
58 652 8.0
58 653 7.0
58 662 3.0
58 663 10.0
58 664 1.0
58 675 2.0
58 676 6.0
58 678 1.0
58 688 13.0
58 690 3.0
58 691 1.0
58 700 2.0
58 703 3.0
58 704 3.0
58 767 3.0
58 769 6.0
58 778 7.0
58 791 9.0
58 794 1.0
58 803 1.0
58 804 6.0
58 806 1.0
58 816 11.0
58 828 2.0
58 838 1.0
58 895 1.0
58 914 1.0
58 924 1.0
58 925 2.0
58 945 1.0
59 67 4.0
59 68 2.0
59 137 16.0
59 149 96.0
59 150 275.0
59 235 1.0
59 247 16.0
59 249 1.0
59 252 1.0
59 258 2.0
59 259 28.0
59 260 192.0
59 261 1.0
59 272 52.0
59 273 3.0
59 274 6.0
59 277 2.0
59 283 1.0
59 284 1.0
59 288 1.0
59 294 8.0
59 304 6.0
59 312 1.0
59 313 6.0
59 320 1.0
59 322 1.0
59 353 1.0
59 365 4.0
59 377 11.0
59 378 3.0
59 379 1.0
59 380 1.0
59 389 52.0
59 390 99.0
59 401 52.0
59 402 156.0
59 403 3.0
59 405 1.0
59 406 15.0
59 413 2.0
59 415 2.0
59 416 2.0
59 417 3.0
59 418 3.0
59 419 2.0
59 420 2.0
59 424 1.0
59 426 4.0
59 427 31.0
59 428 15.0
59 436 1.0
59 437 7.0
59 438 1.0
59 464 5.0
59 497 2.0
59 507 19.0
59 508 21.0
59 509 41.0
59 511 1.0
59 521 52.0
59 522 138.0
59 533 3.0
59 534 1.0
59 537 1.0
59 546 25.0
59 547 1.0
59 549 1.0
59 559 2.0
59 560 1.0
59 562 15.0
59 569 1.0
59 570 1.0
59 571 1.0
59 631 25.0
59 640 9.0
59 650 12.0
59 652 5.0
59 653 1.0
59 663 3.0
59 664 1.0
59 675 2.0
59 676 10.0
59 688 19.0
59 700 2.0
59 703 1.0
59 704 1.0
59 769 1.0
59 778 1.0
59 791 2.0
59 792 1.0
59 803 2.0
59 804 12.0
59 816 17.0
59 828 2.0
59 913 1.0
59 914 1.0
59 924 2.0
59 925 1.0
62 63 6.0
62 132 1.0
62 143 1.0
62 144 8.0
62 153 266.0
62 154 53.0
62 155 1.0
62 230 6.0
62 242 10.0
62 252 3.0
62 253 13.0
62 254 223.0
62 255 21.0
62 265 18.0
62 266 292.0
62 267 3.0
62 277 6.0
62 278 4.0
62 287 7.0
62 288 11.0
62 297 1.0
62 298 1.0
62 360 3.0
62 361 4.0
62 371 4.0
62 372 120.0
62 373 1.0
62 381 1.0
62 382 1.0
62 383 1.0
62 384 107.0
62 385 38.0
62 386 2.0
62 394 3.0
62 395 42.0
62 396 16.0
62 397 23.0
62 398 3.0
62 405 1.0
62 407 23.0
62 408 13.0
62 416 1.0
62 417 1.0
62 419 3.0
62 420 3.0
62 430 1.0
62 431 2.0
62 440 2.0
62 505 4.0
62 516 74.0
62 517 3.0
62 518 1.0
62 527 14.0
62 528 9.0
62 529 16.0
62 539 1.0
62 540 1.0
62 541 9.0
62 542 9.0
62 549 3.0
62 574 1.0
62 659 1.0
62 672 1.0
62 684 1.0
63 64 9.0
63 70 2.0
63 71 9.0
63 132 1.0
63 133 27.0
63 134 5.0
63 142 2.0
63 143 2.0
63 144 11.0
63 145 8.0
63 153 17.0
63 154 338.0
63 155 6.0
63 164 2.0
63 230 1.0
63 238 1.0
63 242 3.0
63 243 17.0
63 244 17.0
63 253 1.0
63 254 253.0
63 255 163.0
63 256 21.0
63 266 502.0
63 267 38.0
63 268 4.0
63 277 10.0
63 278 31.0
63 290 1.0
63 296 2.0
63 297 1.0
63 298 2.0
63 361 2.0
63 372 180.0
63 383 1.0
63 384 32.0
63 385 82.0
63 386 20.0
63 395 8.0
63 396 51.0
63 397 17.0
63 398 11.0
63 407 11.0
63 408 131.0
63 409 1.0
63 410 1.0
63 418 2.0
63 419 3.0
63 420 8.0
63 430 2.0
63 431 3.0
63 440 4.0
63 516 26.0
63 517 9.0
63 518 2.0
63 527 8.0
63 528 5.0
63 529 3.0
63 530 10.0
63 539 6.0
63 540 4.0
63 541 28.0
63 542 44.0
63 551 2.0
63 659 1.0
63 672 1.0
63 682 8.0
63 684 3.0
64 144 1.0
64 154 11.0
64 155 1.0
64 254 9.0
64 255 2.0
64 266 11.0
64 372 10.0
66 67 6.0
66 73 52.0
66 104 14.0
66 114 15.0
66 137 9.0
66 149 67.0
66 150 214.0
66 158 55.0
66 161 3.0
66 169 2.0
66 170 3.0
66 181 1.0
66 182 1.0
66 213 7.0
66 224 6.0
66 225 2.0
66 237 3.0
66 239 1.0
66 247 7.0
66 248 1.0
66 258 1.0
66 259 34.0
66 260 26.0
66 271 31.0
66 272 166.0
66 273 15.0
66 274 10.0
66 276 1.0
66 283 2.0
66 284 1.0
66 285 9.0
66 286 2.0
66 287 2.0
66 294 3.0
66 295 3.0
66 304 2.0
66 305 1.0
66 313 3.0
66 320 1.0
66 321 1.0
66 340 1.0
66 356 1.0
66 377 2.0
66 378 3.0
66 379 1.0
66 381 1.0
66 389 50.0
66 390 22.0
66 393 1.0
66 401 27.0
66 402 65.0
66 403 1.0
66 405 1.0
66 406 5.0
66 407 5.0
66 408 1.0
66 413 1.0
66 414 40.0
66 415 12.0
66 418 1.0
66 419 1.0
66 420 1.0
66 426 22.0
66 427 10.0
66 428 16.0
66 429 1.0
66 436 16.0
66 437 5.0
66 438 3.0
66 439 3.0
66 446 1.0
66 447 5.0
66 448 3.0
66 449 1.0
66 455 1.0
66 463 1.0
66 494 1.0
66 497 1.0
66 507 16.0
66 508 17.0
66 509 44.0
66 511 1.0
66 521 38.0
66 522 64.0
66 523 2.0
66 534 1.0
66 535 1.0
66 539 2.0
66 541 1.0
66 542 1.0
66 546 1.0
66 547 3.0
66 550 1.0
66 551 2.0
66 558 20.0
66 559 6.0
66 561 2.0
66 562 4.0
66 563 2.0
66 570 1.0
66 571 7.0
66 573 4.0
66 580 3.0
66 581 3.0
66 582 2.0
66 583 1.0
66 590 2.0
66 631 5.0
66 640 3.0
66 646 1.0
66 650 20.0
66 652 1.0
66 663 1.0
66 664 7.0
66 675 3.0
66 676 4.0
66 677 1.0
66 682 1.0
66 687 7.0
66 688 21.0
66 689 2.0
66 690 1.0
66 691 3.0
66 699 6.0
66 700 10.0
66 701 9.0
66 703 3.0
66 704 1.0
66 712 6.0
66 722 3.0
66 723 2.0
66 767 1.0
66 769 4.0
66 778 3.0
66 790 1.0
66 791 9.0
66 803 7.0
66 804 1.0
66 805 1.0
66 816 10.0
66 817 1.0
66 827 4.0
66 828 1.0
66 857 1.0
66 915 3.0
66 916 1.0
66 924 1.0
66 989 1.0
66 998 2.0
66 1046 1.0
66 1052 1.0
67 68 30.0
67 137 12.0
67 149 119.0
67 150 42.0
67 169 2.0
67 170 1.0
67 224 1.0
67 247 4.0
67 248 1.0
67 258 2.0
67 259 35.0
67 260 5.0
67 271 1.0
67 272 11.0
67 283 3.0
67 284 1.0
67 294 7.0
67 377 12.0
67 389 99.0
67 390 7.0
67 401 42.0
67 402 9.0
67 414 1.0
67 426 5.0
67 436 6.0
67 437 1.0
67 438 1.0
67 507 11.0
67 508 11.0
67 509 41.0
67 511 1.0
67 520 1.0
67 521 32.0
67 522 20.0
67 523 1.0
67 558 1.0
67 631 8.0
67 640 13.0
67 649 2.0
67 650 24.0
67 652 1.0
67 663 1.0
67 688 1.0
67 700 1.0
67 767 1.0
67 769 2.0
67 778 2.0
67 791 1.0
67 816 1.0
67 827 1.0
67 924 1.0
68 137 1.0
68 149 21.0
68 150 25.0
68 259 5.0
68 260 5.0
68 272 2.0
68 294 1.0
68 377 1.0
68 389 21.0
68 390 7.0
68 401 3.0
68 402 7.0
68 426 2.0
68 436 2.0
68 507 3.0
68 508 3.0
68 509 6.0
68 521 3.0
68 522 7.0
68 631 1.0
68 640 3.0
68 650 2.0
68 652 1.0
68 769 1.0
68 778 1.0
70 71 2.0
70 154 5.0
70 165 3.0
70 254 3.0
70 255 3.0
70 266 1.0
70 267 2.0
70 372 1.0
70 385 4.0
70 397 1.0
70 398 1.0
70 517 1.0
71 133 67.0
71 134 7.0
71 143 1.0
71 154 68.0
71 155 2.0
71 164 1.0
71 165 1.0
71 244 4.0
71 254 17.0
71 255 13.0
71 256 5.0
71 265 1.0
71 266 190.0
71 267 47.0
71 268 5.0
71 278 156.0
71 287 2.0
71 288 5.0
71 298 3.0
71 360 1.0
71 371 1.0
71 372 3.0
71 384 14.0
71 385 6.0
71 386 1.0
71 396 3.0
71 397 4.0
71 398 5.0
71 405 1.0
71 408 11.0
71 417 1.0
71 420 1.0
71 540 2.0
71 541 9.0
71 542 9.0
71 684 2.0
73 126 1.0
73 137 3.0
73 149 1.0
73 150 117.0
73 158 1755.0
73 160 7.0
73 161 9.0
73 168 1.0
73 169 32.0
73 170 17.0
73 177 13.0
73 181 21.0
73 182 16.0
73 225 1.0
73 237 1.0
73 246 1.0
73 247 5.0
73 257 5.0
73 258 16.0
73 259 3.0
73 260 12.0
73 272 1272.0
73 273 12.0
73 274 1.0
73 283 1654.0
73 284 1131.0
73 285 35.0
73 287 1.0
73 294 1556.0
73 295 198.0
73 303 36.0
73 304 401.0
73 305 151.0
73 312 2.0
73 313 656.0
73 314 30.0
73 320 270.0
73 321 151.0
73 322 13.0
73 327 2.0
73 375 1.0
73 378 2.0
73 389 3.0
73 390 25.0
73 401 2.0
73 402 53.0
73 403 8.0
73 406 4.0
73 407 4.0
73 413 3.0
73 414 12.0
73 415 10.0
73 416 3.0
73 419 4.0
73 424 2.0
73 425 36.0
73 426 75.0
73 427 11.0
73 428 13.0
73 435 4.0
73 436 201.0
73 437 4.0
73 438 1.0
73 439 7.0
73 440 1.0
73 444 11.0
73 446 93.0
73 447 214.0
73 448 25.0
73 449 17.0
73 453 6.0
73 454 2.0
73 455 180.0
73 456 30.0
73 463 194.0
73 464 81.0
73 469 67.0
73 470 27.0
73 507 2.0
73 508 1.0
73 509 3.0
73 511 1.0
73 521 6.0
73 522 60.0
73 535 1.0
73 539 3.0
73 540 1.0
73 541 1.0
73 542 1.0
73 551 2.0
73 558 9.0
73 559 10.0
73 562 3.0
73 570 4.0
73 571 1.0
73 573 2.0
73 579 4.0
73 580 28.0
73 581 1.0
73 582 1.0
73 588 1.0
73 589 4.0
73 590 40.0
73 591 20.0
73 598 3.0
73 599 4.0
73 600 8.0
73 607 1.0
73 631 8.0
73 640 1.0
73 652 3.0
73 653 1.0
73 664 5.0
73 688 1.0
73 690 1.0
73 692 1.0
73 699 3.0
73 700 4.0
73 701 2.0
73 704 1.0
73 711 1.0
73 712 6.0
73 713 1.0
73 714 1.0
73 723 13.0
73 732 2.0
73 741 1.0
73 769 6.0
73 791 2.0
73 803 3.0
73 806 1.0
73 816 1.0
73 818 11.0
73 827 1.0
73 829 11.0
73 839 3.0
77 78 110.0
77 81 2.0
77 84 154.0
77 85 242.0
77 86 4.0
77 87 2.0
77 88 2.0
77 92 8.0
77 93 17.0
77 94 330.0
77 95 25.0
77 96 32.0
77 97 7.0
77 98 1.0
77 103 10.0
77 104 95.0
77 105 6.0
77 106 5.0
77 107 27.0
77 113 10.0
77 114 114.0
77 115 3.0
77 116 2.0
77 117 1.0
77 118 4.0
77 204 12.0
77 206 1.0
77 213 1.0
77 214 1.0
77 215 1.0
77 216 3.0
77 217 2.0
77 226 6.0
77 227 3.0
77 238 5.0
77 239 2.0
77 249 1.0
77 251 1.0
77 277 1.0
77 368 1.0
77 369 2.0
77 370 1.0
77 379 2.0
77 380 4.0
77 381 1.0
77 382 1.0
77 392 5.0
77 404 5.0
77 416 2.0
77 511 1.0
77 523 1.0
77 526 1.0
77 548 2.0
77 560 3.0
77 653 1.0
78 81 1.0
78 83 10.0
78 84 95.0
78 85 343.0
78 86 52.0
78 87 24.0
78 88 1.0
78 89 2.0
78 92 27.0
78 93 52.0
78 94 383.0
78 95 53.0
78 96 350.0
78 97 18.0
78 98 4.0
78 99 1.0
78 102 1.0
78 103 8.0
78 104 2.0
78 105 50.0
78 106 10.0
78 107 348.0
78 108 1.0
78 113 5.0
78 114 46.0
78 115 1.0
78 116 12.0
78 117 1.0
78 118 54.0
78 128 1.0
78 130 1.0
78 140 1.0
78 141 1.0
78 188 24.0
78 195 3.0
78 196 5.0
78 204 63.0
78 206 4.0
78 208 1.0
78 216 14.0
78 217 5.0
78 218 1.0
78 224 3.0
78 225 2.0
78 226 3.0
78 227 4.0
78 237 3.0
78 238 50.0
78 239 1.0
78 249 6.0
78 348 2.0
78 358 1.0
78 370 10.0
78 379 1.0
78 382 6.0
78 392 42.0
78 404 32.0
78 416 14.0
78 548 2.0
78 560 3.0
79 85 1.0
79 96 14.0
79 97 5.0
79 105 2.0
79 107 9.0
79 118 1.0
79 196 13.0
79 238 2.0
79 392 2.0
79 404 1.0
79 416 1.0
80 81 27.0
80 82 12.0
80 84 1.0
80 87 11.0
80 88 21.0
80 89 5.0
80 95 1.0
80 96 3.0
80 97 18.0
80 98 6.0
80 107 12.0
80 108 4.0
80 118 5.0
80 191 3.0
80 197 7.0
80 206 3.0
80 207 3.0
80 214 1.0
80 215 2.0
80 216 6.0
80 217 1.0
80 224 1.0
80 225 2.0
80 226 3.0
80 227 3.0
80 379 3.0
81 82 45.0
81 84 3.0
81 86 15.0
81 87 24.0
81 88 374.0
81 89 33.0
81 93 1.0
81 94 4.0
81 95 28.0
81 96 6.0
81 97 256.0
81 98 36.0
81 99 22.0
81 103 2.0
81 104 87.0
81 105 9.0
81 106 3.0
81 107 44.0
81 108 4.0
81 113 1.0
81 114 6.0
81 115 9.0
81 117 1.0
81 118 18.0
81 119 6.0
81 130 2.0
81 197 1.0
81 198 10.0
81 204 15.0
81 206 3.0
81 207 20.0
81 214 1.0
81 215 1.0
81 216 20.0
81 217 16.0
81 225 2.0
81 226 3.0
81 227 6.0
81 228 13.0
81 239 7.0
81 240 10.0
81 241 1.0
81 251 1.0
81 357 2.0
81 358 2.0
81 369 2.0
81 370 34.0
81 382 2.0
81 393 10.0
81 404 1.0
81 492 1.0
81 502 4.0
81 513 1.0
81 764 2.0
81 880 2.0
82 83 1.0
82 84 2.0
82 86 15.0
82 87 32.0
82 88 58.0
82 89 11.0
82 95 8.0
82 97 152.0
82 98 11.0
82 99 1.0
82 104 7.0
82 106 2.0
82 107 11.0
82 108 4.0
82 118 58.0
82 130 29.0
82 197 2.0
82 198 2.0
82 200 4.0
82 204 15.0
82 206 13.0
82 207 4.0
82 216 52.0
82 217 1.0
82 226 8.0
82 227 48.0
82 238 16.0
82 239 2.0
82 252 9.0
82 264 1.0
82 277 6.0
82 286 1.0
82 287 2.0
82 297 1.0
82 329 1.0
82 368 1.0
82 369 4.0
82 370 6.0
82 381 1.0
82 392 16.0
82 393 2.0
82 405 4.0
82 416 4.0
82 417 3.0
82 428 1.0
82 480 1.0
82 490 1.0
82 500 1.0
82 502 3.0
82 548 16.0
82 560 17.0
82 655 1.0
82 764 1.0
82 783 1.0
82 795 1.0
82 880 1.0
83 84 2.0
83 85 3.0
83 87 4.0
83 92 5.0
83 93 16.0
83 94 17.0
83 96 1.0
83 104 1.0
83 107 1.0
83 114 1.0
83 115 1.0
83 203 4.0
83 204 2.0
83 214 4.0
83 215 4.0
83 216 1.0
84 85 17.0
84 86 3.0
84 87 136.0
84 88 5.0
84 89 1.0
84 92 10.0
84 93 35.0
84 94 324.0
84 95 43.0
84 96 37.0
84 97 9.0
84 98 3.0
84 103 10.0
84 104 93.0
84 105 74.0
84 106 10.0
84 107 17.0
84 113 9.0
84 114 115.0
84 115 5.0
84 116 73.0
84 117 4.0
84 118 10.0
84 191 1.0
84 197 10.0
84 198 12.0
84 199 5.0
84 203 1.0
84 204 4.0
84 205 1.0
84 206 12.0
84 207 25.0
84 214 16.0
84 215 18.0
84 216 56.0
84 217 2.0
84 224 4.0
84 225 17.0
84 226 12.0
84 227 10.0
84 237 11.0
84 238 77.0
84 239 3.0
84 249 47.0
84 250 4.0
84 251 5.0
84 262 1.0
84 274 1.0
84 277 2.0
84 286 3.0
84 316 1.0
84 324 1.0
84 348 3.0
84 358 8.0
84 359 1.0
84 367 2.0
84 368 3.0
84 369 31.0
84 370 12.0
84 379 4.0
84 380 6.0
84 381 16.0
84 382 7.0
84 383 1.0
84 392 21.0
84 393 4.0
84 404 36.0
84 416 10.0
84 417 5.0
84 428 1.0
84 511 1.0
84 513 2.0
84 523 1.0
84 526 1.0
84 548 3.0
84 560 18.0
84 653 1.0
85 86 4.0
85 87 3.0
85 89 1.0
85 92 14.0
85 93 33.0
85 94 301.0
85 95 43.0
85 96 130.0
85 97 15.0
85 98 1.0
85 102 1.0
85 103 7.0
85 104 33.0
85 105 68.0
85 106 5.0
85 107 112.0
85 108 1.0
85 113 2.0
85 114 66.0
85 115 2.0
85 116 26.0
85 117 2.0
85 118 32.0
85 128 2.0
85 130 2.0
85 140 1.0
85 141 2.0
85 170 4.0
85 188 16.0
85 195 2.0
85 196 1.0
85 203 12.0
85 204 94.0
85 205 90.0
85 206 2.0
85 213 27.0
85 214 9.0
85 215 83.0
85 216 3.0
85 218 1.0
85 224 3.0
85 225 6.0
85 226 80.0
85 235 1.0
85 237 6.0
85 238 66.0
85 239 3.0
85 249 18.0
85 251 2.0
85 254 1.0
85 274 4.0
85 277 2.0
85 285 2.0
85 348 5.0
85 356 8.0
85 358 3.0
85 367 38.0
85 368 9.0
85 369 5.0
85 370 1.0
85 378 1.0
85 379 10.0
85 380 8.0
85 381 3.0
85 382 1.0
85 383 1.0
85 392 59.0
85 393 1.0
85 404 51.0
85 416 14.0
85 417 1.0
85 480 1.0
85 489 9.0
85 499 1.0
85 500 9.0
85 511 10.0
85 524 1.0
85 535 1.0
85 548 6.0
85 557 1.0
85 558 1.0
85 559 1.0
85 560 9.0
85 629 1.0
85 630 1.0
86 87 122.0
86 88 2.0
86 89 2.0
86 94 5.0
86 95 8.0
86 96 327.0
86 97 4.0
86 98 1.0
86 104 20.0
86 105 15.0
86 106 42.0
86 107 340.0
86 114 8.0
86 115 3.0
86 116 8.0
86 118 279.0
86 119 2.0
86 129 2.0
86 130 5.0
86 188 4.0
86 195 2.0
86 196 17.0
86 197 6.0
86 204 227.0
86 205 16.0
86 206 5.0
86 208 1.0
86 213 5.0
86 214 493.0
86 215 97.0
86 216 240.0
86 223 1.0
86 224 3.0
86 225 53.0
86 226 164.0
86 227 138.0
86 228 7.0
86 235 3.0
86 238 106.0
86 239 186.0
86 240 2.0
86 248 2.0
86 249 11.0
86 250 1.0
86 251 4.0
86 252 16.0
86 254 7.0
86 260 1.0
86 262 3.0
86 263 2.0
86 264 3.0
86 265 9.0
86 275 17.0
86 277 13.0
86 329 4.0
86 341 1.0
86 348 7.0
86 358 54.0
86 367 15.0
86 368 56.0
86 369 144.0
86 370 28.0
86 371 1.0
86 377 2.0
86 378 22.0
86 379 47.0
86 380 23.0
86 381 16.0
86 382 12.0
86 383 8.0
86 384 1.0
86 391 5.0
86 392 97.0
86 393 157.0
86 394 11.0
86 395 4.0
86 401 2.0
86 402 2.0
86 403 14.0
86 404 34.0
86 407 14.0
86 414 1.0
86 416 34.0
86 417 51.0
86 428 1.0
86 480 5.0
86 489 4.0
86 490 7.0
86 494 2.0
86 499 2.0
86 500 11.0
86 502 2.0
86 511 4.0
86 513 1.0
86 514 2.0
86 516 2.0
86 526 11.0
86 527 8.0
86 528 2.0
86 529 1.0
86 534 2.0
86 535 1.0
86 536 6.0
86 537 4.0
86 538 7.0
86 539 14.0
86 548 24.0
86 549 3.0
86 560 30.0
86 631 1.0
86 640 2.0
86 650 1.0
86 670 1.0
86 690 1.0
86 703 1.0
86 713 1.0
87 88 11.0
87 89 14.0
87 90 7.0
87 92 2.0
87 93 10.0
87 94 24.0
87 95 3.0
87 96 34.0
87 97 22.0
87 98 72.0
87 99 24.0
87 104 8.0
87 105 10.0
87 107 61.0
87 108 23.0
87 114 2.0
87 115 2.0
87 116 17.0
87 118 39.0
87 119 6.0
87 130 2.0
87 191 21.0
87 197 100.0
87 198 40.0
87 199 28.0
87 200 6.0
87 203 9.0
87 204 49.0
87 205 11.0
87 206 23.0
87 207 54.0
87 208 4.0
87 214 80.0
87 215 43.0
87 216 252.0
87 217 120.0
87 218 1.0
87 224 3.0
87 225 25.0
87 226 17.0
87 227 123.0
87 228 40.0
87 235 1.0
87 238 21.0
87 239 35.0
87 240 2.0
87 249 2.0
87 251 14.0
87 252 7.0
87 275 7.0
87 277 2.0
87 286 6.0
87 288 1.0
87 297 2.0
87 307 1.0
87 316 1.0
87 324 1.0
87 356 3.0
87 358 39.0
87 361 1.0
87 367 8.0
87 368 12.0
87 369 64.0
87 370 77.0
87 371 1.0
87 378 1.0
87 379 3.0
87 380 1.0
87 381 28.0
87 382 18.0
87 383 2.0
87 392 16.0
87 393 40.0
87 394 1.0
87 404 29.0
87 416 6.0
87 417 14.0
87 489 2.0
87 491 1.0
87 492 5.0
87 499 1.0
87 500 1.0
87 502 17.0
87 513 8.0
87 514 7.0
87 538 1.0
87 548 2.0
87 560 14.0
87 635 2.0
87 640 1.0
87 644 2.0
87 670 1.0
87 682 1.0
87 694 1.0
87 764 2.0
87 880 2.0
88 89 7.0
88 93 1.0
88 94 13.0
88 95 60.0
88 96 28.0
88 97 383.0
88 98 8.0
88 99 1.0
88 103 2.0
88 104 140.0
88 105 12.0
88 106 8.0
88 107 66.0
88 108 1.0
88 113 1.0
88 114 11.0
88 115 14.0
88 117 1.0
88 118 75.0
88 119 10.0
88 130 33.0
88 197 11.0
88 198 13.0
88 199 1.0
88 200 4.0
88 204 6.0
88 205 1.0
88 206 3.0
88 207 3.0
88 214 15.0
88 215 11.0
88 216 60.0
88 217 9.0
88 218 1.0
88 224 4.0
88 225 7.0
88 226 12.0
88 227 44.0
88 228 59.0
88 238 10.0
88 239 66.0
88 240 58.0
88 251 1.0
88 252 5.0
88 275 8.0
88 277 5.0
88 286 4.0
88 297 2.0
88 307 1.0
88 357 5.0
88 358 1.0
88 367 3.0
88 368 3.0
88 369 2.0
88 370 7.0
88 379 1.0
88 380 1.0
88 381 10.0
88 382 1.0
88 392 10.0
88 393 68.0
88 404 1.0
88 405 5.0
88 416 4.0
88 417 5.0
88 428 1.0
88 480 1.0
88 489 3.0
88 500 3.0
88 502 1.0
88 511 1.0
88 548 10.0
88 560 10.0
88 561 2.0
88 622 1.0
88 644 1.0
88 691 1.0
88 764 1.0
88 772 1.0
88 880 1.0
89 90 20.0
89 94 3.0
89 95 5.0
89 96 13.0
89 97 97.0
89 98 49.0
89 99 22.0
89 103 1.0
89 104 3.0
89 105 1.0
89 106 1.0
89 107 46.0
89 108 32.0
89 114 1.0
89 118 21.0
89 130 5.0
89 169 1.0
89 195 1.0
89 197 10.0
89 198 10.0
89 199 9.0
89 200 10.0
89 204 3.0
89 207 1.0
89 208 52.0
89 213 1.0
89 214 3.0
89 215 1.0
89 216 5.0
89 217 30.0
89 218 2.0
89 224 1.0
89 226 11.0
89 227 6.0
89 228 9.0
89 230 1.0
89 238 2.0
89 239 12.0
89 240 14.0
89 241 3.0
89 251 2.0
89 274 1.0
89 294 1.0
89 329 1.0
89 341 2.0
89 358 13.0
89 360 1.0
89 368 2.0
89 369 22.0
89 370 19.0
89 381 2.0
89 382 3.0
89 392 3.0
89 404 4.0
89 480 2.0
89 490 2.0
89 492 1.0
89 494 1.0
89 500 2.0
89 502 3.0
89 513 1.0
89 783 1.0
89 795 1.0
89 807 1.0
89 819 1.0
90 97 3.0
90 98 5.0
90 99 6.0
90 107 7.0
90 108 4.0
90 197 10.0
90 198 10.0
90 207 5.0
90 216 2.0
90 217 3.0
90 228 2.0
90 230 1.0
90 240 2.0
90 358 2.0
90 369 2.0
92 93 143.0
92 94 82.0
92 95 13.0
92 96 22.0
92 97 1.0
92 98 1.0
92 102 2.0
92 104 6.0
92 105 15.0
92 107 21.0
92 114 3.0
92 115 1.0
92 116 7.0
92 117 1.0
92 118 6.0
92 204 1.0
92 205 3.0
92 214 2.0
92 215 2.0
92 216 1.0
92 225 2.0
92 226 1.0
92 237 1.0
92 238 8.0
92 239 1.0
92 249 6.0
92 251 1.0
92 348 3.0
92 392 2.0
92 404 5.0
92 416 1.0
92 560 2.0
93 94 282.0
93 95 74.0
93 96 66.0
93 97 3.0
93 98 3.0
93 99 2.0
93 102 45.0
93 103 31.0
93 104 15.0
93 105 74.0
93 106 15.0
93 107 62.0
93 108 1.0
93 113 6.0
93 114 15.0
93 115 3.0
93 116 59.0
93 117 1.0
93 118 48.0
93 130 2.0
93 197 1.0
93 204 18.0
93 205 4.0
93 206 2.0
93 207 3.0
93 213 10.0
93 214 17.0
93 215 10.0
93 216 4.0
93 217 3.0
93 224 32.0
93 225 6.0
93 226 10.0
93 227 10.0
93 237 3.0
93 238 87.0
93 239 3.0
93 248 1.0
93 249 36.0
93 250 2.0
93 251 2.0
93 252 1.0
93 263 1.0
93 264 1.0
93 275 1.0
93 277 1.0
93 286 1.0
93 307 1.0
93 348 3.0
93 356 2.0
93 357 2.0
93 358 1.0
93 367 3.0
93 368 3.0
93 369 4.0
93 378 3.0
93 379 7.0
93 381 2.0
93 392 47.0
93 393 3.0
93 403 4.0
93 404 49.0
93 405 1.0
93 416 11.0
93 417 3.0
93 489 2.0
93 500 2.0
93 510 1.0
93 511 3.0
93 513 1.0
93 536 1.0
93 548 3.0
93 560 15.0
94 95 773.0
94 96 296.0
94 97 21.0
94 98 4.0
94 99 1.0
94 102 10.0
94 103 225.0
94 104 295.0
94 105 274.0
94 106 105.0
94 107 203.0
94 113 75.0
94 114 510.0
94 115 67.0
94 116 113.0
94 117 11.0
94 118 172.0
94 128 2.0
94 130 3.0
94 140 1.0
94 141 2.0
94 170 2.0
94 188 2.0
94 194 3.0
94 195 5.0
94 197 5.0
94 198 8.0
94 199 1.0
94 203 13.0
94 204 93.0
94 205 32.0
94 206 24.0
94 207 7.0
94 213 26.0
94 214 89.0
94 215 46.0
94 216 44.0
94 217 7.0
94 218 1.0
94 224 246.0
94 225 6.0
94 226 21.0
94 227 12.0
94 237 43.0
94 238 210.0
94 239 88.0
94 248 24.0
94 249 65.0
94 250 22.0
94 251 16.0
94 252 9.0
94 254 2.0
94 262 5.0
94 263 2.0
94 264 2.0
94 265 5.0
94 274 2.0
94 275 7.0
94 277 1.0
94 284 1.0
94 348 4.0
94 356 1.0
94 357 4.0
94 358 9.0
94 367 3.0
94 368 1.0
94 369 11.0
94 370 13.0
94 378 1.0
94 379 3.0
94 380 5.0
94 381 2.0
94 382 7.0
94 383 4.0
94 384 1.0
94 392 149.0
94 393 36.0
94 403 3.0
94 404 174.0
94 405 2.0
94 407 8.0
94 416 70.0
94 417 13.0
94 418 3.0
94 428 1.0
94 436 1.0
94 438 2.0
94 446 1.0
94 455 1.0
94 463 1.0
94 511 1.0
94 513 2.0
94 523 1.0
94 526 1.0
94 527 3.0
94 528 2.0
94 538 1.0
94 539 8.0
94 540 1.0
94 548 11.0
94 552 1.0
94 560 41.0
94 563 1.0
94 571 1.0
94 573 1.0
94 653 1.0
94 670 1.0
94 682 2.0
95 96 615.0
95 97 42.0
95 98 7.0
95 102 2.0
95 103 157.0
95 104 332.0
95 105 76.0
95 106 245.0
95 107 406.0
95 108 6.0
95 113 45.0
95 114 296.0
95 115 48.0
95 116 24.0
95 117 2.0
95 118 367.0
95 128 1.0
95 129 31.0
95 130 10.0
95 140 4.0
95 141 22.0
95 170 12.0
95 188 1.0
95 194 25.0
95 195 2.0
95 198 4.0
95 203 8.0
95 204 46.0
95 205 6.0
95 206 48.0
95 207 16.0
95 208 1.0
95 213 21.0
95 214 95.0
95 215 6.0
95 216 76.0
95 218 7.0
95 224 158.0
95 225 45.0
95 226 354.0
95 227 120.0
95 229 2.0
95 236 4.0
95 237 65.0
95 238 455.0
95 239 162.0
95 247 1.0
95 248 14.0
95 249 11.0
95 250 48.0
95 251 6.0
95 252 3.0
95 262 8.0
95 263 5.0
95 264 2.0
95 265 1.0
95 274 14.0
95 275 19.0
95 277 146.0
95 283 1.0
95 285 9.0
95 286 1.0
95 295 1.0
95 305 1.0
95 314 1.0
95 335 1.0
95 336 1.0
95 340 1.0
95 341 1.0
95 345 1.0
95 348 4.0
95 356 1.0
95 357 2.0
95 358 12.0
95 367 5.0
95 368 4.0
95 369 43.0
95 370 1.0
95 379 44.0
95 380 204.0
95 381 39.0
95 391 10.0
95 392 343.0
95 393 44.0
95 394 2.0
95 403 19.0
95 404 109.0
95 405 4.0
95 406 1.0
95 407 1.0
95 416 108.0
95 417 23.0
95 427 2.0
95 428 16.0
95 439 1.0
95 480 2.0
95 489 3.0
95 490 2.0
95 494 2.0
95 499 1.0
95 500 2.0
95 511 23.0
95 513 6.0
95 514 1.0
95 523 31.0
95 526 18.0
95 527 5.0
95 536 11.0
95 538 5.0
95 539 5.0
95 548 241.0
95 550 1.0
95 560 261.0
95 561 1.0
95 562 1.0
95 629 2.0
95 630 2.0
95 631 1.0
95 640 1.0
95 646 2.0
95 653 12.0
95 654 1.0
95 657 4.0
95 669 4.0
95 774 2.0
95 782 4.0
95 795 4.0
95 807 1.0
95 819 1.0
96 97 82.0
96 98 11.0
96 99 2.0
96 102 1.0
96 103 23.0
96 104 126.0
96 105 27.0
96 106 200.0
96 107 1482.0
96 108 22.0
96 113 9.0
96 114 44.0
96 115 45.0
96 116 11.0
96 117 1.0
96 118 888.0
96 119 8.0
96 128 1.0
96 130 11.0
96 161 5.0
96 162 8.0
96 169 1.0
96 170 6.0
96 177 1.0
96 188 19.0
96 191 3.0
96 194 25.0
96 195 4.0
96 196 25.0
96 197 13.0
96 198 2.0
96 203 7.0
96 204 201.0
96 205 9.0
96 206 79.0
96 207 32.0
96 208 5.0
96 213 22.0
96 214 524.0
96 215 40.0
96 216 63.0
96 217 33.0
96 218 18.0
96 224 72.0
96 225 46.0
96 226 42.0
96 227 41.0
96 228 15.0
96 229 2.0
96 237 3.0
96 238 34.0
96 239 1010.0
96 240 3.0
96 247 1.0
96 248 2.0
96 249 5.0
96 250 7.0
96 251 4.0
96 252 6.0
96 253 2.0
96 254 12.0
96 262 1.0
96 263 1.0
96 264 1.0
96 265 2.0
96 272 1.0
96 273 1.0
96 274 27.0
96 275 199.0
96 276 1.0
96 277 3.0
96 283 2.0
96 285 10.0
96 286 23.0
96 287 2.0
96 288 2.0
96 294 1.0
96 295 2.0
96 297 8.0
96 306 4.0
96 307 2.0
96 316 3.0
96 324 2.0
96 325 1.0
96 333 1.0
96 335 1.0
96 340 1.0
96 345 1.0
96 347 5.0
96 350 1.0
96 357 10.0
96 358 10.0
96 360 1.0
96 368 24.0
96 369 46.0
96 370 3.0
96 378 1.0
96 379 4.0
96 380 8.0
96 381 306.0
96 382 2.0
96 383 7.0
96 384 3.0
96 391 3.0
96 392 41.0
96 393 275.0
96 394 16.0
96 395 9.0
96 403 2.0
96 404 32.0
96 405 65.0
96 406 3.0
96 407 9.0
96 416 27.0
96 417 66.0
96 418 3.0
96 419 1.0
96 420 1.0
96 427 1.0
96 435 1.0
96 436 2.0
96 438 2.0
96 439 1.0
96 485 1.0
96 490 1.0
96 494 2.0
96 500 1.0
96 510 1.0
96 513 1.0
96 516 1.0
96 526 2.0
96 527 15.0
96 528 4.0
96 529 3.0
96 536 4.0
96 537 1.0
96 538 9.0
96 539 18.0
96 548 5.0
96 549 8.0
96 558 2.0
96 559 2.0
96 560 9.0
96 561 6.0
96 562 1.0
96 580 1.0
96 644 1.0
96 646 2.0
96 657 4.0
96 669 4.0
96 670 1.0
96 774 1.0
97 98 195.0
97 99 10.0
97 103 2.0
97 104 80.0
97 105 13.0
97 106 7.0
97 107 297.0
97 108 60.0
97 113 1.0
97 114 8.0
97 115 8.0
97 116 4.0
97 117 7.0
97 118 235.0
97 119 29.0
97 130 75.0
97 188 2.0
97 194 3.0
97 195 1.0
97 196 5.0
97 197 16.0
97 198 12.0
97 199 10.0
97 200 16.0
97 203 2.0
97 204 14.0
97 205 7.0
97 207 34.0
97 208 60.0
97 209 1.0
97 213 1.0
97 214 45.0
97 215 20.0
97 216 155.0
97 217 197.0
97 218 31.0
97 224 3.0
97 225 6.0
97 226 41.0
97 227 63.0
97 228 17.0
97 238 14.0
97 239 18.0
97 240 6.0
97 251 1.0
97 252 18.0
97 275 3.0
97 277 2.0
97 287 3.0
97 297 1.0
97 329 1.0
97 341 1.0
97 350 2.0
97 357 42.0
97 358 41.0
97 359 7.0
97 367 1.0
97 368 12.0
97 369 38.0
97 370 58.0
97 371 1.0
97 380 1.0
97 382 6.0
97 383 4.0
97 392 12.0
97 393 8.0
97 403 1.0
97 404 11.0
97 405 12.0
97 416 7.0
97 417 4.0
97 480 6.0
97 490 6.0
97 492 4.0
97 494 3.0
97 500 7.0
97 502 8.0
97 510 1.0
97 513 2.0
97 548 3.0
97 560 6.0
97 561 5.0
97 679 1.0
97 691 3.0
97 764 2.0
97 880 2.0
98 99 98.0
98 104 28.0
98 105 6.0
98 106 1.0
98 107 15.0
98 108 94.0
98 114 2.0
98 115 1.0
98 116 5.0
98 117 8.0
98 118 10.0
98 119 16.0
98 130 3.0
98 197 1.0
98 198 2.0
98 199 1.0
98 204 17.0
98 205 5.0
98 207 14.0
98 214 44.0
98 215 13.0
98 216 86.0
98 217 295.0
98 218 17.0
98 224 1.0
98 225 3.0
98 226 54.0
98 227 131.0
98 228 41.0
98 229 21.0
98 230 2.0
98 237 1.0
98 238 13.0
98 239 46.0
98 240 25.0
98 241 6.0
98 242 1.0
98 251 3.0
98 252 1.0
98 254 1.0
98 275 1.0
98 329 1.0
98 341 1.0
98 342 1.0
98 350 3.0
98 357 19.0
98 358 10.0
98 367 2.0
98 368 9.0
98 369 14.0
98 370 73.0
98 371 2.0
98 372 1.0
98 381 6.0
98 382 20.0
98 383 58.0
98 384 11.0
98 392 10.0
98 393 33.0
98 404 13.0
98 416 1.0
98 417 2.0
98 480 5.0
98 486 1.0
98 490 5.0
98 493 2.0
98 494 4.0
98 500 7.0
98 502 4.0
98 503 2.0
98 505 1.0
98 510 1.0
98 513 1.0
98 528 25.0
98 529 8.0
98 548 1.0
98 560 1.0
98 670 7.0
98 682 6.0
98 694 6.0
98 764 1.0
98 783 1.0
98 795 1.0
98 807 1.0
98 819 1.0
98 880 1.0
98 972 1.0
99 105 2.0
99 107 2.0
99 116 2.0
99 118 1.0
99 204 5.0
99 207 5.0
99 208 1.0
99 214 17.0
99 216 7.0
99 217 81.0
99 218 20.0
99 225 2.0
99 226 21.0
99 227 45.0
99 228 3.0
99 230 2.0
99 238 3.0
99 239 5.0
99 240 1.0
99 251 1.0
99 275 1.0
99 357 4.0
99 358 4.0
99 370 15.0
99 381 2.0
99 382 6.0
99 383 12.0
99 392 2.0
99 393 3.0
99 404 3.0
99 417 1.0
99 502 1.0
99 513 1.0
99 528 1.0
99 655 1.0
102 103 2.0
102 104 2.0
102 105 13.0
102 106 4.0
102 107 1.0
102 116 9.0
102 118 2.0
102 225 2.0
102 238 11.0
102 249 6.0
102 392 4.0
102 403 1.0
102 404 4.0
102 560 2.0
103 104 54.0
103 105 16.0
103 106 14.0
103 107 8.0
103 113 105.0
103 114 118.0
103 116 10.0
103 118 10.0
103 203 7.0
103 204 5.0
103 205 4.0
103 206 1.0
103 207 1.0
103 213 13.0
103 214 9.0
103 215 1.0
103 224 5.0
103 225 2.0
103 226 2.0
103 237 32.0
103 238 6.0
103 239 1.0
103 248 1.0
103 249 2.0
103 250 6.0
103 251 4.0
103 263 1.0
103 264 2.0
103 275 1.0
103 356 1.0
103 358 1.0
103 367 8.0
103 368 3.0
103 378 2.0
103 379 6.0
103 381 1.0
103 392 9.0
103 403 1.0
103 404 13.0
103 416 8.0
103 480 2.0
103 489 4.0
103 500 4.0
103 510 1.0
103 511 5.0
103 536 1.0
103 560 3.0
103 622 2.0
104 105 58.0
104 106 51.0
104 107 54.0
104 113 21.0
104 114 433.0
104 115 149.0
104 116 27.0
104 118 33.0
104 125 4.0
104 126 7.0
104 137 1.0
104 149 17.0
104 194 2.0
104 195 1.0
104 197 9.0
104 198 7.0
104 199 1.0
104 203 13.0
104 204 4.0
104 205 8.0
104 206 28.0
104 207 9.0
104 213 17.0
104 214 85.0
104 215 35.0
104 216 55.0
104 217 29.0
104 224 7.0
104 225 190.0
104 227 15.0
104 237 1.0
104 238 11.0
104 239 6.0
104 247 1.0
104 249 1.0
104 250 17.0
104 251 7.0
104 260 1.0
104 262 4.0
104 263 1.0
104 264 1.0
104 274 2.0
104 348 1.0
104 356 2.0
104 357 11.0
104 358 14.0
104 368 1.0
104 369 16.0
104 370 1.0
104 379 2.0
104 381 1.0
104 383 2.0
104 384 1.0
104 392 8.0
104 393 1.0
104 402 1.0
104 404 16.0
104 416 9.0
104 417 1.0
104 513 2.0
104 528 1.0
104 529 1.0
104 536 1.0
104 546 1.0
104 548 2.0
104 560 6.0
104 688 1.0
104 816 1.0
105 106 18.0
105 107 8.0
105 113 1.0
105 114 29.0
105 115 65.0
105 116 1624.0
105 117 37.0
105 118 7.0
105 127 12.0
105 130 1.0
105 148 1.0
105 161 17.0
105 168 2.0
105 169 24.0
105 170 31.0
105 196 5.0
105 197 1.0
105 204 18.0
105 205 9.0
105 213 10.0
105 214 16.0
105 215 19.0
105 216 8.0
105 217 5.0
105 224 9.0
105 225 22.0
105 226 80.0
105 227 1.0
105 228 1.0
105 235 3.0
105 238 2255.0
105 239 76.0
105 247 3.0
105 248 14.0
105 249 855.0
105 250 54.0
105 251 51.0
105 259 1.0
105 261 16.0
105 262 14.0
105 263 8.0
105 264 3.0
105 272 1.0
105 273 3.0
105 274 92.0
105 275 1.0
105 277 3.0
105 283 2.0
105 284 23.0
105 285 49.0
105 294 16.0
105 303 1.0
105 304 3.0
105 312 1.0
105 320 1.0
105 329 2.0
105 335 2.0
105 336 2.0
105 344 1.0
105 345 4.0
105 355 1.0
105 357 4.0
105 358 16.0
105 359 1.0
105 367 16.0
105 368 17.0
105 369 18.0
105 370 2.0
105 377 3.0
105 378 13.0
105 379 48.0
105 380 9.0
105 382 1.0
105 389 1.0
105 390 1.0
105 391 7.0
105 392 1093.0
105 393 1.0
105 402 1.0
105 403 8.0
105 404 1449.0
105 406 2.0
105 407 2.0
105 413 1.0
105 414 1.0
105 415 1.0
105 416 428.0
105 417 1.0
105 418 1.0
105 424 1.0
105 425 2.0
105 427 2.0
105 428 2.0
105 429 1.0
105 436 2.0
105 446 1.0
105 455 2.0
105 463 2.0
105 480 3.0
105 481 1.0
105 489 15.0
105 490 4.0
105 499 2.0
105 500 11.0
105 510 1.0
105 511 9.0
105 513 1.0
105 522 3.0
105 523 10.0
105 524 1.0
105 536 6.0
105 540 3.0
105 548 58.0
105 560 510.0
105 561 3.0
105 563 4.0
105 571 5.0
105 572 1.0
105 573 5.0
105 622 1.0
105 631 2.0
105 640 2.0
105 653 1.0
105 682 3.0
105 691 3.0
105 714 1.0
105 715 1.0
105 794 1.0
105 806 1.0
105 818 1.0
106 107 130.0
106 113 2.0
106 114 26.0
106 115 26.0
106 116 9.0
106 117 172.0
106 118 256.0
106 119 2.0
106 128 5.0
106 129 3.0
106 130 41.0
106 150 2.0
106 161 13.0
106 169 7.0
106 170 10.0
106 173 1.0
106 194 1.0
106 195 1.0
106 196 1.0
106 204 19.0
106 206 1.0
106 207 1.0
106 213 1.0
106 214 30.0
106 216 8.0
106 217 20.0
106 224 30.0
106 225 26.0
106 228 4.0
106 237 2.0
106 238 34.0
106 239 218.0
106 240 1.0
106 248 1.0
106 249 1.0
106 250 8.0
106 251 175.0
106 252 289.0
106 261 1.0
106 262 54.0
106 263 2.0
106 264 2.0
106 265 4.0
106 272 5.0
106 273 64.0
106 274 67.0
106 275 4.0
106 283 5.0
106 284 13.0
106 285 10.0
106 287 1.0
106 288 1.0
106 293 3.0
106 294 20.0
106 295 2.0
106 297 1.0
106 303 4.0
106 304 6.0
106 305 4.0
106 307 1.0
106 312 1.0
106 313 2.0
106 320 1.0
106 341 3.0
106 350 2.0
106 358 2.0
106 360 3.0
106 361 1.0
106 369 1.0
106 370 16.0
106 371 1.0
106 381 5.0
106 382 46.0
106 383 2.0
106 384 1.0
106 390 1.0
106 391 5.0
106 392 32.0
106 393 75.0
106 394 10.0
106 395 3.0
106 401 4.0
106 402 1.0
106 404 45.0
106 405 193.0
106 406 2.0
106 407 6.0
106 413 2.0
106 414 14.0
106 415 6.0
106 416 126.0
106 417 31.0
106 425 4.0
106 427 5.0
106 428 1.0
106 435 12.0
106 436 10.0
106 437 1.0
106 438 1.0
106 444 2.0
106 445 2.0
106 446 4.0
106 447 3.0
106 448 4.0
106 449 1.0
106 453 1.0
106 454 3.0
106 455 8.0
106 461 1.0
106 462 1.0
106 463 1.0
106 464 1.0
106 483 5.0
106 491 1.0
106 492 6.0
106 494 1.0
106 502 9.0
106 513 2.0
106 514 20.0
106 516 3.0
106 522 3.0
106 526 14.0
106 527 5.0
106 528 3.0
106 536 3.0
106 537 9.0
106 538 7.0
106 539 6.0
106 540 4.0
106 541 4.0
106 542 1.0
106 548 13.0
106 549 45.0
106 558 3.0
106 559 12.0
106 560 58.0
106 561 76.0
106 562 5.0
106 563 4.0
106 569 10.0
106 570 2.0
106 571 2.0
106 572 2.0
106 573 5.0
106 578 1.0
106 579 1.0
106 580 26.0
106 583 11.0
106 591 7.0
106 592 2.0
106 607 1.0
106 620 2.0
106 634 2.0
106 635 5.0
106 644 4.0
106 645 4.0
106 655 1.0
106 656 7.0
106 669 2.0
106 670 2.0
106 678 2.0
106 679 6.0
106 689 1.0
106 691 30.0
106 698 1.0
106 703 1.0
106 710 1.0
106 715 2.0
106 721 1.0
106 722 8.0
106 732 1.0
106 741 1.0
106 764 8.0
106 783 7.0
106 786 1.0
106 795 7.0
106 796 1.0
106 797 2.0
106 807 5.0
106 819 5.0
106 830 1.0
106 840 1.0
106 857 3.0
106 879 1.0
106 880 7.0
106 900 1.0
106 909 1.0
106 992 1.0
106 1049 1.0
107 108 69.0
107 113 6.0
107 114 7.0
107 115 11.0
107 116 3.0
107 118 1344.0
107 119 26.0
107 125 1.0
107 126 1.0
107 130 12.0
107 188 20.0
107 191 4.0
107 194 21.0
107 195 2.0
107 196 25.0
107 197 35.0
107 198 7.0
107 199 4.0
107 200 14.0
107 203 5.0
107 204 202.0
107 205 7.0
107 206 8.0
107 207 54.0
107 208 47.0
107 209 1.0
107 213 17.0
107 214 440.0
107 215 45.0
107 216 78.0
107 217 171.0
107 218 58.0
107 224 74.0
107 225 21.0
107 226 7.0
107 227 41.0
107 228 57.0
107 229 3.0
107 237 4.0
107 238 39.0
107 239 28.0
107 240 9.0
107 249 1.0
107 250 1.0
107 251 4.0
107 252 17.0
107 277 27.0
107 286 1.0
107 329 1.0
107 347 5.0
107 350 1.0
107 356 1.0
107 357 44.0
107 358 43.0
107 359 7.0
107 360 1.0
107 368 15.0
107 369 32.0
107 370 6.0
107 379 1.0
107 380 5.0
107 381 1.0
107 391 1.0
107 392 46.0
107 393 8.0
107 403 1.0
107 404 9.0
107 405 12.0
107 416 19.0
107 417 1.0
107 428 4.0
107 480 1.0
107 490 1.0
107 502 1.0
107 513 7.0
107 548 39.0
107 560 46.0
107 561 3.0
107 655 2.0
107 679 1.0
107 691 2.0
108 109 12.0
108 118 4.0
108 119 85.0
108 130 4.0
108 188 1.0
108 199 2.0
108 200 1.0
108 204 7.0
108 208 16.0
108 209 1.0
108 214 35.0
108 216 26.0
108 217 193.0
108 218 89.0
108 225 2.0
108 226 33.0
108 227 93.0
108 228 49.0
108 229 9.0
108 237 1.0
108 238 4.0
108 239 49.0
108 240 45.0
108 251 3.0
108 252 3.0
108 254 2.0
108 275 9.0
108 333 5.0
108 334 3.0
108 341 5.0
108 350 2.0
108 356 3.0
108 357 16.0
108 358 28.0
108 359 7.0
108 360 5.0
108 367 2.0
108 368 1.0
108 369 25.0
108 370 63.0
108 371 3.0
108 379 1.0
108 381 25.0
108 382 13.0
108 383 37.0
108 384 2.0
108 392 2.0
108 393 13.0
108 416 4.0
108 417 2.0
108 477 2.0
108 485 8.0
108 493 10.0
108 494 16.0
108 503 17.0
108 505 1.0
108 513 1.0
108 528 10.0
108 548 2.0
108 560 2.0
108 627 3.0
108 635 1.0
108 636 2.0
108 647 2.0
108 670 3.0
108 682 3.0
108 694 3.0
109 214 1.0
109 225 1.0
109 226 2.0
109 228 12.0
109 238 1.0
109 240 1.0
109 252 1.0
109 333 1.0
109 341 4.0
109 350 1.0
109 356 1.0
109 360 4.0
109 367 1.0
109 370 6.0
109 371 1.0
109 381 1.0
109 392 1.0
109 416 1.0
109 485 1.0
109 494 2.0
109 548 1.0
109 560 1.0
109 636 1.0
109 647 1.0
112 124 3.0
112 138 1.0
112 148 5.0
112 222 3.0
112 234 9.0
112 235 5.0
112 246 1.0
112 258 1.0
112 259 4.0
112 270 1.0
112 377 5.0
112 389 4.0
113 114 8.0
113 118 5.0
113 138 1.0
113 148 3.0
113 203 3.0
113 204 4.0
113 205 4.0
113 207 1.0
113 213 8.0
113 214 5.0
113 223 5.0
113 235 16.0
113 259 3.0
113 329 2.0
113 336 2.0
113 344 2.0
113 365 8.0
113 367 8.0
113 368 2.0
113 377 3.0
113 381 1.0
113 389 3.0
113 480 2.0
113 489 4.0
113 500 4.0
113 507 1.0
113 508 2.0
113 509 2.0
113 511 4.0
113 622 2.0
113 631 5.0
113 640 5.0
113 651 1.0
113 754 4.0
114 115 44.0
114 116 16.0
114 118 10.0
114 125 4.0
114 126 4.0
114 149 18.0
114 195 2.0
114 197 1.0
114 198 1.0
114 203 6.0
114 204 5.0
114 205 4.0
114 206 9.0
114 207 2.0
114 213 20.0
114 214 42.0
114 215 8.0
114 216 13.0
114 217 10.0
114 224 9.0
114 225 29.0
114 226 1.0
114 227 3.0
114 237 4.0
114 238 9.0
114 239 2.0
114 247 1.0
114 248 8.0
114 249 1.0
114 250 12.0
114 251 4.0
114 262 1.0
114 263 1.0
114 264 1.0
114 274 1.0
114 275 1.0
114 348 1.0
114 356 2.0
114 357 5.0
114 358 5.0
114 367 1.0
114 368 1.0
114 369 5.0
114 370 1.0
114 383 1.0
114 392 9.0
114 393 1.0
114 403 1.0
114 404 14.0
114 416 9.0
114 417 1.0
114 548 2.0
114 560 5.0
115 117 27.0
115 118 7.0
115 126 1.0
115 127 12.0
115 129 1.0
115 197 4.0
115 198 1.0
115 204 1.0
115 205 2.0
115 206 10.0
115 207 5.0
115 214 22.0
115 215 13.0
115 216 23.0
115 217 11.0
115 224 14.0
115 225 82.0
115 227 2.0
115 237 5.0
115 239 25.0
115 247 8.0
115 248 16.0
115 249 24.0
115 250 2.0
115 251 19.0
115 262 4.0
115 263 2.0
115 264 1.0
115 357 5.0
115 358 8.0
115 367 8.0
115 369 3.0
115 378 9.0
115 379 7.0
115 404 25.0
115 416 10.0
115 489 7.0
115 499 3.0
115 500 4.0
115 511 4.0
115 513 2.0
115 540 2.0
115 560 4.0
115 563 1.0
115 571 2.0
115 573 2.0
115 622 1.0
115 631 2.0
115 640 3.0
115 650 1.0
115 682 2.0
116 117 23.0
116 118 2.0
116 128 16.0
116 129 9.0
116 130 59.0
116 140 7.0
116 141 8.0
116 148 1.0
116 150 2.0
116 160 1.0
116 161 32.0
116 168 16.0
116 169 42.0
116 170 93.0
116 175 7.0
116 181 4.0
116 204 13.0
116 213 4.0
116 214 5.0
116 215 2.0
116 216 5.0
116 217 4.0
116 224 1.0
116 226 10.0
116 227 2.0
116 235 2.0
116 238 4032.0
116 239 18.0
116 249 1807.0
116 250 3795.0
116 251 441.0
116 252 5.0
116 253 1.0
116 259 1.0
116 260 7.0
116 261 58.0
116 262 624.0
116 263 890.0
116 264 384.0
116 266 1.0
116 272 20.0
116 273 86.0
116 274 327.0
116 275 3.0
116 277 1.0
116 283 95.0
116 284 87.0
116 285 153.0
116 286 2.0
116 288 4.0
116 293 22.0
116 294 74.0
116 295 8.0
116 297 2.0
116 298 1.0
116 303 27.0
116 304 29.0
116 305 3.0
116 312 25.0
116 313 9.0
116 314 1.0
116 320 2.0
116 321 1.0
116 322 1.0
116 345 1.0
116 356 1.0
116 357 1.0
116 367 8.0
116 368 9.0
116 369 4.0
116 377 2.0
116 378 3.0
116 379 8.0
116 380 8.0
116 384 1.0
116 389 1.0
116 390 3.0
116 391 5.0
116 392 1349.0
116 393 1.0
116 395 3.0
116 402 10.0
116 403 1.0
116 404 4439.0
116 405 5.0
116 406 7.0
116 407 18.0
116 413 1.0
116 414 10.0
116 415 26.0
116 416 805.0
116 417 11.0
116 418 4.0
116 419 12.0
116 420 2.0
116 424 2.0
116 425 797.0
116 426 1.0
116 427 23.0
116 428 21.0
116 429 3.0
116 430 1.0
116 431 1.0
116 434 1.0
116 435 21.0
116 436 51.0
116 437 3.0
116 438 7.0
116 439 14.0
116 440 1.0
116 445 17.0
116 446 13.0
116 447 29.0
116 448 13.0
116 449 1.0
116 453 1.0
116 454 45.0
116 455 16.0
116 456 3.0
116 462 3.0
116 463 2.0
116 464 1.0
116 469 1.0
116 480 2.0
116 489 7.0
116 500 5.0
116 501 2.0
116 511 8.0
116 516 1.0
116 522 7.0
116 524 1.0
116 527 2.0
116 528 2.0
116 539 9.0
116 540 55.0
116 541 82.0
116 542 45.0
116 548 99.0
116 551 28.0
116 556 1.0
116 560 1539.0
116 561 40.0
116 562 26.0
116 563 92.0
116 567 3.0
116 568 34.0
116 569 823.0
116 570 270.0
116 571 38.0
116 572 2.0
116 573 140.0
116 577 3.0
116 578 6.0
116 579 52.0
116 580 297.0
116 581 116.0
116 582 147.0
116 583 104.0
116 589 18.0
116 590 2.0
116 591 39.0
116 592 12.0
116 597 1.0
116 598 13.0
116 599 2.0
116 600 1.0
116 607 1.0
116 622 2.0
116 631 1.0
116 641 1.0
116 652 2.0
116 669 2.0
116 670 1.0
116 672 2.0
116 678 3.0
116 679 1.0
116 680 5.0
116 682 4.0
116 683 1.0
116 684 3.0
116 691 16.0
116 692 2.0
116 693 1.0
116 694 2.0
116 697 5.0
116 698 52.0
116 699 1.0
116 703 3.0
116 704 11.0
116 709 1.0
116 710 75.0
116 712 2.0
116 714 6.0
116 715 38.0
116 721 65.0
116 722 22.0
116 723 7.0
116 724 2.0
116 730 5.0
116 731 117.0
116 732 519.0
116 733 1.0
116 741 118.0
116 742 1.0
116 784 1.0
116 785 1.0
116 797 1.0
116 803 1.0
116 807 3.0
116 814 4.0
116 820 4.0
116 835 7.0
116 836 1.0
116 837 1.0
116 840 18.0
116 846 1.0
116 857 9.0
116 863 1.0
116 864 8.0
116 929 1.0
116 1019 1.0
116 1020 1.0
117 118 6.0
117 127 11.0
117 128 18.0
117 129 19.0
117 130 173.0
117 140 2.0
117 141 11.0
117 150 2.0
117 161 23.0
117 168 8.0
117 169 19.0
117 170 26.0
117 175 3.0
117 177 1.0
117 179 1.0
117 182 1.0
117 216 1.0
117 225 2.0
117 228 185.0
117 236 1.0
117 239 808.0
117 248 5.0
117 249 15.0
117 250 1014.0
117 251 1406.0
117 252 499.0
117 260 48.0
117 261 116.0
117 262 849.0
117 263 398.0
117 264 239.0
117 265 4.0
117 272 6.0
117 273 45.0
117 274 185.0
117 275 30.0
117 276 4.0
117 282 1.0
117 283 23.0
117 284 40.0
117 285 33.0
117 286 2.0
117 287 5.0
117 293 15.0
117 294 34.0
117 295 11.0
117 297 12.0
117 298 1.0
117 303 1.0
117 304 15.0
117 305 5.0
117 307 1.0
117 312 4.0
117 313 6.0
117 314 4.0
117 321 1.0
117 341 2.0
117 350 11.0
117 360 13.0
117 370 11.0
117 379 4.0
117 381 15.0
117 382 57.0
117 383 2.0
117 384 1.0
117 390 13.0
117 391 12.0
117 392 11.0
117 393 194.0
117 394 9.0
117 395 1.0
117 401 1.0
117 402 2.0
117 403 2.0
117 404 1067.0
117 405 382.0
117 406 6.0
117 407 11.0
117 414 50.0
117 415 154.0
117 416 541.0
117 417 33.0
117 418 1.0
117 419 5.0
117 424 11.0
117 425 155.0
117 426 4.0
117 427 54.0
117 428 5.0
117 429 2.0
117 431 1.0
117 434 1.0
117 435 20.0
117 436 95.0
117 437 29.0
117 438 5.0
117 439 18.0
117 440 1.0
117 445 8.0
117 446 14.0
117 447 27.0
117 448 13.0
117 449 3.0
117 451 1.0
117 452 1.0
117 453 2.0
117 454 15.0
117 455 6.0
117 456 2.0
117 458 1.0
117 462 1.0
117 463 1.0
117 464 1.0
117 466 1.0
117 483 2.0
117 491 1.0
117 492 2.0
117 493 2.0
117 494 4.0
117 502 6.0
117 503 3.0
117 513 30.0
117 514 4.0
117 516 3.0
117 522 14.0
117 526 8.0
117 527 7.0
117 534 2.0
117 536 19.0
117 537 9.0
117 538 15.0
117 539 13.0
117 540 18.0
117 541 20.0
117 542 11.0
117 548 37.0
117 549 35.0
117 551 18.0
117 557 1.0
117 558 7.0
117 559 13.0
117 560 406.0
117 561 158.0
117 562 16.0
117 563 20.0
117 568 2.0
117 569 145.0
117 570 129.0
117 571 39.0
117 572 4.0
117 573 31.0
117 574 1.0
117 578 2.0
117 579 14.0
117 580 138.0
117 581 24.0
117 582 20.0
117 583 17.0
117 588 2.0
117 589 4.0
117 590 1.0
117 591 24.0
117 592 1.0
117 598 8.0
117 600 2.0
117 620 1.0
117 627 1.0
117 631 3.0
117 635 1.0
117 644 2.0
117 645 1.0
117 646 1.0
117 656 2.0
117 657 1.0
117 669 3.0
117 676 1.0
117 678 3.0
117 679 7.0
117 682 6.0
117 684 1.0
117 688 2.0
117 689 2.0
117 691 60.0
117 692 1.0
117 693 2.0
117 697 1.0
117 698 12.0
117 699 1.0
117 700 2.0
117 703 5.0
117 704 2.0
117 706 1.0
117 710 25.0
117 715 3.0
117 716 2.0
117 721 4.0
117 722 4.0
117 723 15.0
117 726 1.0
117 731 14.0
117 732 85.0
117 741 14.0
117 764 1.0
117 765 1.0
117 769 1.0
117 783 2.0
117 785 1.0
117 786 1.0
117 792 1.0
117 795 2.0
117 796 1.0
117 797 3.0
117 803 2.0
117 807 2.0
117 819 2.0
117 820 1.0
117 821 1.0
117 835 3.0
117 836 4.0
117 837 1.0
117 852 1.0
117 857 2.0
117 860 1.0
117 864 4.0
117 880 1.0
117 900 1.0
117 1002 2.0
118 125 1.0
118 126 1.0
118 127 1.0
118 128 35.0
118 129 41.0
118 130 207.0
118 140 3.0
118 169 1.0
118 170 1.0
118 188 5.0
118 191 2.0
118 194 17.0
118 195 2.0
118 196 10.0
118 197 37.0
118 198 3.0
118 199 1.0
118 200 11.0
118 203 5.0
118 204 175.0
118 205 4.0
118 206 8.0
118 207 29.0
118 208 24.0
118 213 8.0
118 214 349.0
118 215 35.0
118 216 54.0
118 217 135.0
118 218 9.0
118 224 73.0
118 225 16.0
118 226 1.0
118 227 43.0
118 228 111.0
118 237 2.0
118 238 1.0
118 239 11.0
118 240 1.0
118 250 2.0
118 251 8.0
118 252 64.0
118 262 9.0
118 263 12.0
118 264 4.0
118 273 1.0
118 275 3.0
118 283 1.0
118 284 5.0
118 286 3.0
118 287 3.0
118 295 1.0
118 297 1.0
118 333 1.0
118 340 1.0
118 347 5.0
118 350 6.0
118 356 1.0
118 357 21.0
118 358 3.0
118 360 5.0
118 368 11.0
118 369 16.0
118 370 30.0
118 380 4.0
118 382 1.0
118 393 11.0
118 403 4.0
118 404 3.0
118 405 51.0
118 415 6.0
118 416 23.0
118 417 8.0
118 484 5.0
118 485 8.0
118 486 1.0
118 493 2.0
118 494 21.0
118 495 2.0
118 502 3.0
118 503 2.0
118 540 3.0
118 541 3.0
118 542 1.0
118 560 7.0
118 561 14.0
118 563 3.0
118 571 4.0
118 573 3.0
118 625 3.0
118 626 4.0
118 627 1.0
118 628 1.0
118 636 1.0
118 655 1.0
118 679 1.0
118 690 1.0
118 691 4.0
118 757 1.0
118 764 1.0
118 783 1.0
118 795 1.0
118 880 1.0
119 130 1.0
119 197 2.0
119 198 3.0
119 204 5.0
119 207 11.0
119 214 10.0
119 216 14.0
119 217 79.0
119 218 15.0
119 225 1.0
119 226 9.0
119 227 49.0
119 229 6.0
119 237 1.0
119 239 2.0
119 240 6.0
119 250 1.0
119 251 3.0
119 252 1.0
119 254 2.0
119 262 1.0
119 263 1.0
119 264 1.0
119 333 1.0
119 356 1.0
119 357 15.0
119 358 9.0
119 369 3.0
119 370 34.0
119 379 1.0
119 382 10.0
119 383 23.0
119 384 1.0
119 393 2.0
119 404 1.0
119 416 2.0
119 484 4.0
119 485 4.0
119 494 11.0
119 495 1.0
119 528 4.0
119 560 1.0
119 626 3.0
119 670 1.0
119 682 1.0
119 694 1.0
119 757 1.0
123 148 8.0
123 234 1.0
123 235 5.0
123 245 1.0
123 246 4.0
123 257 3.0
123 259 8.0
123 365 1.0
123 377 9.0
123 389 8.0
124 136 29.0
124 137 6.0
124 148 4.0
124 149 1.0
124 158 1.0
124 222 3.0
124 234 7.0
124 235 21.0
124 246 28.0
124 247 32.0
124 258 25.0
124 259 15.0
124 329 1.0
124 336 3.0
124 344 4.0
124 345 3.0
124 353 6.0
124 354 2.0
124 355 11.0
124 364 5.0
124 365 36.0
124 375 2.0
124 376 2.0
124 377 113.0
124 378 20.0
124 389 9.0
124 401 8.0
124 488 2.0
124 489 2.0
124 497 4.0
124 498 2.0
124 499 2.0
124 507 4.0
124 508 19.0
124 509 16.0
124 511 14.0
124 521 25.0
124 522 1.0
124 631 3.0
124 640 3.0
124 653 10.0
124 663 1.0
124 754 1.0
124 778 1.0
124 791 1.0
124 792 1.0
125 126 14.0
125 138 1.0
125 214 1.0
125 217 2.0
125 225 7.0
125 235 1.0
125 237 1.0
125 247 35.0
125 248 1.0
125 249 6.0
125 357 1.0
125 369 1.0
125 378 8.0
125 379 8.0
125 416 1.0
125 488 4.0
125 497 1.0
125 507 12.0
125 508 12.0
125 509 21.0
125 511 10.0
125 521 10.0
125 523 2.0
125 651 1.0
125 653 13.0
125 663 5.0
125 767 4.0
125 771 1.0
125 778 1.0
125 782 1.0
125 791 4.0
125 895 5.0
125 903 1.0
125 981 1.0
126 137 1.0
126 138 2.0
126 149 1.0
126 158 1.0
126 214 1.0
126 217 2.0
126 225 22.0
126 235 1.0
126 237 4.0
126 238 3.0
126 247 8.0
126 248 14.0
126 249 27.0
126 260 4.0
126 277 1.0
126 336 8.0
126 344 1.0
126 357 1.0
126 367 1.0
126 369 1.0
126 378 23.0
126 379 31.0
126 391 1.0
126 392 1.0
126 402 3.0
126 404 1.0
126 416 2.0
126 427 2.0
126 488 19.0
126 489 1.0
126 498 5.0
126 499 1.0
126 511 25.0
126 523 2.0
126 536 1.0
126 546 3.0
126 548 1.0
126 560 1.0
126 640 1.0
126 653 27.0
126 688 3.0
126 771 1.0
126 782 2.0
126 816 2.0
127 128 94.0
127 129 130.0
127 130 1.0
127 141 5.0
127 158 1.0
127 161 6.0
127 168 38.0
127 169 29.0
127 170 27.0
127 175 20.0
127 181 1.0
127 182 1.0
127 228 2.0
127 239 9.0
127 249 703.0
127 250 8.0
127 251 9.0
127 252 1.0
127 261 4.0
127 262 220.0
127 263 66.0
127 264 121.0
127 266 2.0
127 272 1.0
127 273 163.0
127 274 117.0
127 275 2.0
127 276 5.0
127 277 1.0
127 283 62.0
127 284 128.0
127 285 20.0
127 286 7.0
127 287 3.0
127 293 42.0
127 294 55.0
127 295 94.0
127 297 7.0
127 302 1.0
127 304 28.0
127 305 43.0
127 307 6.0
127 311 1.0
127 312 5.0
127 313 8.0
127 314 24.0
127 320 4.0
127 321 4.0
127 322 7.0
127 324 1.0
127 341 1.0
127 378 2.0
127 380 3.0
127 381 1.0
127 383 2.0
127 391 5.0
127 392 10.0
127 393 2.0
127 394 8.0
127 395 2.0
127 396 2.0
127 401 1.0
127 403 16.0
127 404 73.0
127 405 3.0
127 406 16.0
127 407 14.0
127 408 1.0
127 414 3.0
127 415 7.0
127 416 464.0
127 417 68.0
127 418 34.0
127 419 10.0
127 420 2.0
127 425 15.0
127 426 2.0
127 427 27.0
127 428 38.0
127 429 11.0
127 430 5.0
127 431 3.0
127 435 13.0
127 436 14.0
127 437 3.0
127 438 2.0
127 439 3.0
127 440 6.0
127 446 7.0
127 447 6.0
127 449 5.0
127 450 4.0
127 454 3.0
127 455 13.0
127 456 2.0
127 458 2.0
127 459 1.0
127 463 11.0
127 464 1.0
127 469 5.0
127 472 1.0
127 485 1.0
127 494 2.0
127 522 4.0
127 526 1.0
127 527 6.0
127 535 10.0
127 536 9.0
127 537 1.0
127 538 5.0
127 539 23.0
127 540 21.0
127 541 24.0
127 542 10.0
127 548 10.0
127 549 11.0
127 550 7.0
127 551 16.0
127 557 2.0
127 559 16.0
127 560 131.0
127 561 26.0
127 562 14.0
127 563 62.0
127 569 15.0
127 570 64.0
127 571 16.0
127 572 17.0
127 573 73.0
127 574 5.0
127 580 85.0
127 581 57.0
127 582 20.0
127 583 12.0
127 584 2.0
127 589 1.0
127 591 5.0
127 593 2.0
127 594 1.0
127 602 2.0
127 636 1.0
127 646 3.0
127 657 2.0
127 669 5.0
127 672 2.0
127 678 4.0
127 679 1.0
127 680 1.0
127 682 9.0
127 684 3.0
127 690 14.0
127 691 2.0
127 692 2.0
127 693 1.0
127 694 1.0
127 697 3.0
127 698 4.0
127 699 2.0
127 702 1.0
127 704 9.0
127 706 2.0
127 707 2.0
127 708 1.0
127 710 2.0
127 711 2.0
127 713 2.0
127 714 14.0
127 715 23.0
127 716 1.0
127 721 3.0
127 722 2.0
127 723 1.0
127 724 2.0
127 725 2.0
127 726 4.0
127 727 1.0
127 732 5.0
127 741 1.0
127 765 1.0
127 780 2.0
127 785 2.0
127 791 2.0
127 792 1.0
127 797 2.0
127 803 3.0
127 804 1.0
127 815 4.0
127 816 1.0
127 827 1.0
127 836 2.0
127 837 4.0
127 840 1.0
127 864 1.0
127 880 2.0
127 895 1.0
127 981 1.0
128 129 136.0
128 130 29.0
128 140 66.0
128 141 200.0
128 169 3.0
128 176 1.0
128 181 1.0
128 185 1.0
128 217 13.0
128 225 1.0
128 228 23.0
128 238 1.0
128 239 7.0
128 249 12.0
128 250 41.0
128 251 38.0
128 252 1.0
128 261 1.0
128 262 135.0
128 263 115.0
128 264 78.0
128 274 4.0
128 276 13.0
128 283 3.0
128 284 4.0
128 286 2.0
128 287 3.0
128 293 1.0
128 294 3.0
128 295 2.0
128 297 6.0
128 303 1.0
128 304 2.0
128 307 8.0
128 312 1.0
128 313 2.0
128 314 1.0
128 316 3.0
128 321 1.0
128 381 4.0
128 382 4.0
128 383 1.0
128 384 1.0
128 392 1.0
128 404 53.0
128 405 1.0
128 406 1.0
128 413 2.0
128 414 2.0
128 415 18.0
128 416 69.0
128 417 41.0
128 418 10.0
128 419 1.0
128 420 1.0
128 425 11.0
128 427 2.0
128 428 4.0
128 429 1.0
128 430 6.0
128 435 1.0
128 436 8.0
128 437 3.0
128 438 3.0
128 439 1.0
128 440 4.0
128 446 1.0
128 447 1.0
128 449 1.0
128 454 4.0
128 455 2.0
128 528 1.0
128 529 1.0
128 539 2.0
128 540 2.0
128 541 3.0
128 542 2.0
128 551 5.0
128 557 3.0
128 558 6.0
128 559 6.0
128 560 38.0
128 561 3.0
128 562 3.0
128 563 6.0
128 569 21.0
128 570 9.0
128 571 11.0
128 572 13.0
128 573 7.0
128 574 2.0
128 580 11.0
128 581 2.0
128 582 2.0
128 583 3.0
128 584 1.0
128 589 1.0
128 591 1.0
128 691 1.0
128 692 1.0
128 704 6.0
128 712 2.0
128 713 2.0
128 714 8.0
128 715 11.0
128 721 2.0
128 722 7.0
128 726 1.0
128 731 1.0
128 732 15.0
128 741 4.0
128 857 1.0
128 864 1.0
129 130 48.0
129 140 11.0
129 141 508.0
129 150 1.0
129 158 1.0
129 169 4.0
129 170 2.0
129 179 1.0
129 181 3.0
129 182 2.0
129 214 2.0
129 225 2.0
129 228 44.0
129 238 28.0
129 239 14.0
129 249 23.0
129 250 72.0
129 251 49.0
129 252 10.0
129 260 2.0
129 261 7.0
129 262 114.0
129 263 93.0
129 264 176.0
129 272 1.0
129 273 7.0
129 274 9.0
129 276 13.0
129 283 8.0
129 284 8.0
129 285 2.0
129 286 8.0
129 287 8.0
129 288 1.0
129 293 2.0
129 294 6.0
129 295 6.0
129 297 16.0
129 304 10.0
129 305 8.0
129 307 16.0
129 312 7.0
129 313 5.0
129 314 5.0
129 316 3.0
129 321 2.0
129 322 1.0
129 324 1.0
129 380 3.0
129 391 1.0
129 392 3.0
129 393 3.0
129 395 2.0
129 402 2.0
129 404 334.0
129 405 2.0
129 406 3.0
129 407 4.0
129 414 4.0
129 415 6.0
129 416 120.0
129 417 49.0
129 418 49.0
129 419 5.0
129 420 3.0
129 425 91.0
129 426 2.0
129 427 4.0
129 428 11.0
129 429 12.0
129 430 12.0
129 435 47.0
129 436 96.0
129 437 17.0
129 438 19.0
129 439 23.0
129 440 8.0
129 445 21.0
129 446 30.0
129 447 97.0
129 448 19.0
129 449 8.0
129 450 4.0
129 454 45.0
129 455 17.0
129 456 16.0
129 458 2.0
129 459 1.0
129 462 2.0
129 463 9.0
129 469 1.0
129 472 1.0
129 516 2.0
129 539 2.0
129 540 14.0
129 541 25.0
129 542 17.0
129 546 1.0
129 548 7.0
129 551 23.0
129 558 1.0
129 559 1.0
129 560 110.0
129 561 29.0
129 562 16.0
129 563 16.0
129 568 3.0
129 569 378.0
129 570 30.0
129 571 15.0
129 572 14.0
129 573 29.0
129 574 9.0
129 577 2.0
129 578 4.0
129 579 28.0
129 580 276.0
129 581 22.0
129 582 23.0
129 583 44.0
129 584 4.0
129 585 1.0
129 588 2.0
129 589 29.0
129 590 11.0
129 591 121.0
129 592 5.0
129 593 3.0
129 594 1.0
129 597 2.0
129 598 7.0
129 599 5.0
129 600 2.0
129 602 2.0
129 607 3.0
129 670 1.0
129 682 4.0
129 688 1.0
129 691 9.0
129 692 1.0
129 697 3.0
129 698 11.0
129 699 4.0
129 703 3.0
129 704 9.0
129 706 2.0
129 707 2.0
129 708 1.0
129 710 13.0
129 711 1.0
129 713 3.0
129 714 7.0
129 715 15.0
129 721 59.0
129 722 121.0
129 723 2.0
129 726 6.0
129 730 2.0
129 731 21.0
129 732 219.0
129 733 1.0
129 741 40.0
129 818 1.0
129 820 1.0
129 829 1.0
129 836 3.0
129 837 2.0
129 839 1.0
129 840 1.0
129 857 55.0
129 858 1.0
129 863 3.0
129 864 2.0
130 140 4.0
130 150 2.0
130 160 1.0
130 161 1.0
130 168 17.0
130 169 17.0
130 170 8.0
130 175 9.0
130 176 1.0
130 177 1.0
130 179 4.0
130 181 2.0
130 183 1.0
130 197 6.0
130 204 5.0
130 207 1.0
130 208 1.0
130 214 6.0
130 216 2.0
130 217 16.0
130 228 384.0
130 229 1.0
130 239 6.0
130 240 1.0
130 247 1.0
130 249 59.0
130 250 3.0
130 251 91.0
130 252 197.0
130 254 1.0
130 259 1.0
130 262 199.0
130 263 171.0
130 264 7.0
130 265 2.0
130 272 2.0
130 273 27.0
130 274 28.0
130 275 2.0
130 282 1.0
130 283 14.0
130 284 189.0
130 285 23.0
130 286 4.0
130 287 15.0
130 288 1.0
130 293 9.0
130 294 93.0
130 295 21.0
130 296 1.0
130 297 31.0
130 298 2.0
130 303 1.0
130 304 40.0
130 305 11.0
130 307 12.0
130 308 3.0
130 312 5.0
130 313 40.0
130 314 4.0
130 316 1.0
130 320 17.0
130 321 2.0
130 341 1.0
130 350 2.0
130 358 1.0
130 360 2.0
130 369 2.0
130 370 8.0
130 381 1.0
130 382 26.0
130 383 6.0
130 390 1.0
130 391 10.0
130 392 1.0
130 393 23.0
130 394 35.0
130 395 6.0
130 396 2.0
130 401 2.0
130 403 1.0
130 404 30.0
130 405 200.0
130 406 8.0
130 407 13.0
130 408 1.0
130 413 1.0
130 414 3.0
130 415 318.0
130 416 287.0
130 417 183.0
130 418 10.0
130 419 2.0
130 424 1.0
130 425 19.0
130 427 8.0
130 428 3.0
130 429 2.0
130 430 1.0
130 435 10.0
130 436 76.0
130 437 2.0
130 438 5.0
130 439 16.0
130 440 2.0
130 445 7.0
130 446 15.0
130 447 32.0
130 448 17.0
130 449 3.0
130 451 3.0
130 452 3.0
130 454 4.0
130 455 14.0
130 456 2.0
130 458 1.0
130 462 2.0
130 463 11.0
130 464 6.0
130 466 1.0
130 467 1.0
130 469 6.0
130 470 1.0
130 485 1.0
130 494 3.0
130 502 3.0
130 514 4.0
130 516 1.0
130 526 30.0
130 527 13.0
130 528 4.0
130 534 2.0
130 536 12.0
130 537 2.0
130 538 10.0
130 539 11.0
130 540 11.0
130 541 13.0
130 542 10.0
130 548 17.0
130 549 40.0
130 550 2.0
130 551 17.0
130 557 1.0
130 558 5.0
130 559 18.0
130 560 163.0
130 561 236.0
130 562 22.0
130 563 23.0
130 568 1.0
130 570 113.0
130 571 10.0
130 572 5.0
130 573 38.0
130 574 9.0
130 577 1.0
130 579 5.0
130 580 109.0
130 581 27.0
130 582 17.0
130 583 6.0
130 589 1.0
130 590 1.0
130 591 11.0
130 592 1.0
130 600 1.0
130 644 2.0
130 655 1.0
130 656 7.0
130 657 3.0
130 669 5.0
130 670 3.0
130 672 1.0
130 676 1.0
130 678 3.0
130 679 21.0
130 680 3.0
130 682 4.0
130 684 1.0
130 688 2.0
130 690 4.0
130 691 146.0
130 692 3.0
130 694 1.0
130 698 1.0
130 699 1.0
130 700 3.0
130 703 18.0
130 704 5.0
130 706 2.0
130 707 1.0
130 711 2.0
130 714 3.0
130 715 4.0
130 721 1.0
130 722 2.0
130 723 17.0
130 724 3.0
130 726 10.0
130 732 2.0
130 741 1.0
130 764 1.0
130 774 1.0
130 783 30.0
130 792 2.0
130 795 30.0
130 804 1.0
130 807 30.0
130 816 1.0
130 819 29.0
130 827 1.0
130 830 3.0
130 836 4.0
130 837 5.0
130 840 1.0
130 852 1.0
130 860 1.0
130 880 1.0
130 895 1.0
130 972 1.0
130 981 1.0
131 132 10.0
131 142 58.0
131 144 6.0
131 154 1.0
131 165 1.0
131 241 3.0
131 252 1.0
131 253 95.0
131 254 2.0
131 266 2.0
131 341 3.0
131 360 6.0
131 361 26.0
131 362 16.0
131 371 11.0
131 372 17.0
131 383 40.0
131 384 4.0
131 385 1.0
131 392 1.0
131 393 4.0
131 394 10.0
131 405 1.0
131 416 2.0
131 502 3.0
131 514 3.0
131 527 1.0
131 528 1.0
131 529 4.0
131 537 2.0
131 538 1.0
131 549 7.0
131 561 1.0
131 581 1.0
131 635 2.0
131 657 1.0
131 670 1.0
131 682 1.0
131 691 1.0
131 694 1.0
131 706 1.0
131 764 2.0
131 880 2.0
132 142 4.0
132 143 23.0
132 144 39.0
132 153 1.0
132 154 9.0
132 165 3.0
132 170 2.0
132 241 2.0
132 242 5.0
132 252 1.0
132 253 27.0
132 254 92.0
132 266 16.0
132 274 2.0
132 285 2.0
132 290 5.0
132 307 1.0
132 316 1.0
132 341 11.0
132 350 5.0
132 351 4.0
132 360 36.0
132 361 11.0
132 362 2.0
132 371 43.0
132 372 51.0
132 381 3.0
132 382 11.0
132 383 15.0
132 384 19.0
132 392 3.0
132 393 2.0
132 394 4.0
132 396 9.0
132 404 2.0
132 405 1.0
132 417 1.0
132 439 1.0
132 494 4.0
132 505 21.0
132 513 1.0
132 514 4.0
132 516 35.0
132 517 13.0
132 526 7.0
132 528 2.0
132 537 1.0
132 538 5.0
132 542 3.0
132 549 2.0
132 561 4.0
132 634 1.0
132 644 1.0
132 646 1.0
132 657 4.0
132 659 15.0
132 670 1.0
132 682 1.0
132 691 4.0
132 694 1.0
132 706 4.0
132 713 3.0
132 714 3.0
132 764 1.0
132 880 1.0
133 134 27.0
133 144 6.0
133 154 38.0
133 165 1.0
133 231 1.0
133 243 2.0
133 244 1.0
133 255 15.0
133 266 131.0
133 267 12.0
133 278 63.0
133 372 5.0
133 385 1.0
133 407 4.0
133 408 5.0
133 415 1.0
133 419 4.0
133 430 2.0
133 449 1.0
133 505 1.0
133 517 1.0
133 551 1.0
133 559 1.0
133 562 3.0
133 563 1.0
133 570 1.0
133 572 2.0
133 714 1.0
134 154 14.0
134 266 27.0
134 267 10.0
134 278 4.0
134 407 1.0
134 551 1.0
136 137 68.0
136 148 81.0
136 149 50.0
136 150 1.0
136 222 3.0
136 223 4.0
136 225 1.0
136 226 1.0
136 234 3.0
136 235 4.0
136 246 30.0
136 247 312.0
136 257 4.0
136 258 109.0
136 259 130.0
136 260 5.0
136 271 1.0
136 272 1.0
136 329 2.0
136 335 1.0
136 344 4.0
136 345 12.0
136 353 119.0
136 354 9.0
136 355 28.0
136 364 6.0
136 365 223.0
136 367 2.0
136 375 1.0
136 376 23.0
136 377 597.0
136 378 15.0
136 388 20.0
136 389 81.0
136 390 11.0
136 391 5.0
136 401 27.0
136 402 6.0
136 416 2.0
136 424 1.0
136 426 1.0
136 428 1.0
136 447 1.0
136 488 2.0
136 489 2.0
136 497 9.0
136 498 6.0
136 499 8.0
136 507 59.0
136 508 280.0
136 509 124.0
136 510 2.0
136 511 9.0
136 519 4.0
136 521 57.0
136 522 6.0
136 523 1.0
136 535 4.0
136 536 7.0
136 546 5.0
136 548 4.0
136 560 2.0
136 561 4.0
136 580 1.0
136 590 1.0
136 631 13.0
136 640 9.0
136 649 2.0
136 650 8.0
136 653 4.0
136 662 2.0
136 663 4.0
136 678 4.0
136 679 4.0
136 688 5.0
136 754 4.0
136 778 1.0
136 791 9.0
136 816 4.0
136 903 2.0
137 138 1.0
137 148 16.0
137 149 36.0
137 150 38.0
137 151 1.0
137 158 12.0
137 223 23.0
137 225 1.0
137 235 87.0
137 246 16.0
137 247 510.0
137 258 67.0
137 259 1173.0
137 260 15.0
137 270 11.0
137 271 1.0
137 272 11.0
137 277 2.0
137 281 24.0
137 283 5.0
137 284 3.0
137 293 1.0
137 294 7.0
137 295 4.0
137 303 1.0
137 304 6.0
137 312 1.0
137 313 7.0
137 320 2.0
137 329 5.0
137 336 1.0
137 344 6.0
137 345 2.0
137 353 41.0
137 354 6.0
137 355 35.0
137 356 1.0
137 364 3.0
137 365 167.0
137 375 9.0
137 376 17.0
137 377 646.0
137 378 25.0
137 379 7.0
137 388 8.0
137 389 377.0
137 390 19.0
137 391 11.0
137 401 1.0
137 402 29.0
137 403 6.0
137 407 2.0
137 413 4.0
137 415 2.0
137 416 4.0
137 424 24.0
137 425 1.0
137 426 3.0
137 427 7.0
137 436 3.0
137 437 3.0
137 438 2.0
137 464 5.0
137 488 6.0
137 489 2.0
137 497 9.0
137 498 15.0
137 499 3.0
137 507 68.0
137 508 109.0
137 509 498.0
137 511 23.0
137 519 2.0
137 521 805.0
137 522 49.0
137 523 34.0
137 524 1.0
137 535 16.0
137 536 32.0
137 537 3.0
137 538 3.0
137 539 2.0
137 546 11.0
137 548 16.0
137 550 1.0
137 559 3.0
137 560 21.0
137 561 1.0
137 631 54.0
137 640 44.0
137 649 41.0
137 650 241.0
137 652 6.0
137 653 20.0
137 654 2.0
137 661 10.0
137 662 47.0
137 663 96.0
137 678 5.0
137 679 2.0
137 680 1.0
137 688 11.0
137 690 1.0
137 712 1.0
137 713 2.0
137 714 1.0
137 715 1.0
137 754 5.0
137 767 2.0
137 769 1.0
137 778 36.0
137 791 158.0
137 794 1.0
137 806 1.0
137 816 8.0
137 818 1.0
137 873 1.0
137 893 2.0
137 895 9.0
137 903 7.0
137 981 3.0
138 150 1.0
138 223 4.0
138 226 1.0
138 234 1.0
138 235 11.0
138 237 1.0
138 246 6.0
138 247 18.0
138 248 1.0
138 258 37.0
138 259 42.0
138 260 221.0
138 272 8.0
138 294 1.0
138 295 1.0
138 355 1.0
138 364 4.0
138 365 1.0
138 368 1.0
138 375 2.0
138 376 3.0
138 377 36.0
138 378 20.0
138 379 13.0
138 380 1.0
138 388 7.0
138 389 14.0
138 390 59.0
138 402 45.0
138 414 5.0
138 426 1.0
138 436 2.0
138 488 1.0
138 497 1.0
138 507 18.0
138 508 44.0
138 509 63.0
138 511 19.0
138 519 1.0
138 521 194.0
138 522 97.0
138 523 3.0
138 535 1.0
138 541 1.0
138 542 1.0
138 546 20.0
138 547 1.0
138 550 1.0
138 551 1.0
138 558 2.0
138 559 2.0
138 562 1.0
138 569 1.0
138 570 1.0
138 573 1.0
138 580 2.0
138 590 2.0
138 631 127.0
138 640 46.0
138 649 7.0
138 650 4.0
138 652 4.0
138 653 20.0
138 663 41.0
138 664 3.0
138 682 1.0
138 688 17.0
138 690 1.0
138 691 1.0
138 701 2.0
138 703 1.0
138 704 1.0
138 711 1.0
138 712 3.0
138 713 1.0
138 769 4.0
138 771 1.0
138 779 2.0
138 782 2.0
138 791 51.0
138 803 2.0
138 804 1.0
138 816 16.0
138 827 1.0
138 828 1.0
138 895 6.0
138 903 2.0
138 915 1.0
138 924 1.0
138 925 4.0
138 981 1.0
138 997 1.0
140 141 46.0
140 228 3.0
140 238 4.0
140 250 12.0
140 251 6.0
140 260 2.0
140 262 84.0
140 263 3.0
140 273 3.0
140 274 8.0
140 283 1.0
140 284 1.0
140 287 1.0
140 294 2.0
140 297 1.0
140 304 3.0
140 305 1.0
140 312 1.0
140 313 1.0
140 381 2.0
140 382 1.0
140 402 3.0
140 404 29.0
140 413 3.0
140 415 23.0
140 416 59.0
140 418 2.0
140 419 2.0
140 420 2.0
140 425 30.0
140 426 1.0
140 435 6.0
140 436 15.0
140 437 5.0
140 438 5.0
140 439 4.0
140 445 2.0
140 446 5.0
140 447 7.0
140 448 4.0
140 454 5.0
140 455 5.0
140 456 2.0
140 462 1.0
140 463 3.0
140 469 1.0
140 534 1.0
140 540 3.0
140 541 13.0
140 542 11.0
140 546 3.0
140 551 8.0
140 557 2.0
140 558 2.0
140 559 2.0
140 560 14.0
140 561 2.0
140 562 1.0
140 563 10.0
140 569 56.0
140 570 37.0
140 573 9.0
140 574 1.0
140 577 2.0
140 578 2.0
140 579 4.0
140 580 47.0
140 581 21.0
140 582 15.0
140 583 14.0
140 589 3.0
140 591 9.0
140 592 1.0
140 598 1.0
140 662 1.0
140 682 2.0
140 684 1.0
140 688 1.0
140 691 1.0
140 693 1.0
140 697 1.0
140 698 6.0
140 699 1.0
140 704 1.0
140 710 10.0
140 715 4.0
140 721 6.0
140 722 8.0
140 727 1.0
140 730 1.0
140 731 4.0
140 732 27.0
140 741 10.0
140 821 1.0
140 828 1.0
140 840 1.0
140 857 5.0
140 863 1.0
140 930 1.0
141 158 1.0
141 169 2.0
141 170 1.0
141 181 1.0
141 182 1.0
141 238 19.0
141 239 6.0
141 250 43.0
141 251 13.0
141 252 2.0
141 260 2.0
141 261 1.0
141 262 15.0
141 263 85.0
141 264 3.0
141 273 1.0
141 283 3.0
141 284 4.0
141 288 1.0
141 293 2.0
141 294 3.0
141 295 2.0
141 304 5.0
141 305 3.0
141 312 6.0
141 313 4.0
141 314 1.0
141 321 1.0
141 381 1.0
141 393 2.0
141 395 3.0
141 402 2.0
141 404 64.0
141 405 1.0
141 406 1.0
141 414 3.0
141 415 2.0
141 416 15.0
141 417 5.0
141 419 3.0
141 425 60.0
141 427 1.0
141 428 4.0
141 429 3.0
141 435 10.0
141 436 29.0
141 437 4.0
141 438 11.0
141 439 4.0
141 445 9.0
141 446 14.0
141 447 24.0
141 448 5.0
141 454 22.0
141 455 6.0
141 456 7.0
141 462 1.0
141 463 6.0
141 516 3.0
141 540 6.0
141 541 14.0
141 542 9.0
141 546 1.0
141 551 4.0
141 558 1.0
141 560 8.0
141 561 1.0
141 563 10.0
141 568 1.0
141 569 291.0
141 570 17.0
141 571 2.0
141 573 13.0
141 577 1.0
141 578 2.0
141 579 18.0
141 580 112.0
141 581 13.0
141 582 15.0
141 583 22.0
141 588 2.0
141 589 25.0
141 590 5.0
141 591 35.0
141 592 3.0
141 597 1.0
141 598 5.0
141 599 2.0
141 600 1.0
141 607 1.0
141 682 2.0
141 688 1.0
141 697 2.0
141 698 8.0
141 699 3.0
141 704 1.0
141 710 8.0
141 711 2.0
141 715 1.0
141 721 50.0
141 722 79.0
141 730 1.0
141 731 18.0
141 732 162.0
141 741 26.0
141 836 1.0
141 840 1.0
141 857 41.0
141 863 3.0
141 864 2.0
142 143 47.0
142 144 8.0
142 153 1.0
142 154 11.0
142 164 1.0
142 165 5.0
142 241 7.0
142 253 97.0
142 254 22.0
142 266 21.0
142 278 1.0
142 279 3.0
142 290 1.0
142 341 1.0
142 360 16.0
142 361 18.0
142 362 16.0
142 371 17.0
142 372 21.0
142 383 65.0
142 384 8.0
142 385 8.0
142 386 4.0
142 393 1.0
142 394 2.0
142 396 1.0
142 397 11.0
142 409 3.0
142 410 1.0
142 416 1.0
142 421 3.0
142 422 3.0
142 502 1.0
142 514 2.0
142 516 2.0
142 517 1.0
142 529 5.0
142 537 1.0
142 541 1.0
142 542 2.0
142 549 1.0
142 553 1.0
142 657 1.0
142 706 1.0
143 144 41.0
143 153 5.0
143 154 8.0
143 164 2.0
143 165 1.0
143 230 3.0
143 241 18.0
143 242 2.0
143 252 1.0
143 253 7.0
143 254 150.0
143 255 2.0
143 265 1.0
143 266 173.0
143 267 3.0
143 279 3.0
143 290 8.0
143 341 2.0
143 360 29.0
143 361 13.0
143 362 13.0
143 371 33.0
143 372 106.0
143 383 31.0
143 384 68.0
143 385 34.0
143 386 24.0
143 393 1.0
143 394 1.0
143 395 1.0
143 396 3.0
143 397 11.0
143 409 2.0
143 421 3.0
143 422 1.0
143 494 1.0
143 505 3.0
143 516 9.0
143 517 5.0
143 528 1.0
143 529 6.0
143 530 4.0
143 541 1.0
143 542 5.0
143 549 1.0
143 553 1.0
143 657 3.0
143 659 1.0
143 706 3.0
144 145 19.0
144 153 5.0
144 154 11.0
144 155 3.0
144 156 1.0
144 164 1.0
144 165 5.0
144 170 2.0
144 230 1.0
144 231 1.0
144 242 3.0
144 243 2.0
144 253 8.0
144 254 131.0
144 255 57.0
144 265 5.0
144 266 137.0
144 267 11.0
144 268 4.0
144 274 2.0
144 278 9.0
144 279 6.0
144 285 2.0
144 296 3.0
144 298 3.0
144 307 1.0
144 316 1.0
144 317 1.0
144 341 4.0
144 351 3.0
144 360 45.0
144 361 29.0
144 371 48.0
144 372 170.0
144 373 1.0
144 381 3.0
144 382 10.0
144 383 14.0
144 384 45.0
144 385 39.0
144 386 10.0
144 392 2.0
144 393 2.0
144 395 3.0
144 396 12.0
144 397 3.0
144 398 4.0
144 404 2.0
144 409 3.0
144 410 3.0
144 418 1.0
144 419 5.0
144 420 4.0
144 421 5.0
144 422 1.0
144 430 3.0
144 431 2.0
144 439 1.0
144 440 6.0
144 459 1.0
144 494 4.0
144 505 17.0
144 506 1.0
144 513 1.0
144 514 2.0
144 516 73.0
144 517 51.0
144 518 22.0
144 526 5.0
144 528 5.0
144 529 2.0
144 530 4.0
144 538 4.0
144 541 2.0
144 542 3.0
144 553 1.0
144 562 3.0
144 572 3.0
144 634 1.0
144 644 1.0
144 646 3.0
144 648 1.0
144 657 4.0
144 659 15.0
144 670 2.0
144 682 2.0
144 694 2.0
144 706 4.0
144 713 3.0
144 714 3.0
144 764 1.0
144 880 1.0
145 154 9.0
145 155 2.0
145 164 1.0
145 165 4.0
145 231 54.0
145 243 61.0
145 254 19.0
145 255 251.0
145 266 6.0
145 267 10.0
145 268 39.0
145 278 2.0
145 288 5.0
145 298 5.0
145 341 2.0
145 351 4.0
145 372 155.0
145 373 31.0
145 384 5.0
145 385 116.0
145 396 1.0
145 397 6.0
145 398 11.0
145 410 1.0
145 517 13.0
145 518 10.0
145 529 34.0
146 254 4.0
146 267 4.0
146 397 3.0
146 398 1.0
148 149 18.0
148 150 2.0
148 169 2.0
148 205 1.0
148 215 1.0
148 222 4.0
148 223 23.0
148 225 10.0
148 226 9.0
148 227 8.0
148 234 14.0
148 235 303.0
148 236 10.0
148 238 5.0
148 245 13.0
148 246 48.0
148 247 909.0
148 248 10.0
148 249 4.0
148 257 16.0
148 258 32.0
148 259 4003.0
148 270 2.0
148 272 2.0
148 283 1.0
148 285 3.0
148 295 1.0
148 335 2.0
148 336 7.0
148 344 13.0
148 345 15.0
148 353 248.0
148 354 14.0
148 355 99.0
148 356 2.0
148 359 2.0
148 364 6.0
148 365 1032.0
148 366 7.0
148 367 7.0
148 368 7.0
148 375 1.0
148 376 5.0
148 377 3392.0
148 378 217.0
148 379 42.0
148 380 1.0
148 388 1.0
148 389 2857.0
148 390 261.0
148 391 72.0
148 392 1.0
148 395 1.0
148 401 10.0
148 402 1.0
148 404 2.0
148 416 11.0
148 419 1.0
148 426 2.0
148 427 2.0
148 428 3.0
148 429 1.0
148 447 2.0
148 488 1.0
148 489 20.0
148 497 61.0
148 498 23.0
148 499 30.0
148 507 53.0
148 508 348.0
148 509 1292.0
148 510 23.0
148 511 148.0
148 512 1.0
148 516 1.0
148 520 5.0
148 521 178.0
148 522 12.0
148 523 143.0
148 524 2.0
148 533 1.0
148 535 12.0
148 536 34.0
148 548 19.0
148 560 8.0
148 561 5.0
148 573 1.0
148 580 2.0
148 590 2.0
148 630 1.0
148 631 32.0
148 639 3.0
148 640 42.0
148 649 253.0
148 650 595.0
148 651 6.0
148 653 117.0
148 654 1.0
148 661 4.0
148 662 19.0
148 663 8.0
148 678 5.0
148 679 5.0
148 690 1.0
148 704 1.0
148 753 2.0
148 754 17.0
148 760 5.0
148 767 22.0
148 768 11.0
148 769 13.0
148 778 52.0
148 779 1.0
148 782 9.0
148 791 11.0
148 794 4.0
148 806 4.0
148 818 4.0
148 873 1.0
148 877 2.0
148 893 1.0
148 895 4.0
148 903 4.0
148 981 1.0
149 150 71.0
149 158 329.0
149 213 12.0
149 222 7.0
149 223 36.0
149 224 8.0
149 225 9.0
149 234 20.0
149 235 190.0
149 236 1.0
149 237 3.0
149 238 1.0
149 246 73.0
149 247 559.0
149 248 38.0
149 249 13.0
149 257 6.0
149 258 163.0
149 259 2218.0
149 260 7.0
149 270 1.0
149 271 827.0
149 272 9.0
149 281 15.0
149 282 24.0
149 329 1.0
149 335 2.0
149 336 4.0
149 344 8.0
149 345 2.0
149 353 10.0
149 354 1.0
149 355 27.0
149 356 1.0
149 363 1.0
149 364 19.0
149 365 60.0
149 370 1.0
149 375 20.0
149 376 27.0
149 377 580.0
149 378 121.0
149 379 17.0
149 381 1.0
149 382 1.0
149 387 1.0
149 388 19.0
149 389 2658.0
149 390 30.0
149 391 21.0
149 392 2.0
149 395 1.0
149 401 1145.0
149 402 7.0
149 416 1.0
149 419 1.0
149 424 1.0
149 425 16.0
149 426 4.0
149 427 1.0
149 428 1.0
149 429 1.0
149 436 3.0
149 446 1.0
149 447 4.0
149 455 1.0
149 463 1.0
149 488 3.0
149 489 3.0
149 497 38.0
149 498 14.0
149 499 3.0
149 507 533.0
149 508 593.0
149 509 2202.0
149 510 2.0
149 511 42.0
149 512 1.0
149 516 1.0
149 519 2.0
149 520 17.0
149 521 1192.0
149 522 82.0
149 523 10.0
149 524 2.0
149 525 1.0
149 531 3.0
149 535 13.0
149 536 9.0
149 546 3.0
149 548 9.0
149 550 1.0
149 560 7.0
149 561 3.0
149 579 8.0
149 580 4.0
149 589 7.0
149 590 9.0
149 598 2.0
149 599 3.0
149 607 1.0
149 631 102.0
149 640 95.0
149 649 100.0
149 650 1111.0
149 651 8.0
149 653 34.0
149 661 2.0
149 662 27.0
149 663 37.0
149 678 8.0
149 679 4.0
149 680 1.0
149 688 3.0
149 690 1.0
149 740 1.0
149 754 2.0
149 760 1.0
149 767 21.0
149 769 18.0
149 771 1.0
149 778 96.0
149 782 3.0
149 791 28.0
149 792 2.0
149 794 1.0
149 806 1.0
149 816 3.0
149 895 10.0
149 925 3.0
149 981 5.0
150 151 40.0
150 158 142.0
150 161 8.0
150 169 6.0
150 170 7.0
150 171 2.0
150 176 3.0
150 177 5.0
150 181 5.0
150 182 2.0
150 223 6.0
150 225 1.0
150 228 1.0
150 235 27.0
150 237 2.0
150 238 1.0
150 239 1.0
150 247 290.0
150 248 1.0
150 249 2.0
150 250 2.0
150 251 1.0
150 252 4.0
150 258 18.0
150 259 44.0
150 260 941.0
150 261 4.0
150 262 2.0
150 264 4.0
150 265 1.0
150 272 722.0
150 273 58.0
150 274 55.0
150 275 2.0
150 276 2.0
150 277 16.0
150 283 14.0
150 284 23.0
150 285 25.0
150 286 8.0
150 287 4.0
150 288 4.0
150 293 1.0
150 294 51.0
150 295 19.0
150 296 1.0
150 297 3.0
150 298 1.0
150 303 2.0
150 304 33.0
150 305 11.0
150 308 1.0
150 312 6.0
150 313 39.0
150 314 2.0
150 316 1.0
150 317 1.0
150 320 12.0
150 321 2.0
150 322 6.0
150 329 1.0
150 336 7.0
150 340 1.0
150 353 1.0
150 354 1.0
150 355 6.0
150 365 30.0
150 377 80.0
150 378 107.0
150 379 26.0
150 380 7.0
150 381 1.0
150 382 1.0
150 383 1.0
150 384 1.0
150 389 62.0
150 390 515.0
150 391 3.0
150 392 1.0
150 393 2.0
150 394 2.0
150 395 2.0
150 401 10.0
150 402 826.0
150 403 40.0
150 404 5.0
150 405 8.0
150 406 52.0
150 407 23.0
150 408 1.0
150 413 13.0
150 414 246.0
150 415 26.0
150 416 4.0
150 417 17.0
150 418 14.0
150 419 18.0
150 420 6.0
150 424 6.0
150 425 6.0
150 426 123.0
150 427 77.0
150 428 57.0
150 429 10.0
150 431 3.0
150 435 2.0
150 436 168.0
150 437 71.0
150 438 61.0
150 439 40.0
150 440 1.0
150 446 6.0
150 447 76.0
150 448 33.0
150 449 5.0
150 454 1.0
150 455 6.0
150 456 5.0
150 463 7.0
150 464 16.0
150 469 2.0
150 488 2.0
150 489 5.0
150 494 1.0
150 497 1.0
150 498 1.0
150 499 3.0
150 507 26.0
150 508 29.0
150 509 128.0
150 511 18.0
150 520 2.0
150 521 153.0
150 522 814.0
150 523 16.0
150 524 2.0
150 527 3.0
150 528 1.0
150 529 1.0
150 533 8.0
150 534 11.0
150 535 25.0
150 536 11.0
150 537 4.0
150 538 1.0
150 539 13.0
150 540 3.0
150 541 9.0
150 542 7.0
150 546 152.0
150 547 22.0
150 548 6.0
150 549 5.0
150 550 14.0
150 551 22.0
150 558 70.0
150 559 54.0
150 560 12.0
150 561 7.0
150 562 47.0
150 563 3.0
150 569 2.0
150 570 24.0
150 571 9.0
150 572 1.0
150 573 15.0
150 574 1.0
150 579 1.0
150 580 61.0
150 581 12.0
150 582 11.0
150 583 4.0
150 589 1.0
150 590 53.0
150 591 3.0
150 600 1.0
150 631 103.0
150 640 25.0
150 641 6.0
150 646 1.0
150 650 26.0
150 652 40.0
150 653 18.0
150 662 7.0
150 663 34.0
150 664 38.0
150 675 10.0
150 676 26.0
150 677 2.0
150 678 4.0
150 679 2.0
150 680 2.0
150 682 4.0
150 684 1.0
150 687 18.0
150 688 181.0
150 689 3.0
150 690 18.0
150 691 9.0
150 692 1.0
150 699 18.0
150 700 36.0
150 701 25.0
150 703 18.0
150 704 20.0
150 712 28.0
150 713 10.0
150 714 1.0
150 715 6.0
150 721 1.0
150 722 3.0
150 723 4.0
150 726 1.0
150 727 1.0
150 754 2.0
150 769 38.0
150 779 1.0
150 782 7.0
150 790 1.0
150 791 47.0
150 792 3.0
150 793 1.0
150 794 2.0
150 803 26.0
150 804 29.0
150 805 4.0
150 806 1.0
150 816 135.0
150 817 2.0
150 818 1.0
150 827 15.0
150 828 6.0
150 838 1.0
150 857 1.0
150 895 11.0
150 913 2.0
150 914 8.0
150 915 16.0
150 916 4.0
150 924 10.0
150 925 21.0
150 926 1.0
150 936 2.0
150 945 1.0
150 981 3.0
150 989 1.0
150 997 12.0
150 998 15.0
150 1007 1.0
150 1015 3.0
150 1046 1.0
150 1051 2.0
150 1052 3.0
150 1063 3.0
151 247 27.0
151 259 1.0
151 260 3.0
151 295 1.0
151 336 1.0
151 354 1.0
151 355 1.0
151 365 6.0
151 377 1.0
151 378 9.0
151 379 2.0
151 391 1.0
151 402 3.0
151 407 1.0
151 427 1.0
151 488 1.0
151 497 1.0
151 498 1.0
151 509 6.0
151 511 1.0
151 521 7.0
151 535 2.0
151 536 1.0
151 537 1.0
151 538 1.0
151 539 1.0
151 546 1.0
151 548 1.0
151 560 2.0
151 561 1.0
151 653 1.0
151 663 1.0
151 676 1.0
151 678 1.0
151 679 1.0
151 688 1.0
151 782 1.0
151 791 1.0
151 804 1.0
151 816 1.0
151 915 1.0
151 925 1.0
151 1052 1.0
153 154 18.0
153 179 1.0
153 230 7.0
153 231 1.0
153 241 1.0
153 242 12.0
153 243 13.0
153 252 5.0
153 253 20.0
153 254 446.0
153 255 24.0
153 256 3.0
153 265 53.0
153 266 496.0
153 267 17.0
153 268 1.0
153 272 3.0
153 273 5.0
153 277 425.0
153 278 16.0
153 285 2.0
153 286 2.0
153 287 18.0
153 288 14.0
153 297 4.0
153 305 1.0
153 307 5.0
153 316 5.0
153 325 1.0
153 333 5.0
153 360 5.0
153 361 2.0
153 371 9.0
153 372 177.0
153 382 4.0
153 383 7.0
153 384 277.0
153 385 43.0
153 386 28.0
153 394 4.0
153 395 274.0
153 396 28.0
153 397 21.0
153 398 12.0
153 403 1.0
153 405 2.0
153 406 20.0
153 407 429.0
153 408 23.0
153 415 1.0
153 416 1.0
153 417 24.0
153 418 1.0
153 419 1.0
153 429 1.0
153 430 1.0
153 431 2.0
153 436 4.0
153 438 4.0
153 439 9.0
153 446 5.0
153 447 1.0
153 448 1.0
153 450 1.0
153 455 3.0
153 463 3.0
153 467 2.0
153 472 2.0
153 485 17.0
153 494 20.0
153 505 8.0
153 516 258.0
153 517 5.0
153 518 1.0
153 525 1.0
153 526 1.0
153 527 174.0
153 528 33.0
153 529 33.0
153 530 2.0
153 537 1.0
153 538 2.0
153 539 55.0
153 540 23.0
153 541 37.0
153 542 42.0
153 549 4.0
153 550 1.0
153 551 134.0
153 552 2.0
153 559 2.0
153 561 3.0
153 562 1.0
153 572 1.0
153 574 12.0
153 584 10.0
153 636 19.0
153 646 1.0
153 655 1.0
153 658 1.0
153 659 5.0
153 669 6.0
153 670 11.0
153 672 5.0
153 681 1.0
153 682 5.0
153 683 9.0
153 684 4.0
153 693 122.0
153 694 4.0
153 715 1.0
153 811 1.0
153 819 2.0
153 820 13.0
153 821 118.0
153 822 27.0
153 823 10.0
153 824 3.0
153 831 2.0
153 921 1.0
153 929 1.0
153 930 41.0
153 931 33.0
153 939 17.0
153 940 2.0
153 1011 4.0
153 1018 18.0
153 1019 1.0
153 1066 1.0
154 155 7.0
154 161 1.0
154 165 643.0
154 230 6.0
154 231 9.0
154 242 3.0
154 243 49.0
154 244 8.0
154 253 5.0
154 254 1183.0
154 255 509.0
154 256 9.0
154 265 5.0
154 266 1124.0
154 267 272.0
154 268 14.0
154 272 1.0
154 273 4.0
154 277 2.0
154 278 56.0
154 279 1.0
154 284 1.0
154 285 5.0
154 286 5.0
154 287 61.0
154 288 79.0
154 290 17.0
154 296 4.0
154 298 17.0
154 307 2.0
154 316 1.0
154 317 1.0
154 324 1.0
154 325 2.0
154 341 1.0
154 351 9.0
154 360 8.0
154 371 11.0
154 372 549.0
154 373 7.0
154 383 1.0
154 384 229.0
154 385 501.0
154 386 132.0
154 397 135.0
154 398 70.0
154 405 3.0
154 406 7.0
154 407 2.0
154 408 2.0
154 409 1.0
154 417 7.0
154 418 5.0
154 419 6.0
154 420 2.0
154 422 1.0
154 428 1.0
154 429 4.0
154 431 1.0
154 435 3.0
154 436 3.0
154 438 3.0
154 439 11.0
154 446 2.0
154 447 2.0
154 448 1.0
154 449 10.0
154 450 1.0
154 451 1.0
154 452 1.0
154 454 1.0
154 455 1.0
154 458 3.0
154 459 1.0
154 462 1.0
154 463 1.0
154 466 3.0
154 505 14.0
154 516 4.0
154 517 48.0
154 518 12.0
154 529 39.0
154 530 42.0
154 540 1.0
154 541 4.0
154 542 4.0
154 551 9.0
154 559 2.0
154 574 2.0
154 672 1.0
154 682 1.0
154 683 1.0
154 704 1.0
154 713 1.0
154 714 1.0
155 156 3.0
155 243 9.0
155 244 2.0
155 254 7.0
155 255 15.0
155 256 2.0
155 266 2.0
155 267 10.0
155 268 1.0
155 287 3.0
155 288 5.0
155 298 3.0
155 372 2.0
155 373 5.0
155 384 1.0
155 385 5.0
155 397 2.0
155 398 4.0
155 405 1.0
155 406 2.0
155 417 1.0
155 418 2.0
156 243 1.0
156 255 3.0
156 267 1.0
156 373 1.0
156 385 1.0
158 160 13.0
158 161 12.0
158 163 1.0
158 167 1.0
158 168 9.0
158 169 84.0
158 170 51.0
158 176 8.0
158 177 31.0
158 181 44.0
158 182 18.0
158 223 3.0
158 225 1.0
158 235 6.0
158 237 1.0
158 246 2.0
158 247 47.0
158 249 1.0
158 250 1.0
158 252 1.0
158 257 5.0
158 258 27.0
158 259 107.0
158 260 20.0
158 265 2.0
158 266 2.0
158 271 287.0
158 272 1013.0
158 273 13.0
158 274 6.0
158 275 1.0
158 276 1.0
158 282 1.0
158 283 2151.0
158 284 1127.0
158 285 55.0
158 286 8.0
158 287 10.0
158 288 2.0
158 292 7.0
158 293 3.0
158 294 1904.0
158 295 195.0
158 296 6.0
158 297 10.0
158 298 2.0
158 302 1.0
158 303 44.0
158 304 483.0
158 305 124.0
158 307 1.0
158 311 1.0
158 312 19.0
158 313 701.0
158 314 23.0
158 316 1.0
158 319 2.0
158 320 239.0
158 321 178.0
158 322 45.0
158 327 1.0
158 333 1.0
158 335 2.0
158 344 6.0
158 353 2.0
158 355 2.0
158 365 6.0
158 375 1.0
158 376 1.0
158 377 20.0
158 378 8.0
158 379 1.0
158 389 284.0
158 390 33.0
158 395 2.0
158 401 304.0
158 402 55.0
158 403 13.0
158 404 1.0
158 406 10.0
158 407 33.0
158 413 2.0
158 414 15.0
158 415 17.0
158 416 11.0
158 419 30.0
158 424 2.0
158 425 1301.0
158 426 86.0
158 427 12.0
158 428 19.0
158 429 4.0
158 430 3.0
158 435 42.0
158 436 561.0
158 437 19.0
158 438 38.0
158 439 92.0
158 440 2.0
158 444 9.0
158 445 14.0
158 446 577.0
158 447 730.0
158 448 209.0
158 449 61.0
158 453 2.0
158 454 18.0
158 455 426.0
158 456 70.0
158 463 420.0
158 464 69.0
158 469 93.0
158 470 28.0
158 494 1.0
158 497 1.0
158 498 7.0
158 507 47.0
158 508 50.0
158 509 244.0
158 511 12.0
158 516 4.0
158 520 8.0
158 521 204.0
158 522 77.0
158 523 10.0
158 527 1.0
158 531 3.0
158 535 1.0
158 536 7.0
158 539 17.0
158 540 12.0
158 541 19.0
158 542 15.0
158 547 2.0
158 548 7.0
158 550 1.0
158 551 65.0
158 558 9.0
158 559 14.0
158 560 2.0
158 562 8.0
158 569 1.0
158 570 4.0
158 571 1.0
158 573 10.0
158 574 3.0
158 576 1.0
158 578 5.0
158 579 523.0
158 580 32.0
158 581 2.0
158 582 2.0
158 583 5.0
158 587 1.0
158 588 1.0
158 589 436.0
158 590 148.0
158 591 83.0
158 598 120.0
158 599 93.0
158 600 17.0
158 602 1.0
158 607 25.0
158 614 1.0
158 631 21.0
158 640 8.0
158 641 1.0
158 646 1.0
158 650 75.0
158 651 2.0
158 652 4.0
158 653 12.0
158 661 1.0
158 662 8.0
158 663 1.0
158 664 6.0
158 669 1.0
158 682 5.0
158 684 1.0
158 688 4.0
158 690 1.0
158 692 1.0
158 693 8.0
158 699 4.0
158 700 5.0
158 701 2.0
158 703 2.0
158 704 4.0
158 710 2.0
158 711 1.0
158 712 18.0
158 713 11.0
158 714 2.0
158 715 10.0
158 719 10.0
158 720 24.0
158 722 1.0
158 723 45.0
158 725 1.0
158 726 2.0
158 730 7.0
158 731 18.0
158 732 4.0
158 733 1.0
158 739 6.0
158 740 14.0
158 741 16.0
158 742 1.0
158 769 5.0
158 778 16.0
158 782 1.0
158 791 11.0
158 803 4.0
158 806 3.0
158 816 2.0
158 818 33.0
158 820 3.0
158 821 1.0
158 827 1.0
158 829 33.0
158 831 1.0
158 837 11.0
158 838 2.0
158 839 18.0
158 895 3.0
158 929 2.0
158 939 2.0
158 981 2.0
158 1002 1.0
158 1011 1.0
158 1018 1.0
158 1019 1.0
158 1062 1.0
158 1066 1.0
159 161 1.0
159 171 1.0
159 238 3.0
159 249 1.0
159 251 1.0
159 260 10.0
159 261 3.0
159 262 2.0
159 272 15.0
159 273 10.0
159 274 2.0
159 276 1.0
159 283 14.0
159 284 22.0
159 294 16.0
159 297 1.0
159 304 4.0
159 308 1.0
159 312 1.0
159 313 11.0
159 320 6.0
159 321 1.0
159 379 1.0
159 380 1.0
159 390 2.0
159 392 3.0
159 402 10.0
159 404 5.0
159 414 10.0
159 415 1.0
159 416 3.0
159 419 1.0
159 424 2.0
159 426 2.0
159 435 1.0
159 436 1.0
159 439 1.0
159 446 2.0
159 447 2.0
159 448 2.0
159 455 2.0
159 463 2.0
159 522 2.0
159 535 1.0
159 536 2.0
159 546 2.0
159 547 5.0
159 551 1.0
159 558 2.0
159 561 1.0
159 569 2.0
159 571 1.0
159 589 1.0
159 590 1.0
159 599 1.0
159 678 1.0
159 679 1.0
159 688 3.0
159 700 1.0
159 701 6.0
159 712 2.0
159 769 1.0
159 827 1.0
159 828 1.0
160 169 40.0
160 173 5.0
160 182 6.0
160 249 1.0
160 260 3.0
160 261 3.0
160 262 1.0
160 265 1.0
160 272 8.0
160 273 3.0
160 274 4.0
160 275 21.0
160 276 63.0
160 277 65.0
160 283 137.0
160 284 10.0
160 285 7.0
160 287 2.0
160 288 17.0
160 293 51.0
160 294 99.0
160 295 1.0
160 297 12.0
160 303 48.0
160 304 33.0
160 307 11.0
160 312 42.0
160 313 35.0
160 316 3.0
160 317 1.0
160 321 37.0
160 322 2.0
160 327 1.0
160 380 1.0
160 390 4.0
160 392 4.0
160 402 6.0
160 403 34.0
160 404 4.0
160 406 2.0
160 407 3.0
160 414 3.0
160 415 30.0
160 416 3.0
160 417 2.0
160 418 1.0
160 419 2.0
160 425 16.0
160 426 157.0
160 427 31.0
160 428 2.0
160 429 1.0
160 430 2.0
160 431 2.0
160 435 12.0
160 436 13.0
160 437 5.0
160 438 4.0
160 439 3.0
160 440 2.0
160 445 6.0
160 446 5.0
160 447 2.0
160 448 1.0
160 449 1.0
160 455 8.0
160 456 1.0
160 458 2.0
160 463 7.0
160 464 33.0
160 466 1.0
160 467 1.0
160 469 3.0
160 470 1.0
160 472 1.0
160 522 4.0
160 539 2.0
160 547 1.0
160 551 1.0
160 558 2.0
160 559 11.0
160 569 1.0
160 570 6.0
160 573 2.0
160 574 1.0
160 579 1.0
160 580 4.0
160 589 7.0
160 591 5.0
160 598 1.0
160 693 1.0
160 698 1.0
160 700 2.0
160 701 3.0
160 710 1.0
160 712 1.0
160 715 3.0
160 723 1.0
160 725 1.0
160 727 1.0
160 732 1.0
160 769 1.0
160 818 1.0
160 827 2.0
160 829 1.0
160 839 1.0
161 168 3.0
161 169 100.0
161 170 159.0
161 171 834.0
161 177 2.0
161 178 1.0
161 181 8.0
161 183 6.0
161 238 79.0
161 239 26.0
161 249 28.0
161 250 12.0
161 251 31.0
161 252 8.0
161 253 1.0
161 260 42.0
161 261 2.0
161 262 41.0
161 265 2.0
161 266 1.0
161 272 118.0
161 273 163.0
161 274 608.0
161 275 3.0
161 276 2.0
161 277 1.0
161 283 18.0
161 284 241.0
161 285 951.0
161 286 6.0
161 287 8.0
161 288 4.0
161 293 11.0
161 294 426.0
161 295 508.0
161 296 111.0
161 297 456.0
161 298 658.0
161 299 32.0
161 300 17.0
161 303 167.0
161 304 146.0
161 305 59.0
161 306 34.0
161 307 29.0
161 308 468.0
161 309 149.0
161 312 31.0
161 313 33.0
161 314 26.0
161 315 16.0
161 316 49.0
161 317 58.0
161 318 1.0
161 319 5.0
161 320 8.0
161 321 8.0
161 322 5.0
161 324 14.0
161 325 1.0
161 327 1.0
161 361 1.0
161 371 1.0
161 380 36.0
161 381 20.0
161 382 27.0
161 383 19.0
161 384 10.0
161 390 60.0
161 391 3.0
161 392 163.0
161 393 8.0
161 394 5.0
161 395 3.0
161 396 2.0
161 401 2.0
161 402 66.0
161 403 36.0
161 404 238.0
161 405 25.0
161 406 40.0
161 407 6.0
161 408 8.0
161 413 1.0
161 414 11.0
161 415 37.0
161 416 180.0
161 417 7.0
161 418 15.0
161 419 13.0
161 420 2.0
161 424 14.0
161 425 11.0
161 426 100.0
161 427 28.0
161 428 25.0
161 429 13.0
161 430 8.0
161 431 4.0
161 435 94.0
161 436 71.0
161 437 33.0
161 438 36.0
161 439 6.0
161 440 30.0
161 441 1.0
161 444 34.0
161 445 17.0
161 446 63.0
161 447 19.0
161 448 8.0
161 449 3.0
161 450 301.0
161 451 431.0
161 452 322.0
161 453 23.0
161 454 18.0
161 455 699.0
161 456 28.0
161 458 4.0
161 459 22.0
161 460 7.0
161 462 29.0
161 463 738.0
161 464 51.0
161 466 13.0
161 467 1.0
161 469 221.0
161 470 75.0
161 472 4.0
161 522 59.0
161 525 2.0
161 526 3.0
161 528 14.0
161 529 10.0
161 535 2.0
161 536 11.0
161 539 3.0
161 540 5.0
161 541 21.0
161 542 20.0
161 546 1.0
161 548 4.0
161 549 14.0
161 551 9.0
161 557 9.0
161 558 18.0
161 559 35.0
161 560 10.0
161 561 12.0
161 563 23.0
161 564 2.0
161 568 1.0
161 569 11.0
161 570 18.0
161 573 14.0
161 574 64.0
161 575 2.0
161 576 1.0
161 578 3.0
161 579 27.0
161 580 100.0
161 581 23.0
161 582 14.0
161 583 38.0
161 584 135.0
161 585 2.0
161 587 1.0
161 589 22.0
161 590 8.0
161 591 26.0
161 592 2.0
161 593 2.0
161 594 63.0
161 595 10.0
161 596 34.0
161 598 11.0
161 599 2.0
161 602 5.0
161 603 22.0
161 604 1.0
161 607 5.0
161 610 21.0
161 631 5.0
161 641 1.0
161 652 9.0
161 664 8.0
161 669 78.0
161 672 1.0
161 678 1.0
161 679 2.0
161 681 3.0
161 682 2.0
161 684 1.0
161 688 6.0
161 690 6.0
161 691 4.0
161 693 17.0
161 697 2.0
161 698 6.0
161 699 2.0
161 700 4.0
161 701 1.0
161 703 2.0
161 705 21.0
161 710 7.0
161 711 1.0
161 712 2.0
161 715 2.0
161 720 2.0
161 723 1.0
161 726 3.0
161 727 2.0
161 731 1.0
161 741 3.0
161 769 7.0
161 780 1.0
161 791 1.0
161 795 4.0
161 803 1.0
161 804 1.0
161 807 2.0
161 816 7.0
161 818 1.0
161 819 2.0
161 821 1.0
161 827 1.0
161 829 1.0
161 831 5.0
161 836 1.0
161 837 2.0
161 838 1.0
161 915 2.0
161 925 1.0
161 939 7.0
161 997 2.0
162 164 1.0
162 169 2.0
162 170 1.0
162 171 1.0
162 215 1.0
162 216 1.0
162 227 1.0
162 238 2.0
162 239 11.0
162 244 1.0
162 252 1.0
162 255 1.0
162 266 2.0
162 273 1.0
162 274 5.0
162 275 25.0
162 278 2.0
162 286 34.0
162 287 1.0
162 294 3.0
162 295 14.0
162 296 8.0
162 297 168.0
162 298 206.0
162 303 7.0
162 304 1.0
162 306 1.0
162 307 5.0
162 308 3.0
162 309 2.0
162 315 1.0
162 316 7.0
162 317 1.0
162 320 2.0
162 324 14.0
162 369 1.0
162 370 2.0
162 381 2.0
162 382 1.0
162 384 1.0
162 392 2.0
162 393 2.0
162 395 3.0
162 396 8.0
162 404 2.0
162 405 2.0
162 407 8.0
162 408 41.0
162 416 2.0
162 418 20.0
162 419 62.0
162 420 5.0
162 429 37.0
162 430 66.0
162 431 3.0
162 436 2.0
162 438 3.0
162 439 25.0
162 440 94.0
162 446 1.0
162 447 2.0
162 448 2.0
162 449 22.0
162 450 62.0
162 451 51.0
162 452 50.0
162 455 2.0
162 456 1.0
162 458 11.0
162 459 15.0
162 460 2.0
162 463 2.0
162 466 13.0
162 467 5.0
162 469 1.0
162 472 5.0
162 514 1.0
162 516 3.0
162 528 1.0
162 539 1.0
162 540 3.0
162 541 19.0
162 542 21.0
162 551 22.0
162 552 7.0
162 562 1.0
162 563 15.0
162 564 1.0
162 574 21.0
162 575 2.0
162 576 2.0
162 580 1.0
162 583 4.0
162 584 28.0
162 602 2.0
162 603 2.0
162 610 5.0
162 669 10.0
162 672 2.0
162 680 1.0
162 682 17.0
162 683 1.0
162 684 1.0
162 693 2.0
162 704 1.0
162 705 1.0
162 706 4.0
162 707 1.0
162 713 2.0
162 714 1.0
162 715 4.0
162 717 1.0
162 724 5.0
162 726 1.0
162 810 1.0
162 822 1.0
162 901 1.0
162 947 1.0
163 168 1.0
163 252 1.0
163 272 8.0
163 273 12.0
163 276 2.0
163 283 1.0
163 287 71.0
163 297 17.0
163 298 1.0
163 307 12.0
163 308 1.0
163 316 12.0
163 317 6.0
163 325 2.0
163 395 1.0
163 403 1.0
163 405 2.0
163 407 4.0
163 415 1.0
163 416 1.0
163 419 15.0
163 425 4.0
163 426 4.0
163 430 14.0
163 436 4.0
163 438 2.0
163 440 11.0
163 447 2.0
163 448 2.0
163 449 1.0
163 450 4.0
163 451 1.0
163 452 1.0
163 459 2.0
163 460 2.0
163 467 5.0
163 472 3.0
163 528 1.0
163 538 1.0
163 539 2.0
163 540 11.0
163 541 13.0
163 542 4.0
163 563 38.0
163 570 1.0
163 573 1.0
163 574 5.0
163 580 1.0
163 583 1.0
163 584 1.0
163 669 1.0
163 680 1.0
163 681 3.0
163 682 1.0
163 684 1.0
163 693 1.0
163 705 4.0
163 706 2.0
163 726 2.0
163 727 3.0
163 736 1.0
163 809 3.0
163 920 3.0
163 1002 2.0
164 241 1.0
164 254 1.0
164 255 1.0
164 266 5.0
164 267 1.0
164 268 1.0
164 272 3.0
164 273 9.0
164 274 3.0
164 277 5.0
164 278 11.0
164 287 2.0
164 288 26.0
164 296 1.0
164 297 2.0
164 298 3.0
164 360 3.0
164 361 2.0
164 371 3.0
164 372 2.0
164 380 1.0
164 392 1.0
164 396 1.0
164 403 1.0
164 404 1.0
164 405 2.0
164 406 5.0
164 407 5.0
164 417 7.0
164 419 3.0
164 420 8.0
164 427 1.0
164 428 1.0
164 430 3.0
164 431 2.0
164 440 4.0
164 539 3.0
164 540 3.0
164 541 3.0
164 542 4.0
164 551 1.0
164 559 1.0
164 563 3.0
164 573 1.0
164 574 1.0
164 580 1.0
164 591 1.0
164 592 1.0
164 682 3.0
164 705 1.0
164 706 1.0
164 725 1.0
165 230 4.0
165 243 8.0
165 244 2.0
165 254 470.0
165 255 173.0
165 256 4.0
165 266 324.0
165 267 87.0
165 268 2.0
165 278 28.0
165 287 4.0
165 288 4.0
165 351 2.0
165 360 8.0
165 371 10.0
165 372 116.0
165 373 1.0
165 384 63.0
165 385 261.0
165 386 47.0
165 397 61.0
165 398 35.0
165 405 1.0
165 406 2.0
165 417 2.0
165 418 1.0
165 420 1.0
165 505 6.0
165 517 12.0
165 518 1.0
165 529 23.0
165 530 5.0
166 255 1.0
166 385 1.0
167 292 1.0
167 303 2.0
167 401 1.0
167 415 1.0
167 425 1.0
167 446 2.0
168 169 64.0
168 170 4.0
168 171 1.0
168 173 2.0
168 175 360.0
168 179 1.0
168 182 1.0
168 228 3.0
168 238 23.0
168 239 1.0
168 249 143.0
168 250 16.0
168 251 5.0
168 252 1.0
168 260 18.0
168 261 4.0
168 262 26.0
168 263 8.0
168 264 4.0
168 271 1.0
168 272 8.0
168 273 103.0
168 274 107.0
168 275 27.0
168 276 56.0
168 277 121.0
168 283 392.0
168 284 309.0
168 285 11.0
168 286 4.0
168 287 8.0
168 288 38.0
168 293 319.0
168 294 117.0
168 295 2.0
168 296 1.0
168 297 59.0
168 302 8.0
168 303 14.0
168 304 6.0
168 305 4.0
168 307 58.0
168 311 5.0
168 312 2.0
168 313 43.0
168 316 23.0
168 317 1.0
168 320 23.0
168 321 2.0
168 322 9.0
168 325 10.0
168 380 5.0
168 381 1.0
168 382 1.0
168 390 8.0
168 391 3.0
168 392 31.0
168 401 10.0
168 402 24.0
168 403 56.0
168 404 156.0
168 406 10.0
168 407 3.0
168 413 1.0
168 414 26.0
168 415 47.0
168 416 193.0
168 417 13.0
168 419 5.0
168 424 1.0
168 425 4.0
168 426 371.0
168 427 68.0
168 428 14.0
168 429 5.0
168 430 6.0
168 435 4.0
168 436 208.0
168 437 4.0
168 438 3.0
168 439 11.0
168 440 1.0
168 445 5.0
168 446 10.0
168 447 9.0
168 448 10.0
168 449 5.0
168 454 2.0
168 455 8.0
168 456 1.0
168 463 6.0
168 464 1.0
168 467 3.0
168 470 3.0
168 522 10.0
168 534 1.0
168 536 44.0
168 539 1.0
168 540 4.0
168 541 7.0
168 542 5.0
168 546 4.0
168 547 7.0
168 548 14.0
168 551 1.0
168 557 4.0
168 558 14.0
168 559 109.0
168 560 1.0
168 563 3.0
168 569 10.0
168 570 52.0
168 571 2.0
168 573 5.0
168 574 1.0
168 579 1.0
168 580 181.0
168 583 4.0
168 589 1.0
168 590 8.0
168 591 2.0
168 592 3.0
168 598 1.0
168 664 4.0
168 672 1.0
168 682 1.0
168 684 1.0
168 688 5.0
168 690 1.0
168 698 1.0
168 701 9.0
168 710 2.0
168 712 46.0
168 713 11.0
168 714 11.0
168 715 2.0
168 721 3.0
168 722 1.0
168 723 1.0
168 726 1.0
168 731 2.0
168 732 3.0
168 741 3.0
168 769 3.0
168 780 2.0
168 791 2.0
168 803 2.0
168 816 2.0
168 828 2.0
168 837 25.0
168 838 2.0
168 848 1.0
168 924 1.0
168 925 4.0
168 953 1.0
169 170 52.0
169 175 18.0
169 176 34.0
169 181 16.0
169 182 13.0
169 228 11.0
169 238 56.0
169 239 4.0
169 247 6.0
169 248 2.0
169 249 157.0
169 250 7.0
169 251 15.0
169 252 20.0
169 253 1.0
169 259 2.0
169 260 104.0
169 261 99.0
169 262 54.0
169 263 6.0
169 264 14.0
169 272 91.0
169 273 275.0
169 274 326.0
169 276 1.0
169 277 1.0
169 283 64.0
169 284 603.0
169 285 245.0
169 286 2.0
169 293 50.0
169 294 882.0
169 295 191.0
169 297 1.0
169 298 1.0
169 302 12.0
169 303 72.0
169 304 202.0
169 305 63.0
169 311 9.0
169 312 6.0
169 313 53.0
169 314 2.0
169 320 25.0
169 321 5.0
169 341 1.0
169 378 1.0
169 379 1.0
169 380 53.0
169 381 4.0
169 382 5.0
169 390 62.0
169 391 25.0
169 392 81.0
169 393 3.0
169 394 3.0
169 395 4.0
169 396 1.0
169 401 1.0
169 402 99.0
169 403 314.0
169 404 233.0
169 405 45.0
169 406 194.0
169 407 8.0
169 408 1.0
169 413 1.0
169 414 50.0
169 415 321.0
169 416 285.0
169 417 43.0
169 418 4.0
169 419 1.0
169 424 56.0
169 425 75.0
169 426 409.0
169 427 197.0
169 428 22.0
169 429 3.0
169 430 2.0
169 435 102.0
169 436 240.0
169 437 206.0
169 438 181.0
169 439 4.0
169 445 11.0
169 446 138.0
169 447 23.0
169 448 3.0
169 453 135.0
169 454 28.0
169 455 243.0
169 456 24.0
169 462 6.0
169 463 149.0
169 464 15.0
169 469 78.0
169 470 14.0
169 494 2.0
169 502 1.0
169 514 1.0
169 522 59.0
169 525 4.0
169 527 3.0
169 535 2.0
169 536 89.0
169 539 4.0
169 540 4.0
169 541 5.0
169 542 3.0
169 546 37.0
169 547 2.0
169 548 71.0
169 549 7.0
169 551 4.0
169 557 16.0
169 558 49.0
169 559 226.0
169 560 50.0
169 561 3.0
169 562 10.0
169 563 7.0
169 568 2.0
169 569 39.0
169 570 97.0
169 571 5.0
169 573 6.0
169 578 3.0
169 579 7.0
169 580 78.0
169 581 1.0
169 582 1.0
169 583 3.0
169 588 1.0
169 589 5.0
169 590 8.0
169 591 41.0
169 592 2.0
169 598 5.0
169 599 1.0
169 607 1.0
169 631 1.0
169 646 2.0
169 652 2.0
169 657 3.0
169 664 5.0
169 669 3.0
169 678 1.0
169 679 3.0
169 681 1.0
169 688 40.0
169 690 24.0
169 691 1.0
169 697 4.0
169 698 27.0
169 699 2.0
169 700 15.0
169 701 2.0
169 702 1.0
169 704 2.0
169 710 27.0
169 711 1.0
169 712 12.0
169 713 7.0
169 714 6.0
169 715 7.0
169 719 1.0
169 721 2.0
169 722 1.0
169 723 3.0
169 730 2.0
169 731 4.0
169 732 12.0
169 740 2.0
169 741 4.0
169 764 1.0
169 769 10.0
169 774 1.0
169 780 2.0
169 791 1.0
169 795 3.0
169 803 1.0
169 807 1.0
169 816 22.0
169 818 2.0
169 819 1.0
169 827 9.0
169 828 3.0
169 829 2.0
169 837 6.0
169 839 1.0
169 847 2.0
169 880 1.0
169 924 2.0
169 925 8.0
169 944 4.0
169 952 4.0
169 972 1.0
169 988 4.0
169 1045 3.0
170 171 30.0
170 175 1.0
170 177 60.0
170 182 2.0
170 196 1.0
170 204 3.0
170 205 16.0
170 215 19.0
170 225 1.0
170 226 53.0
170 228 4.0
170 229 2.0
170 230 7.0
170 235 2.0
170 238 467.0
170 239 31.0
170 240 1.0
170 248 1.0
170 249 150.0
170 250 41.0
170 251 19.0
170 252 9.0
170 253 1.0
170 254 11.0
170 260 21.0
170 261 120.0
170 262 8.0
170 263 3.0
170 264 3.0
170 266 1.0
170 272 70.0
170 273 51.0
170 274 3774.0
170 277 1.0
170 283 38.0
170 284 205.0
170 285 3732.0
170 286 36.0
170 293 4.0
170 294 153.0
170 295 594.0
170 298 22.0
170 299 1.0
170 303 30.0
170 304 16.0
170 305 18.0
170 308 10.0
170 309 5.0
170 312 30.0
170 313 6.0
170 314 32.0
170 316 2.0
170 317 4.0
170 319 1.0
170 320 5.0
170 321 1.0
170 324 3.0
170 333 1.0
170 341 114.0
170 350 14.0
170 358 1.0
170 360 69.0
170 367 5.0
170 369 3.0
170 370 51.0
170 371 16.0
170 377 1.0
170 378 7.0
170 379 1.0
170 380 1324.0
170 381 1923.0
170 382 798.0
170 383 94.0
170 384 15.0
170 390 25.0
170 391 9.0
170 392 3352.0
170 393 8.0
170 394 11.0
170 395 4.0
170 401 3.0
170 402 42.0
170 403 413.0
170 404 3683.0
170 405 33.0
170 406 46.0
170 407 5.0
170 408 1.0
170 413 1.0
170 414 22.0
170 415 289.0
170 416 535.0
170 417 15.0
170 418 27.0
170 419 1.0
170 420 1.0
170 424 18.0
170 425 30.0
170 426 652.0
170 427 122.0
170 428 10.0
170 430 1.0
170 431 1.0
170 435 211.0
170 436 179.0
170 437 25.0
170 438 38.0
170 439 2.0
170 440 2.0
170 445 23.0
170 446 209.0
170 447 4.0
170 448 1.0
170 449 1.0
170 450 14.0
170 451 7.0
170 452 6.0
170 453 14.0
170 454 57.0
170 455 163.0
170 456 1.0
170 462 33.0
170 463 25.0
170 469 4.0
170 470 3.0
170 476 1.0
170 478 2.0
170 483 11.0
170 485 4.0
170 489 1.0
170 491 1.0
170 492 19.0
170 493 3.0
170 494 153.0
170 495 1.0
170 499 1.0
170 502 65.0
170 503 8.0
170 504 63.0
170 513 7.0
170 514 797.0
170 515 26.0
170 516 2.0
170 522 31.0
170 523 4.0
170 524 2.0
170 525 11.0
170 526 242.0
170 527 13.0
170 528 29.0
170 529 15.0
170 534 1.0
170 535 14.0
170 536 74.0
170 537 5.0
170 538 4.0
170 539 5.0
170 540 18.0
170 541 32.0
170 542 18.0
170 547 1.0
170 548 41.0
170 549 13.0
170 551 7.0
170 557 66.0
170 558 92.0
170 559 152.0
170 560 37.0
170 561 9.0
170 562 1.0
170 563 35.0
170 568 3.0
170 569 32.0
170 570 69.0
170 571 7.0
170 573 32.0
170 574 6.0
170 578 5.0
170 579 33.0
170 580 64.0
170 581 27.0
170 582 25.0
170 583 24.0
170 584 7.0
170 589 25.0
170 590 4.0
170 591 15.0
170 593 1.0
170 594 1.0
170 598 8.0
170 599 3.0
170 600 1.0
170 602 2.0
170 607 2.0
170 610 1.0
170 620 1.0
170 626 1.0
170 627 1.0
170 631 2.0
170 634 3.0
170 635 2.0
170 636 2.0
170 640 1.0
170 644 12.0
170 645 6.0
170 646 2.0
170 650 1.0
170 652 1.0
170 655 8.0
170 656 346.0
170 657 5.0
170 664 4.0
170 667 3.0
170 669 12.0
170 670 8.0
170 678 6.0
170 679 1.0
170 680 2.0
170 681 2.0
170 682 7.0
170 684 1.0
170 688 4.0
170 689 1.0
170 690 10.0
170 691 6.0
170 693 1.0
170 694 2.0
170 697 2.0
170 698 19.0
170 699 1.0
170 700 2.0
170 701 1.0
170 703 1.0
170 704 13.0
170 710 19.0
170 711 1.0
170 713 9.0
170 714 28.0
170 715 7.0
170 720 2.0
170 721 1.0
170 730 2.0
170 731 2.0
170 732 2.0
170 741 1.0
170 764 3.0
170 765 1.0
170 769 8.0
170 772 5.0
170 773 2.0
170 774 1.0
170 780 1.0
170 783 150.0
170 784 2.0
170 785 1.0
170 791 1.0
170 795 263.0
170 797 1.0
170 803 1.0
170 807 240.0
170 816 4.0
170 819 222.0
170 827 1.0
170 830 36.0
170 840 16.0
170 880 4.0
170 888 1.0
170 889 10.0
170 898 5.0
170 909 2.0
170 915 3.0
170 918 13.0
170 952 1.0
170 972 1.0
170 992 1.0
170 997 3.0
170 1049 1.0
171 175 1.0
171 177 1.0
171 178 15.0
171 183 7.0
171 249 3.0
171 252 5.0
171 262 5.0
171 265 56.0
171 266 152.0
171 267 1.0
171 272 35.0
171 273 9.0
171 274 2.0
171 275 5.0
171 277 2.0
171 283 3.0
171 284 128.0
171 285 47.0
171 286 38.0
171 287 12.0
171 293 1.0
171 295 32.0
171 296 123.0
171 297 568.0
171 298 633.0
171 299 16.0
171 300 14.0
171 304 3.0
171 305 17.0
171 306 2.0
171 307 44.0
171 308 458.0
171 309 163.0
171 313 2.0
171 314 34.0
171 316 67.0
171 317 64.0
171 321 5.0
171 324 19.0
171 325 1.0
171 361 4.0
171 383 1.0
171 384 12.0
171 394 6.0
171 395 27.0
171 396 3.0
171 397 1.0
171 403 13.0
171 404 1.0
171 405 21.0
171 406 32.0
171 407 19.0
171 408 8.0
171 413 1.0
171 414 4.0
171 415 17.0
171 416 44.0
171 417 10.0
171 418 31.0
171 419 249.0
171 420 3.0
171 424 3.0
171 426 3.0
171 427 6.0
171 428 22.0
171 429 330.0
171 430 7.0
171 431 5.0
171 435 7.0
171 436 36.0
171 437 29.0
171 438 29.0
171 439 242.0
171 440 32.0
171 446 25.0
171 447 1.0
171 448 2.0
171 449 41.0
171 450 326.0
171 451 399.0
171 452 308.0
171 455 17.0
171 458 19.0
171 459 21.0
171 460 7.0
171 462 3.0
171 463 14.0
171 466 29.0
171 467 8.0
171 469 4.0
171 472 2.0
171 516 23.0
171 527 5.0
171 528 1.0
171 536 1.0
171 537 1.0
171 539 4.0
171 540 11.0
171 541 19.0
171 542 14.0
171 549 7.0
171 551 24.0
171 559 8.0
171 561 6.0
171 562 3.0
171 563 27.0
171 564 3.0
171 570 8.0
171 572 2.0
171 573 3.0
171 574 70.0
171 575 2.0
171 576 1.0
171 580 5.0
171 583 32.0
171 584 150.0
171 585 2.0
171 591 1.0
171 593 14.0
171 594 67.0
171 595 10.0
171 596 38.0
171 602 17.0
171 603 22.0
171 604 1.0
171 610 22.0
171 669 89.0
171 670 1.0
171 672 2.0
171 681 5.0
171 682 7.0
171 683 4.0
171 684 4.0
171 688 1.0
171 691 1.0
171 693 23.0
171 694 1.0
171 704 3.0
171 705 23.0
171 715 31.0
171 724 8.0
171 726 4.0
171 727 2.0
171 736 1.0
171 809 1.0
171 816 1.0
171 821 2.0
171 830 1.0
171 831 4.0
171 930 3.0
171 939 7.0
171 1018 1.0
172 179 45.0
172 184 25.0
172 238 1.0
172 252 9.0
172 265 3.0
172 266 29.0
172 272 12.0
172 273 23.0
172 274 8.0
172 286 1.0
172 287 49.0
172 296 8.0
172 297 198.0
172 298 38.0
172 305 1.0
172 308 2.0
172 313 1.0
172 314 1.0
172 316 5.0
172 317 4.0
172 321 2.0
172 361 6.0
172 380 1.0
172 381 3.0
172 382 2.0
172 383 1.0
172 384 9.0
172 392 2.0
172 393 1.0
172 394 2.0
172 395 14.0
172 396 10.0
172 403 4.0
172 404 2.0
172 405 10.0
172 406 1.0
172 407 17.0
172 408 4.0
172 414 1.0
172 417 23.0
172 418 38.0
172 419 99.0
172 425 1.0
172 427 2.0
172 428 21.0
172 429 78.0
172 430 83.0
172 436 19.0
172 437 3.0
172 438 13.0
172 439 48.0
172 440 19.0
172 446 6.0
172 447 20.0
172 448 9.0
172 449 1.0
172 450 8.0
172 451 1.0
172 455 3.0
172 458 5.0
172 459 1.0
172 460 1.0
172 463 3.0
172 466 5.0
172 472 5.0
172 505 1.0
172 516 20.0
172 527 3.0
172 528 3.0
172 529 1.0
172 539 4.0
172 540 14.0
172 541 24.0
172 542 24.0
172 549 6.0
172 551 6.0
172 559 9.0
172 561 1.0
172 563 31.0
172 570 6.0
172 573 2.0
172 574 6.0
172 580 7.0
172 583 1.0
172 584 9.0
172 590 1.0
172 591 2.0
172 594 3.0
172 602 2.0
172 603 1.0
172 610 2.0
172 669 5.0
172 672 3.0
172 680 1.0
172 681 9.0
172 682 3.0
172 683 1.0
172 684 5.0
172 693 2.0
172 694 1.0
172 701 1.0
172 705 3.0
172 706 1.0
172 712 1.0
172 716 1.0
172 717 1.0
172 723 2.0
172 727 1.0
172 744 1.0
172 809 8.0
172 818 2.0
172 821 1.0
172 829 2.0
172 920 8.0
172 939 1.0
172 1002 7.0
172 1018 10.0
173 175 1.0
173 252 1.0
173 262 1.0
173 272 14.0
173 273 20.0
173 274 21.0
173 276 8.0
173 277 25.0
173 283 7.0
173 285 2.0
173 286 2.0
173 287 6.0
173 288 96.0
173 293 2.0
173 297 1.0
173 298 8.0
173 307 1.0
173 308 6.0
173 309 1.0
173 316 1.0
173 317 2.0
173 324 1.0
173 405 2.0
173 407 10.0
173 415 1.0
173 417 1.0
173 419 1.0
173 420 1.0
173 425 1.0
173 426 12.0
173 435 2.0
173 436 2.0
173 437 1.0
173 438 1.0
173 450 5.0
173 451 1.0
173 452 1.0
173 458 1.0
173 459 2.0
173 460 1.0
173 466 3.0
173 472 1.0
173 539 5.0
173 551 5.0
173 562 1.0
173 563 14.0
173 573 23.0
173 574 1.0
173 580 1.0
173 583 1.0
173 584 3.0
173 591 20.0
173 592 14.0
173 594 4.0
173 595 1.0
173 636 2.0
173 646 3.0
173 657 1.0
173 669 9.0
173 682 2.0
173 693 7.0
173 705 4.0
173 706 1.0
173 715 2.0
173 716 3.0
173 724 1.0
173 765 3.0
173 785 3.0
173 821 7.0
173 822 2.0
173 823 2.0
173 832 3.0
173 930 5.0
173 1002 1.0
173 1011 2.0
173 1018 1.0
175 179 1.0
175 238 15.0
175 249 42.0
175 250 11.0
175 260 2.0
175 262 13.0
175 263 6.0
175 273 57.0
175 274 8.0
175 275 13.0
175 276 24.0
175 277 43.0
175 283 178.0
175 284 69.0
175 285 4.0
175 286 4.0
175 287 3.0
175 288 19.0
175 293 211.0
175 294 37.0
175 295 2.0
175 296 1.0
175 297 21.0
175 303 2.0
175 304 4.0
175 307 19.0
175 316 7.0
175 317 1.0
175 325 4.0
175 390 1.0
175 391 1.0
175 392 17.0
175 401 8.0
175 402 5.0
175 403 42.0
175 404 28.0
175 407 1.0
175 414 10.0
175 415 32.0
175 416 54.0
175 425 1.0
175 426 137.0
175 427 44.0
175 428 13.0
175 429 2.0
175 430 1.0
175 435 4.0
175 436 188.0
175 439 6.0
175 440 1.0
175 445 4.0
175 446 4.0
175 447 14.0
175 448 10.0
175 449 2.0
175 454 8.0
175 455 5.0
175 463 5.0
175 470 3.0
175 522 1.0
175 536 12.0
175 540 2.0
175 541 7.0
175 542 5.0
175 547 5.0
175 548 7.0
175 558 4.0
175 559 75.0
175 563 1.0
175 569 3.0
175 570 47.0
175 573 5.0
175 579 2.0
175 580 159.0
175 581 2.0
175 582 2.0
175 583 4.0
175 589 2.0
175 590 10.0
175 591 2.0
175 592 1.0
175 598 8.0
175 672 1.0
175 684 1.0
175 700 2.0
175 701 6.0
175 704 1.0
175 712 43.0
175 713 13.0
175 714 12.0
175 715 3.0
175 721 1.0
175 731 9.0
175 732 2.0
175 741 2.0
175 769 1.0
175 827 1.0
175 837 26.0
175 838 2.0
176 177 3.0
176 181 178.0
176 182 27.0
176 238 1.0
176 249 1.0
176 250 1.0
176 252 1.0
176 261 29.0
176 262 13.0
176 263 1.0
176 272 27.0
176 273 14.0
176 274 12.0
176 275 21.0
176 276 3.0
176 283 14.0
176 284 3.0
176 285 5.0
176 286 1.0
176 293 5.0
176 294 421.0
176 295 8.0
176 303 5.0
176 304 238.0
176 305 4.0
176 312 1.0
176 313 35.0
176 314 17.0
176 320 27.0
176 321 1.0
176 390 10.0
176 392 3.0
176 401 1.0
176 402 12.0
176 403 368.0
176 404 4.0
176 405 1.0
176 406 282.0
176 407 1.0
176 415 146.0
176 416 9.0
176 417 1.0
176 418 11.0
176 425 9.0
176 426 151.0
176 427 20.0
176 428 84.0
176 429 8.0
176 435 1.0
176 436 380.0
176 437 419.0
176 438 295.0
176 439 5.0
176 445 2.0
176 446 56.0
176 447 5.0
176 448 3.0
176 453 2.0
176 454 5.0
176 455 19.0
176 456 7.0
176 462 4.0
176 463 19.0
176 464 15.0
176 469 4.0
176 522 10.0
176 551 7.0
176 557 9.0
176 558 12.0
176 559 153.0
176 562 2.0
176 563 1.0
176 570 51.0
176 572 1.0
176 573 3.0
176 580 14.0
176 583 1.0
176 590 3.0
176 591 7.0
176 599 2.0
176 607 2.0
176 631 1.0
176 652 1.0
176 705 3.0
176 715 33.0
176 723 5.0
176 725 2.0
176 741 3.0
176 769 4.0
176 806 4.0
176 818 4.0
176 829 4.0
176 839 2.0
177 182 63.0
177 228 1.0
177 235 1.0
177 238 2.0
177 239 1.0
177 250 2.0
177 252 1.0
177 260 7.0
177 261 5.0
177 262 14.0
177 265 4.0
177 266 1.0
177 272 15.0
177 273 33.0
177 274 42.0
177 277 1.0
177 283 21.0
177 284 55.0
177 285 19.0
177 286 1.0
177 287 4.0
177 288 4.0
177 293 1.0
177 294 62.0
177 295 432.0
177 296 2.0
177 297 3.0
177 298 1.0
177 302 1.0
177 304 143.0
177 305 533.0
177 307 1.0
177 311 1.0
177 312 403.0
177 313 240.0
177 314 41.0
177 316 1.0
177 320 6.0
177 321 22.0
177 340 6.0
177 378 1.0
177 380 6.0
177 390 7.0
177 391 2.0
177 392 8.0
177 393 1.0
177 395 14.0
177 401 4.0
177 402 11.0
177 403 157.0
177 404 14.0
177 406 749.0
177 407 46.0
177 408 2.0
177 413 1.0
177 414 20.0
177 415 175.0
177 416 31.0
177 417 43.0
177 418 40.0
177 419 8.0
177 420 2.0
177 425 39.0
177 426 174.0
177 427 5.0
177 428 12.0
177 429 14.0
177 435 15.0
177 436 403.0
177 437 295.0
177 438 1072.0
177 439 35.0
177 440 5.0
177 444 1.0
177 445 14.0
177 446 85.0
177 447 24.0
177 448 4.0
177 449 2.0
177 451 2.0
177 452 2.0
177 454 365.0
177 455 16.0
177 456 4.0
177 462 1.0
177 463 30.0
177 464 1.0
177 469 1.0
177 470 1.0
177 494 10.0
177 522 8.0
177 524 1.0
177 526 1.0
177 527 22.0
177 534 1.0
177 535 2.0
177 536 6.0
177 539 31.0
177 540 2.0
177 541 20.0
177 542 18.0
177 547 1.0
177 548 7.0
177 551 71.0
177 557 2.0
177 558 8.0
177 559 103.0
177 560 8.0
177 562 6.0
177 563 12.0
177 568 1.0
177 569 20.0
177 570 93.0
177 571 1.0
177 572 1.0
177 573 5.0
177 577 2.0
177 579 29.0
177 580 56.0
177 583 6.0
177 587 1.0
177 588 5.0
177 589 136.0
177 590 10.0
177 591 9.0
177 598 281.0
177 599 1.0
177 607 1.0
177 646 10.0
177 657 20.0
177 658 1.0
177 669 21.0
177 678 1.0
177 680 1.0
177 681 1.0
177 682 27.0
177 683 5.0
177 684 2.0
177 690 2.0
177 698 2.0
177 700 2.0
177 701 5.0
177 704 12.0
177 705 4.0
177 710 3.0
177 711 3.0
177 712 5.0
177 713 9.0
177 714 1.0
177 715 130.0
177 721 45.0
177 722 2.0
177 723 8.0
177 726 1.0
177 731 203.0
177 732 3.0
177 740 2.0
177 774 3.0
177 785 3.0
177 792 2.0
177 804 3.0
177 806 1.0
177 809 1.0
177 816 3.0
177 818 7.0
177 826 3.0
177 827 4.0
177 829 6.0
177 836 1.0
177 837 7.0
177 839 1.0
177 847 15.0
177 848 1.0
177 856 2.0
177 863 5.0
177 934 1.0
177 952 1.0
177 953 1.0
178 183 23.0
178 262 1.0
178 265 10.0
178 266 20.0
178 296 7.0
178 297 38.0
178 298 1.0
178 305 1.0
178 306 6.0
178 308 1.0
178 313 1.0
178 316 17.0
178 317 30.0
178 320 1.0
178 325 2.0
178 361 2.0
178 371 1.0
178 395 1.0
178 406 4.0
178 407 3.0
178 415 3.0
178 416 2.0
178 417 1.0
178 418 7.0
178 419 41.0
178 429 54.0
178 430 1.0
178 435 1.0
178 436 7.0
178 437 9.0
178 438 6.0
178 439 24.0
178 440 1.0
178 446 1.0
178 448 1.0
178 449 3.0
178 450 20.0
178 458 3.0
178 459 2.0
178 460 2.0
178 467 7.0
178 516 1.0
178 528 1.0
178 540 10.0
178 541 8.0
178 542 4.0
178 551 1.0
178 561 1.0
178 570 2.0
178 584 19.0
178 594 21.0
178 636 1.0
178 646 1.0
178 657 1.0
178 669 6.0
178 682 1.0
178 684 6.0
178 691 1.0
178 693 6.0
178 705 6.0
178 717 2.0
178 726 3.0
178 736 1.0
178 765 1.0
178 785 2.0
178 797 2.0
178 809 3.0
178 978 1.0
179 183 50.0
179 184 55.0
179 186 13.0
179 250 1.0
179 252 16.0
179 261 1.0
179 264 5.0
179 265 8.0
179 266 37.0
179 272 33.0
179 273 53.0
179 274 46.0
179 275 8.0
179 276 25.0
179 277 4.0
179 283 1.0
179 284 1.0
179 285 1.0
179 286 60.0
179 287 179.0
179 288 14.0
179 293 1.0
179 295 1.0
179 297 410.0
179 307 36.0
179 316 3.0
179 381 6.0
179 382 8.0
179 383 1.0
179 384 12.0
179 393 1.0
179 394 25.0
179 395 21.0
179 396 1.0
179 402 1.0
179 403 7.0
179 404 1.0
179 405 50.0
179 406 9.0
179 407 20.0
179 415 6.0
179 417 101.0
179 418 104.0
179 419 98.0
179 420 1.0
179 425 6.0
179 426 11.0
179 427 3.0
179 428 62.0
179 429 128.0
179 430 88.0
179 435 1.0
179 436 24.0
179 438 46.0
179 439 96.0
179 440 18.0
179 446 14.0
179 447 54.0
179 448 21.0
179 449 9.0
179 450 1.0
179 455 1.0
179 458 1.0
179 463 1.0
179 485 1.0
179 494 1.0
179 505 1.0
179 516 14.0
179 527 5.0
179 528 2.0
179 537 2.0
179 539 8.0
179 540 14.0
179 541 24.0
179 542 15.0
179 547 3.0
179 549 33.0
179 551 13.0
179 559 7.0
179 562 1.0
179 563 15.0
179 570 2.0
179 573 3.0
179 574 7.0
179 580 14.0
179 583 1.0
179 584 1.0
179 592 1.0
179 593 8.0
179 602 5.0
179 610 3.0
179 636 1.0
179 670 3.0
179 672 1.0
179 680 2.0
179 681 1.0
179 682 2.0
179 684 10.0
179 694 2.0
179 696 1.0
179 701 4.0
179 704 1.0
179 706 1.0
179 707 1.0
179 713 5.0
179 726 5.0
179 727 2.0
179 744 2.0
179 751 2.0
179 797 1.0
179 807 1.0
179 809 1.0
179 920 1.0
179 1002 1.0
180 298 3.0
180 308 2.0
180 418 1.0
180 419 2.0
180 440 1.0
181 182 26.0
181 238 2.0
181 249 3.0
181 250 6.0
181 251 1.0
181 260 1.0
181 261 28.0
181 262 13.0
181 263 2.0
181 272 56.0
181 273 35.0
181 274 23.0
181 275 12.0
181 277 2.0
181 283 53.0
181 284 64.0
181 285 11.0
181 286 10.0
181 288 2.0
181 294 334.0
181 295 9.0
181 297 1.0
181 303 3.0
181 304 571.0
181 305 5.0
181 312 130.0
181 313 554.0
181 314 1.0
181 320 39.0
181 322 3.0
181 380 4.0
181 390 11.0
181 392 4.0
181 401 1.0
181 402 12.0
181 403 237.0
181 404 13.0
181 405 2.0
181 406 179.0
181 407 1.0
181 414 9.0
181 415 186.0
181 416 27.0
181 417 1.0
181 418 33.0
181 425 66.0
181 426 123.0
181 427 32.0
181 428 15.0
181 429 7.0
181 435 1.0
181 436 259.0
181 437 304.0
181 438 220.0
181 439 18.0
181 445 5.0
181 446 115.0
181 447 6.0
181 448 1.0
181 454 65.0
181 455 24.0
181 463 13.0
181 469 1.0
181 522 11.0
181 541 3.0
181 542 3.0
181 551 23.0
181 556 3.0
181 557 12.0
181 558 22.0
181 559 84.0
181 562 1.0
181 563 3.0
181 568 7.0
181 569 31.0
181 570 98.0
181 571 3.0
181 573 2.0
181 579 31.0
181 580 29.0
181 583 2.0
181 588 5.0
181 589 42.0
181 590 6.0
181 591 15.0
181 593 1.0
181 598 20.0
181 599 1.0
181 607 1.0
181 631 1.0
181 652 1.0
181 682 3.0
181 686 1.0
181 687 1.0
181 700 2.0
181 701 1.0
181 704 2.0
181 705 2.0
181 710 1.0
181 711 8.0
181 712 5.0
181 714 1.0
181 715 22.0
181 721 39.0
181 722 2.0
181 725 1.0
181 726 2.0
181 731 64.0
181 732 2.0
181 740 1.0
181 741 1.0
181 769 3.0
181 793 1.0
181 804 2.0
181 816 1.0
181 826 2.0
181 827 2.0
181 836 2.0
181 837 6.0
181 838 1.0
181 847 7.0
181 906 1.0
181 934 1.0
181 945 1.0
181 952 1.0
181 953 1.0
182 185 26.0
182 249 1.0
182 250 5.0
182 251 1.0
182 252 1.0
182 260 4.0
182 261 3.0
182 262 2.0
182 263 3.0
182 272 21.0
182 273 42.0
182 274 24.0
182 283 58.0
182 284 59.0
182 285 41.0
182 292 4.0
182 293 34.0
182 294 101.0
182 295 110.0
182 302 2.0
182 303 38.0
182 304 81.0
182 305 27.0
182 312 389.0
182 313 463.0
182 314 49.0
182 320 1.0
182 321 58.0
182 322 74.0
182 380 3.0
182 390 7.0
182 391 1.0
182 392 5.0
182 395 1.0
182 402 7.0
182 403 51.0
182 404 13.0
182 405 4.0
182 406 33.0
182 407 3.0
182 414 4.0
182 415 50.0
182 416 36.0
182 418 2.0
182 419 1.0
182 425 19.0
182 426 48.0
182 427 17.0
182 428 3.0
182 430 1.0
182 431 1.0
182 435 48.0
182 436 64.0
182 437 29.0
182 438 36.0
182 439 1.0
182 441 1.0
182 445 22.0
182 446 73.0
182 447 13.0
182 448 1.0
182 454 371.0
182 455 15.0
182 456 11.0
182 463 3.0
182 522 7.0
182 527 1.0
182 536 22.0
182 539 1.0
182 541 1.0
182 542 1.0
182 548 18.0
182 551 6.0
182 558 5.0
182 559 23.0
182 560 1.0
182 568 2.0
182 569 13.0
182 570 7.0
182 571 1.0
182 573 6.0
182 578 2.0
182 579 64.0
182 580 12.0
182 583 1.0
182 589 21.0
182 590 13.0
182 591 12.0
182 592 1.0
182 598 338.0
182 599 1.0
182 600 1.0
182 607 1.0
182 652 2.0
182 657 1.0
182 669 1.0
182 678 1.0
182 681 1.0
182 682 1.0
182 690 1.0
182 700 2.0
182 701 3.0
182 704 1.0
182 712 3.0
182 713 1.0
182 715 1.0
182 720 3.0
182 721 22.0
182 722 1.0
182 723 17.0
182 731 285.0
182 732 5.0
182 769 1.0
182 792 2.0
182 804 2.0
182 806 12.0
182 809 1.0
182 816 2.0
182 818 17.0
182 827 2.0
182 829 16.0
182 837 4.0
182 839 4.0
182 847 15.0
182 848 1.0
182 856 9.0
182 863 14.0
182 953 2.0
183 252 3.0
183 266 7.0
183 272 1.0
183 273 1.0
183 274 1.0
183 275 2.0
183 276 8.0
183 285 10.0
183 287 29.0
183 294 2.0
183 296 12.0
183 297 52.0
183 306 10.0
183 315 2.0
183 371 1.0
183 381 1.0
183 394 1.0
183 405 2.0
183 406 4.0
183 407 2.0
183 415 2.0
183 416 2.0
183 417 8.0
183 418 9.0
183 419 15.0
183 428 11.0
183 429 16.0
183 430 6.0
183 436 4.0
183 437 4.0
183 438 12.0
183 439 8.0
183 447 7.0
183 448 1.0
183 459 4.0
183 467 3.0
183 528 2.0
183 540 3.0
183 541 3.0
183 549 5.0
183 551 3.0
183 563 2.0
183 570 2.0
183 594 3.0
183 670 1.0
183 682 1.0
183 684 3.0
183 694 1.0
184 186 11.0
184 252 2.0
184 265 5.0
184 266 13.0
184 272 2.0
184 273 4.0
184 274 2.0
184 275 1.0
184 287 29.0
184 297 97.0
184 307 34.0
184 381 1.0
184 382 3.0
184 383 1.0
184 384 5.0
184 394 4.0
184 395 18.0
184 403 2.0
184 405 7.0
184 406 3.0
184 407 3.0
184 417 20.0
184 418 26.0
184 419 38.0
184 427 1.0
184 428 18.0
184 429 40.0
184 430 19.0
184 436 2.0
184 438 8.0
184 439 32.0
184 440 3.0
184 446 2.0
184 447 5.0
184 448 2.0
184 450 1.0
184 472 1.0
184 505 1.0
184 516 6.0
184 527 10.0
184 539 1.0
184 540 1.0
184 541 1.0
184 549 8.0
184 551 4.0
184 559 2.0
184 563 1.0
184 570 1.0
184 580 2.0
184 680 1.0
184 681 1.0
184 684 1.0
184 809 1.0
184 920 1.0
185 260 10.0
185 262 1.0
185 263 1.0
185 272 12.0
185 274 3.0
185 283 39.0
185 284 25.0
185 285 8.0
185 293 9.0
185 294 11.0
185 295 19.0
185 302 6.0
185 304 2.0
185 313 4.0
185 321 2.0
185 390 12.0
185 402 10.0
185 403 1.0
185 406 1.0
185 407 1.0
185 415 2.0
185 416 3.0
185 426 3.0
185 427 2.0
185 435 4.0
185 436 2.0
185 437 1.0
185 439 1.0
185 446 3.0
185 448 1.0
185 455 4.0
185 522 12.0
185 536 2.0
185 548 2.0
185 570 1.0
185 580 2.0
185 591 1.0
186 287 1.0
186 297 12.0
186 381 1.0
186 382 1.0
186 383 1.0
186 417 2.0
186 428 1.0
186 430 4.0
186 438 1.0
186 447 1.0
186 540 1.0
186 541 1.0
186 551 2.0
186 684 1.0
188 218 1.0
188 228 1.0
188 358 1.0
188 370 1.0
191 197 21.0
191 228 6.0
191 240 1.0
191 370 6.0
191 502 1.0
191 513 3.0
194 203 12.0
194 204 1.0
194 213 3.0
194 214 34.0
194 215 6.0
194 216 2.0
194 217 1.0
194 226 1.0
194 227 1.0
194 238 1.0
194 239 2.0
194 275 2.0
194 367 3.0
194 392 1.0
194 489 1.0
194 500 1.0
194 511 1.0
194 548 1.0
194 560 1.0
194 653 1.0
195 204 3.0
195 205 21.0
195 214 3.0
195 215 16.0
195 226 9.0
195 238 14.0
195 248 1.0
195 249 2.0
195 277 2.0
195 367 1.0
195 379 3.0
195 380 1.0
195 381 1.0
195 392 11.0
195 403 2.0
195 404 5.0
195 416 7.0
195 428 1.0
195 500 1.0
195 526 1.0
195 548 5.0
195 560 6.0
196 197 1.0
196 205 33.0
196 206 1.0
196 215 30.0
196 216 7.0
196 226 34.0
196 227 6.0
196 238 27.0
196 274 1.0
196 277 10.0
196 341 1.0
196 357 4.0
196 358 1.0
196 367 1.0
196 368 5.0
196 369 5.0
196 370 1.0
196 378 4.0
196 379 4.0
196 380 12.0
196 382 4.0
196 392 28.0
196 403 2.0
196 404 3.0
196 416 4.0
196 428 2.0
196 494 1.0
196 524 1.0
196 548 21.0
196 560 22.0
197 198 29.0
197 199 13.0
197 205 16.0
197 206 220.0
197 214 62.0
197 215 51.0
197 216 247.0
197 217 8.0
197 224 7.0
197 225 16.0
197 226 61.0
197 227 161.0
197 228 14.0
197 235 1.0
197 238 12.0
197 239 34.0
197 240 2.0
197 249 1.0
197 252 4.0
197 275 24.0
197 277 2.0
197 286 2.0
197 341 1.0
197 347 1.0
197 358 4.0
197 361 1.0
197 367 14.0
197 368 11.0
197 369 18.0
197 370 40.0
197 378 1.0
197 379 34.0
197 380 3.0
197 381 41.0
197 382 3.0
197 383 3.0
197 391 3.0
197 392 8.0
197 393 35.0
197 404 5.0
197 416 6.0
197 417 28.0
197 439 1.0
197 476 3.0
197 479 1.0
197 480 5.0
197 483 8.0
197 489 12.0
197 491 1.0
197 492 13.0
197 494 1.0
197 500 13.0
197 502 20.0
197 511 8.0
197 513 7.0
197 514 1.0
197 528 1.0
197 548 3.0
197 560 3.0
197 620 2.0
197 635 1.0
197 644 1.0
197 655 1.0
197 670 1.0
197 682 1.0
197 694 1.0
197 764 2.0
197 783 1.0
197 795 1.0
197 880 2.0
198 199 19.0
198 205 1.0
198 206 20.0
198 207 28.0
198 214 3.0
198 215 17.0
198 216 37.0
198 224 2.0
198 225 4.0
198 226 8.0
198 227 9.0
198 228 1.0
198 358 2.0
198 369 1.0
198 370 6.0
198 379 6.0
198 476 1.0
198 483 1.0
198 492 1.0
198 502 1.0
199 200 1.0
199 206 8.0
199 207 24.0
199 208 14.0
199 214 1.0
199 215 6.0
199 216 13.0
199 217 2.0
199 218 2.0
199 224 2.0
199 225 2.0
199 226 1.0
199 227 2.0
199 228 2.0
199 239 3.0
199 240 2.0
199 358 2.0
199 369 1.0
199 370 4.0
199 381 1.0
199 382 1.0
199 393 2.0
199 394 1.0
199 404 1.0
199 476 1.0
199 483 1.0
199 492 1.0
199 502 1.0
199 538 1.0
200 207 3.0
200 208 14.0
200 217 3.0
200 218 8.0
200 228 4.0
200 239 4.0
200 240 3.0
200 251 1.0
200 370 1.0
200 382 1.0
200 393 3.0
203 204 1.0
203 213 21.0
203 214 39.0
203 215 12.0
203 216 2.0
203 217 1.0
203 225 1.0
203 227 1.0
203 235 1.0
203 237 1.0
203 239 1.0
203 367 13.0
203 377 1.0
203 378 3.0
203 379 2.0
203 381 1.0
203 391 1.0
203 393 1.0
203 416 1.0
203 489 5.0
203 499 1.0
203 500 4.0
203 510 1.0
203 511 5.0
203 524 1.0
203 535 1.0
203 631 1.0
203 640 1.0
203 653 2.0
204 205 97.0
204 206 1.0
204 207 7.0
204 213 7.0
204 214 247.0
204 215 137.0
204 216 48.0
204 217 21.0
204 218 1.0
204 225 2.0
204 226 166.0
204 227 71.0
204 228 1.0
204 238 60.0
204 239 11.0
204 247 1.0
204 249 20.0
204 250 2.0
204 252 2.0
204 254 1.0
204 262 1.0
204 263 1.0
204 264 1.0
204 274 3.0
204 275 2.0
204 277 14.0
204 285 1.0
204 287 1.0
204 356 8.0
204 357 11.0
204 358 9.0
204 367 33.0
204 368 15.0
204 369 26.0
204 370 13.0
204 378 1.0
204 379 17.0
204 380 17.0
204 381 6.0
204 382 2.0
204 383 1.0
204 391 9.0
204 392 49.0
204 393 5.0
204 403 3.0
204 404 33.0
204 405 1.0
204 416 24.0
204 417 5.0
204 428 1.0
204 480 4.0
204 489 7.0
204 490 3.0
204 500 11.0
204 511 12.0
204 513 15.0
204 523 3.0
204 524 1.0
204 526 1.0
204 536 2.0
204 548 22.0
204 557 1.0
204 558 1.0
204 559 1.0
204 560 30.0
204 622 1.0
204 629 2.0
204 630 2.0
204 644 1.0
204 653 2.0
204 782 1.0
205 206 16.0
205 207 1.0
205 213 2.0
205 214 40.0
205 215 586.0
205 216 41.0
205 217 12.0
205 218 1.0
205 224 5.0
205 225 6.0
205 226 543.0
205 227 10.0
205 228 1.0
205 235 4.0
205 237 5.0
205 238 227.0
205 239 23.0
205 247 1.0
205 248 7.0
205 249 33.0
205 254 1.0
205 259 1.0
205 260 1.0
205 263 1.0
205 264 1.0
205 274 16.0
205 275 4.0
205 277 77.0
205 285 8.0
205 329 3.0
205 341 4.0
205 344 1.0
205 345 1.0
205 348 5.0
205 356 8.0
205 357 19.0
205 358 4.0
205 366 1.0
205 367 109.0
205 368 71.0
205 369 11.0
205 370 11.0
205 377 3.0
205 378 15.0
205 379 107.0
205 380 171.0
205 381 55.0
205 382 19.0
205 383 5.0
205 384 1.0
205 389 1.0
205 391 2.0
205 392 198.0
205 393 21.0
205 403 15.0
205 404 41.0
205 414 2.0
205 416 42.0
205 417 16.0
205 428 13.0
205 479 1.0
205 480 32.0
205 489 55.0
205 490 15.0
205 494 4.0
205 499 9.0
205 500 63.0
205 510 2.0
205 511 79.0
205 513 2.0
205 514 3.0
205 516 1.0
205 523 16.0
205 524 8.0
205 526 23.0
205 527 5.0
205 528 1.0
205 529 1.0
205 535 1.0
205 536 5.0
205 537 1.0
205 547 1.0
205 548 128.0
205 549 1.0
205 557 3.0
205 558 4.0
205 559 4.0
205 560 127.0
205 622 11.0
205 629 13.0
205 630 13.0
205 653 25.0
205 655 1.0
205 666 1.0
205 668 1.0
205 713 1.0
205 782 3.0
205 783 2.0
205 794 13.0
205 795 2.0
205 806 9.0
205 818 8.0
205 889 1.0
205 899 1.0
205 909 1.0
205 992 1.0
206 207 36.0
206 214 53.0
206 215 48.0
206 216 289.0
206 217 2.0
206 224 7.0
206 225 23.0
206 226 86.0
206 227 220.0
206 228 4.0
206 229 1.0
206 235 1.0
206 238 17.0
206 239 20.0
206 240 1.0
206 249 3.0
206 252 11.0
206 275 21.0
206 277 4.0
206 286 2.0
206 341 3.0
206 356 1.0
206 358 3.0
206 367 5.0
206 368 12.0
206 369 26.0
206 370 46.0
206 371 2.0
206 378 1.0
206 379 51.0
206 380 2.0
206 381 43.0
206 382 4.0
206 383 3.0
206 391 6.0
206 392 21.0
206 393 25.0
206 403 1.0
206 404 8.0
206 416 9.0
206 417 25.0
206 439 1.0
206 476 5.0
206 478 1.0
206 479 1.0
206 480 3.0
206 483 19.0
206 489 4.0
206 491 2.0
206 492 23.0
206 494 3.0
206 500 4.0
206 502 28.0
206 503 2.0
206 511 2.0
206 513 3.0
206 514 1.0
206 515 1.0
206 528 1.0
206 536 4.0
206 548 11.0
206 560 11.0
206 620 3.0
206 635 1.0
206 655 1.0
206 670 2.0
206 682 2.0
206 694 2.0
206 764 2.0
206 783 1.0
206 795 1.0
206 880 2.0
207 208 10.0
207 214 20.0
207 215 8.0
207 216 61.0
207 217 6.0
207 224 4.0
207 225 9.0
207 226 20.0
207 227 36.0
207 228 5.0
207 229 1.0
207 230 1.0
207 240 1.0
207 241 3.0
207 252 1.0
207 357 7.0
207 358 11.0
207 367 3.0
207 368 6.0
207 369 2.0
207 370 4.0
207 379 5.0
207 381 1.0
207 392 1.0
207 393 2.0
207 394 1.0
207 404 1.0
207 476 1.0
207 480 1.0
207 483 1.0
207 489 2.0
207 490 1.0
207 492 1.0
207 500 2.0
207 502 3.0
207 511 1.0
207 514 1.0
207 538 1.0
207 548 1.0
207 629 1.0
207 630 1.0
207 644 1.0
207 764 1.0
207 880 1.0
208 214 2.0
208 216 1.0
208 217 25.0
208 218 31.0
208 226 1.0
208 227 1.0
208 228 33.0
208 238 3.0
208 239 29.0
208 240 29.0
208 251 2.0
208 275 1.0
208 277 1.0
208 358 9.0
208 369 11.0
208 370 4.0
208 371 1.0
208 381 2.0
208 382 1.0
208 383 1.0
208 392 2.0
208 393 21.0
208 403 1.0
208 404 1.0
208 528 1.0
208 548 1.0
208 560 1.0
208 670 1.0
208 682 1.0
208 694 1.0
213 214 11.0
213 215 2.0
213 218 1.0
213 224 45.0
213 225 12.0
213 226 3.0
213 227 4.0
213 235 2.0
213 237 23.0
213 238 13.0
213 249 1.0
213 262 1.0
213 264 1.0
213 345 1.0
213 358 5.0
213 366 1.0
213 367 52.0
213 368 13.0
213 369 10.0
213 377 1.0
213 378 4.0
213 379 10.0
213 391 13.0
213 392 24.0
213 403 1.0
213 404 24.0
213 406 1.0
213 416 28.0
213 480 6.0
213 489 29.0
213 499 3.0
213 500 24.0
213 510 2.0
213 511 28.0
213 524 1.0
213 535 1.0
213 536 7.0
213 548 2.0
213 550 1.0
213 560 3.0
213 561 1.0
213 562 1.0
213 622 9.0
213 629 1.0
213 630 1.0
213 631 1.0
213 640 2.0
213 653 2.0
213 794 1.0
213 806 1.0
213 818 1.0
214 215 306.0
214 216 472.0
214 217 125.0
214 218 35.0
214 224 4.0
214 225 103.0
214 226 172.0
214 227 318.0
214 228 2.0
214 229 1.0
214 235 4.0
214 238 88.0
214 239 41.0
214 240 2.0
214 247 2.0
214 248 1.0
214 249 3.0
214 250 4.0
214 251 3.0
214 252 4.0
214 262 6.0
214 263 2.0
214 264 2.0
214 272 1.0
214 275 9.0
214 276 1.0
214 277 10.0
214 287 1.0
214 329 3.0
214 340 1.0
214 341 5.0
214 347 1.0
214 348 4.0
214 350 2.0
214 356 5.0
214 357 14.0
214 358 123.0
214 361 1.0
214 367 186.0
214 368 192.0
214 369 287.0
214 370 46.0
214 378 11.0
214 379 36.0
214 380 23.0
214 381 10.0
214 382 15.0
214 383 12.0
214 391 20.0
214 392 70.0
214 393 20.0
214 394 7.0
214 403 7.0
214 404 68.0
214 405 1.0
214 416 66.0
214 417 9.0
214 428 1.0
214 479 1.0
214 480 54.0
214 485 1.0
214 489 121.0
214 490 28.0
214 494 6.0
214 499 3.0
214 500 133.0
214 502 1.0
214 510 5.0
214 511 73.0
214 513 20.0
214 514 1.0
214 516 1.0
214 526 1.0
214 527 2.0
214 528 2.0
214 536 7.0
214 537 2.0
214 538 1.0
214 548 13.0
214 549 2.0
214 560 20.0
214 561 1.0
214 622 8.0
214 629 16.0
214 630 16.0
214 631 1.0
214 640 3.0
214 646 1.0
214 650 1.0
214 657 1.0
214 669 1.0
214 670 1.0
214 682 1.0
214 691 1.0
214 694 1.0
215 216 272.0
215 217 43.0
215 218 1.0
215 224 18.0
215 225 45.0
215 226 711.0
215 227 34.0
215 235 5.0
215 237 7.0
215 238 394.0
215 239 126.0
215 247 1.0
215 248 8.0
215 249 34.0
215 251 1.0
215 254 3.0
215 259 1.0
215 260 1.0
215 263 1.0
215 264 1.0
215 274 19.0
215 275 34.0
215 277 114.0
215 285 10.0
215 329 3.0
215 341 5.0
215 344 1.0
215 345 1.0
215 347 6.0
215 350 2.0
215 356 8.0
215 357 21.0
215 358 47.0
215 361 1.0
215 366 1.0
215 367 185.0
215 368 178.0
215 369 86.0
215 370 32.0
215 377 3.0
215 378 22.0
215 379 131.0
215 380 255.0
215 381 102.0
215 382 16.0
215 383 20.0
215 384 1.0
215 389 1.0
215 390 1.0
215 391 5.0
215 392 334.0
215 393 107.0
215 394 1.0
215 401 3.0
215 402 3.0
215 403 31.0
215 404 57.0
215 414 2.0
215 416 68.0
215 417 92.0
215 428 13.0
215 479 2.0
215 480 49.0
215 489 104.0
215 490 20.0
215 493 2.0
215 494 4.0
215 499 10.0
215 500 119.0
215 502 2.0
215 510 4.0
215 511 127.0
215 513 16.0
215 514 8.0
215 516 1.0
215 523 41.0
215 524 9.0
215 525 1.0
215 526 26.0
215 527 8.0
215 528 3.0
215 529 1.0
215 534 3.0
215 535 2.0
215 536 6.0
215 537 1.0
215 548 183.0
215 549 1.0
215 557 3.0
215 558 4.0
215 559 4.0
215 560 184.0
215 622 14.0
215 629 19.0
215 630 19.0
215 631 1.0
215 634 1.0
215 640 1.0
215 644 4.0
215 650 1.0
215 653 44.0
215 664 1.0
215 666 1.0
215 668 1.0
215 670 1.0
215 678 1.0
215 682 1.0
215 694 1.0
215 763 2.0
215 782 13.0
215 783 2.0
215 794 13.0
215 795 2.0
215 806 9.0
215 818 8.0
215 908 3.0
215 909 2.0
215 992 3.0
216 217 315.0
216 218 4.0
216 224 22.0
216 225 87.0
216 226 172.0
216 227 715.0
216 228 6.0
216 229 1.0
216 235 2.0
216 237 1.0
216 238 49.0
216 239 138.0
216 240 1.0
216 249 11.0
216 252 32.0
216 263 2.0
216 264 2.0
216 266 1.0
216 275 66.0
216 277 12.0
216 286 11.0
216 297 3.0
216 307 2.0
216 316 1.0
216 324 1.0
216 329 3.0
216 336 1.0
216 341 25.0
216 347 8.0
216 348 45.0
216 350 7.0
216 356 3.0
216 357 34.0
216 358 118.0
216 359 1.0
216 360 2.0
216 361 2.0
216 367 93.0
216 368 87.0
216 369 363.0
216 370 225.0
216 371 11.0
216 377 1.0
216 378 3.0
216 379 82.0
216 380 12.0
216 381 161.0
216 382 64.0
216 383 51.0
216 384 1.0
216 391 6.0
216 392 55.0
216 393 118.0
216 394 12.0
216 403 3.0
216 404 18.0
216 405 1.0
216 416 18.0
216 417 76.0
216 428 1.0
216 439 1.0
216 476 7.0
216 478 1.0
216 479 1.0
216 480 38.0
216 483 21.0
216 489 74.0
216 490 22.0
216 491 2.0
216 492 30.0
216 494 20.0
216 499 1.0
216 500 99.0
216 502 48.0
216 503 2.0
216 510 3.0
216 511 41.0
216 513 14.0
216 514 8.0
216 515 1.0
216 523 3.0
216 526 1.0
216 527 1.0
216 528 14.0
216 529 1.0
216 535 1.0
216 536 5.0
216 537 3.0
216 538 1.0
216 548 31.0
216 549 4.0
216 557 1.0
216 558 1.0
216 559 1.0
216 560 28.0
216 620 3.0
216 622 5.0
216 629 8.0
216 630 8.0
216 635 3.0
216 644 4.0
216 655 2.0
216 657 1.0
216 669 1.0
216 670 13.0
216 682 13.0
216 694 11.0
216 713 1.0
216 714 1.0
216 764 5.0
216 772 2.0
216 783 2.0
216 795 2.0
216 880 5.0
217 218 104.0
217 224 7.0
217 225 38.0
217 226 124.0
217 227 356.0
217 228 110.0
217 229 2.0
217 237 4.0
217 238 26.0
217 239 185.0
217 240 58.0
217 249 1.0
217 251 13.0
217 252 11.0
217 254 3.0
217 263 1.0
217 275 69.0
217 277 12.0
217 329 3.0
217 350 3.0
217 356 3.0
217 357 80.0
217 358 41.0
217 359 8.0
217 367 52.0
217 368 27.0
217 369 42.0
217 370 100.0
217 371 1.0
217 377 1.0
217 378 1.0
217 379 6.0
217 380 1.0
217 381 87.0
217 382 28.0
217 383 59.0
217 384 1.0
217 392 22.0
217 393 141.0
217 403 2.0
217 404 16.0
217 405 8.0
217 414 1.0
217 416 11.0
217 417 41.0
217 428 1.0
217 480 19.0
217 489 29.0
217 490 19.0
217 492 3.0
217 494 1.0
217 500 52.0
217 502 12.0
217 510 1.0
217 511 17.0
217 513 5.0
217 524 2.0
217 528 16.0
217 529 1.0
217 536 1.0
217 540 1.0
217 541 1.0
217 548 17.0
217 560 28.0
217 561 1.0
217 563 1.0
217 573 1.0
217 622 1.0
217 629 2.0
217 630 2.0
217 644 4.0
217 655 1.0
217 670 8.0
217 682 8.0
217 694 7.0
217 764 7.0
217 880 7.0
218 225 1.0
218 226 32.0
218 227 46.0
218 228 43.0
218 229 1.0
218 237 1.0
218 238 5.0
218 239 38.0
218 240 43.0
218 250 1.0
218 251 5.0
218 252 1.0
218 262 1.0
218 275 4.0
218 277 4.0
218 350 1.0
218 356 1.0
218 357 3.0
218 358 6.0
218 359 7.0
218 360 1.0
218 367 1.0
218 368 2.0
218 369 10.0
218 370 17.0
218 371 1.0
218 382 4.0
218 383 11.0
218 392 4.0
218 393 36.0
218 416 1.0
218 494 1.0
218 513 3.0
218 528 1.0
218 548 4.0
218 560 5.0
218 655 1.0
218 670 1.0
218 682 1.0
218 694 1.0
222 234 24.0
222 246 7.0
222 258 7.0
222 364 1.0
222 376 5.0
223 225 2.0
223 226 3.0
223 227 2.0
223 235 88.0
223 238 1.0
223 246 10.0
223 247 32.0
223 258 18.0
223 259 49.0
223 271 2.0
223 277 1.0
223 335 1.0
223 344 2.0
223 345 1.0
223 355 1.0
223 365 10.0
223 366 1.0
223 368 2.0
223 370 2.0
223 377 51.0
223 378 34.0
223 379 15.0
223 380 1.0
223 389 38.0
223 391 1.0
223 392 1.0
223 401 3.0
223 413 1.0
223 416 1.0
223 424 2.0
223 427 1.0
223 498 1.0
223 509 3.0
223 511 25.0
223 521 2.0
223 522 1.0
223 523 8.0
223 532 1.0
223 535 1.0
223 536 3.0
223 548 3.0
223 560 3.0
223 631 5.0
223 640 4.0
223 651 2.0
223 652 1.0
223 653 25.0
223 663 1.0
223 678 1.0
223 679 1.0
223 753 1.0
223 782 4.0
223 903 1.0
224 225 52.0
224 226 2.0
224 227 5.0
224 237 53.0
224 238 10.0
224 239 72.0
224 240 1.0
224 247 1.0
224 249 4.0
224 251 1.0
224 252 7.0
224 254 1.0
224 262 1.0
224 264 4.0
224 265 4.0
224 275 5.0
224 357 7.0
224 358 3.0
224 367 2.0
224 368 2.0
224 369 4.0
224 370 1.0
224 378 1.0
224 379 18.0
224 380 6.0
224 381 1.0
224 383 3.0
224 384 1.0
224 391 32.0
224 392 31.0
224 393 31.0
224 403 1.0
224 404 43.0
224 405 1.0
224 406 1.0
224 407 6.0
224 416 47.0
224 417 13.0
224 418 2.0
224 436 1.0
224 438 2.0
224 446 1.0
224 455 1.0
224 463 1.0
224 480 2.0
224 490 2.0
224 500 2.0
224 527 2.0
224 528 1.0
224 536 8.0
224 539 6.0
224 548 3.0
224 550 1.0
224 560 4.0
224 561 1.0
224 562 1.0
225 226 64.0
225 227 74.0
225 228 1.0
225 235 14.0
225 237 37.0
225 238 36.0
225 239 19.0
225 240 1.0
225 247 23.0
225 248 5.0
225 249 11.0
225 250 3.0
225 251 2.0
225 259 11.0
225 260 3.0
225 262 5.0
225 263 3.0
225 264 7.0
225 274 2.0
225 275 3.0
225 277 1.0
225 329 7.0
225 335 1.0
225 336 3.0
225 345 1.0
225 348 2.0
225 355 1.0
225 356 1.0
225 357 11.0
225 358 22.0
225 359 19.0
225 367 98.0
225 368 52.0
225 369 62.0
225 370 2.0
225 377 26.0
225 378 86.0
225 379 119.0
225 380 14.0
225 381 12.0
225 382 4.0
225 383 5.0
225 384 2.0
225 389 11.0
225 391 10.0
225 392 40.0
225 393 3.0
225 394 1.0
225 402 2.0
225 403 4.0
225 404 40.0
225 406 1.0
225 416 32.0
225 417 2.0
225 427 1.0
225 436 1.0
225 479 1.0
225 480 17.0
225 481 2.0
225 489 83.0
225 490 11.0
225 499 47.0
225 500 35.0
225 509 1.0
225 510 11.0
225 511 25.0
225 513 1.0
225 523 2.0
225 526 3.0
225 528 4.0
225 529 1.0
225 535 1.0
225 536 15.0
225 537 1.0
225 546 2.0
225 548 7.0
225 549 1.0
225 550 1.0
225 560 19.0
225 561 2.0
225 562 1.0
225 622 3.0
225 629 3.0
225 630 3.0
225 631 21.0
225 640 32.0
225 650 13.0
225 652 2.0
225 670 2.0
225 680 1.0
225 682 2.0
225 688 2.0
225 690 1.0
225 691 1.0
225 694 1.0
225 779 1.0
225 794 1.0
225 806 1.0
225 816 2.0
225 818 1.0
225 895 1.0
226 227 585.0
226 228 5.0
226 235 18.0
226 236 3.0
226 237 14.0
226 238 1159.0
226 239 2.0
226 247 8.0
226 248 12.0
226 249 82.0
226 254 1.0
226 259 10.0
226 260 2.0
226 263 5.0
226 264 2.0
226 273 1.0
226 274 56.0
226 275 2.0
226 277 398.0
226 285 36.0
226 286 2.0
226 316 1.0
226 324 1.0
226 329 67.0
226 335 1.0
226 336 6.0
226 344 1.0
226 345 2.0
226 347 1.0
226 355 1.0
226 356 11.0
226 357 7.0
226 358 45.0
226 359 144.0
226 366 1.0
226 367 667.0
226 368 402.0
226 369 20.0
226 370 18.0
226 371 1.0
226 377 32.0
226 378 116.0
226 379 419.0
226 380 522.0
226 381 70.0
226 382 10.0
226 383 3.0
226 384 1.0
226 389 8.0
226 390 2.0
226 391 31.0
226 392 1040.0
226 393 4.0
226 394 4.0
226 401 2.0
226 402 2.0
226 403 114.0
226 404 160.0
226 405 5.0
226 414 3.0
226 416 162.0
226 417 2.0
226 428 46.0
226 439 2.0
226 479 23.0
226 480 272.0
226 481 5.0
226 489 495.0
226 490 215.0
226 499 53.0
226 500 589.0
226 510 16.0
226 511 243.0
226 513 1.0
226 514 7.0
226 516 1.0
226 522 11.0
226 523 76.0
226 524 13.0
226 526 51.0
226 527 10.0
226 528 1.0
226 529 1.0
226 534 2.0
226 535 5.0
226 536 36.0
226 537 1.0
226 538 1.0
226 547 1.0
226 548 646.0
226 549 1.0
226 550 2.0
226 557 3.0
226 558 4.0
226 559 4.0
226 560 640.0
226 561 1.0
226 621 4.0
226 622 32.0
226 629 83.0
226 630 151.0
226 631 27.0
226 640 53.0
226 650 20.0
226 653 58.0
226 654 1.0
226 656 2.0
226 666 2.0
226 668 2.0
226 680 5.0
226 690 1.0
226 703 1.0
226 713 2.0
226 779 1.0
226 782 17.0
226 783 1.0
226 794 16.0
226 795 7.0
226 806 12.0
226 807 3.0
226 818 11.0
226 819 3.0
226 895 1.0
226 908 1.0
226 992 1.0
227 228 9.0
227 229 8.0
227 235 12.0
227 237 7.0
227 238 44.0
227 239 235.0
227 240 1.0
227 247 4.0
227 248 1.0
227 249 32.0
227 251 1.0
227 252 25.0
227 259 9.0
227 263 5.0
227 264 4.0
227 275 112.0
227 277 17.0
227 286 11.0
227 297 4.0
227 306 1.0
227 307 1.0
227 316 1.0
227 324 1.0
227 329 11.0
227 333 2.0
227 336 3.0
227 340 1.0
227 341 5.0
227 350 3.0
227 356 6.0
227 357 4.0
227 358 61.0
227 359 146.0
227 360 1.0
227 367 158.0
227 368 70.0
227 369 378.0
227 370 158.0
227 371 2.0
227 377 25.0
227 378 63.0
227 379 196.0
227 380 13.0
227 381 149.0
227 382 16.0
227 383 2.0
227 384 1.0
227 389 8.0
227 391 25.0
227 392 67.0
227 393 158.0
227 394 7.0
227 403 2.0
227 404 21.0
227 405 2.0
227 416 24.0
227 417 96.0
227 428 1.0
227 439 1.0
227 476 13.0
227 478 1.0
227 479 3.0
227 480 53.0
227 483 28.0
227 484 12.0
227 485 16.0
227 486 1.0
227 489 142.0
227 490 44.0
227 491 11.0
227 492 36.0
227 493 2.0
227 494 50.0
227 495 7.0
227 499 25.0
227 500 139.0
227 502 67.0
227 503 4.0
227 505 2.0
227 510 11.0
227 511 29.0
227 513 36.0
227 514 8.0
227 515 1.0
227 522 2.0
227 523 5.0
227 524 2.0
227 526 1.0
227 528 1.0
227 529 1.0
227 535 3.0
227 536 25.0
227 537 3.0
227 548 41.0
227 549 3.0
227 550 2.0
227 560 39.0
227 561 1.0
227 620 3.0
227 622 5.0
227 625 5.0
227 626 10.0
227 627 1.0
227 628 3.0
227 629 24.0
227 630 45.0
227 631 13.0
227 634 1.0
227 635 11.0
227 636 1.0
227 640 25.0
227 644 2.0
227 650 9.0
227 653 1.0
227 670 1.0
227 680 4.0
227 682 1.0
227 694 1.0
227 757 2.0
227 764 11.0
227 772 2.0
227 779 1.0
227 880 11.0
227 895 1.0
228 230 3.0
228 238 8.0
228 239 196.0
228 240 229.0
228 241 7.0
228 242 1.0
228 248 3.0
228 250 1.0
228 251 203.0
228 252 336.0
228 254 1.0
228 260 22.0
228 261 44.0
228 262 78.0
228 263 92.0
228 264 3.0
228 265 3.0
228 272 1.0
228 273 17.0
228 274 44.0
228 275 19.0
228 277 9.0
228 283 1.0
228 284 12.0
228 285 2.0
228 286 1.0
228 287 4.0
228 288 1.0
228 293 5.0
228 294 15.0
228 295 2.0
228 297 8.0
228 303 1.0
228 304 4.0
228 305 1.0
228 307 3.0
228 308 1.0
228 313 1.0
228 316 1.0
228 325 1.0
228 329 1.0
228 333 11.0
228 334 4.0
228 341 5.0
228 342 1.0
228 350 25.0
228 356 1.0
228 358 49.0
228 360 31.0
228 367 1.0
228 368 1.0
228 369 43.0
228 370 98.0
228 371 4.0
228 372 1.0
228 379 1.0
228 380 1.0
228 381 30.0
228 382 3.0
228 383 5.0
228 390 8.0
228 391 3.0
228 392 16.0
228 393 213.0
228 394 24.0
228 395 4.0
228 396 1.0
228 401 1.0
228 402 2.0
228 403 6.0
228 404 85.0
228 405 305.0
228 406 2.0
228 407 9.0
228 414 11.0
228 415 35.0
228 416 200.0
228 417 124.0
228 418 7.0
228 419 6.0
228 425 7.0
228 426 1.0
228 427 2.0
228 431 3.0
228 435 1.0
228 436 20.0
228 438 1.0
228 439 3.0
228 446 1.0
228 447 6.0
228 448 3.0
228 453 1.0
228 455 2.0
228 477 4.0
228 480 1.0
228 483 1.0
228 485 18.0
228 486 1.0
228 490 1.0
228 492 2.0
228 493 31.0
228 494 41.0
228 502 6.0
228 503 53.0
228 505 2.0
228 513 17.0
228 516 1.0
228 522 7.0
228 526 3.0
228 527 13.0
228 528 2.0
228 536 7.0
228 537 1.0
228 538 9.0
228 539 8.0
228 540 8.0
228 541 8.0
228 542 5.0
228 548 27.0
228 549 41.0
228 550 1.0
228 551 8.0
228 557 1.0
228 558 2.0
228 559 8.0
228 560 141.0
228 561 196.0
228 562 9.0
228 563 18.0
228 568 1.0
228 570 23.0
228 571 11.0
228 572 5.0
228 573 21.0
228 574 6.0
228 580 27.0
228 581 12.0
228 582 10.0
228 583 2.0
228 591 2.0
228 627 16.0
228 635 4.0
228 636 2.0
228 647 2.0
228 655 3.0
228 657 3.0
228 669 4.0
228 670 1.0
228 678 3.0
228 679 19.0
228 680 3.0
228 682 3.0
228 689 1.0
228 690 1.0
228 691 79.0
228 692 2.0
228 694 1.0
228 701 1.0
228 703 14.0
228 704 4.0
228 706 2.0
228 707 1.0
228 714 1.0
228 715 3.0
228 716 1.0
228 721 1.0
228 722 2.0
228 723 2.0
228 724 2.0
228 726 7.0
228 764 3.0
228 769 2.0
228 774 1.0
228 783 1.0
228 795 1.0
228 807 2.0
228 819 1.0
228 852 1.0
228 857 1.0
228 860 1.0
228 880 2.0
229 239 19.0
229 241 1.0
229 251 38.0
229 252 1.0
229 254 1.0
229 274 2.0
229 285 2.0
229 341 1.0
229 350 2.0
229 360 5.0
229 369 1.0
229 370 6.0
229 371 3.0
229 381 2.0
229 383 39.0
229 384 15.0
229 392 2.0
229 393 3.0
229 404 15.0
229 416 1.0
229 484 1.0
229 485 1.0
229 494 3.0
229 502 4.0
229 503 1.0
229 514 9.0
229 515 4.0
229 528 24.0
229 529 10.0
229 548 1.0
229 626 1.0
229 635 1.0
229 644 2.0
229 656 4.0
229 670 4.0
229 682 1.0
229 694 1.0
229 764 4.0
229 773 1.0
229 783 1.0
229 795 8.0
229 807 8.0
229 819 8.0
229 880 4.0
230 241 1.0
230 242 21.0
230 254 43.0
230 266 13.0
230 274 8.0
230 278 5.0
230 279 9.0
230 285 7.0
230 286 1.0
230 334 7.0
230 341 19.0
230 361 4.0
230 371 21.0
230 372 5.0
230 380 4.0
230 381 8.0
230 382 15.0
230 383 6.0
230 385 1.0
230 392 8.0
230 394 4.0
230 395 5.0
230 397 4.0
230 398 4.0
230 404 8.0
230 407 1.0
230 409 2.0
230 416 1.0
230 420 1.0
230 421 1.0
230 439 1.0
230 494 19.0
230 502 4.0
230 505 19.0
230 513 1.0
230 514 12.0
230 526 2.0
230 538 3.0
230 549 4.0
230 553 2.0
230 561 1.0
230 635 3.0
230 644 2.0
230 656 3.0
230 657 2.0
230 680 1.0
230 681 1.0
230 706 2.0
230 763 1.0
230 764 6.0
230 783 4.0
230 795 4.0
230 797 1.0
230 807 4.0
230 819 4.0
230 830 2.0
230 840 1.0
230 880 5.0
231 243 69.0
231 255 45.0
231 266 7.0
231 268 2.0
231 373 24.0
231 408 3.0
231 430 1.0
231 440 1.0
234 235 6.0
234 245 2.0
234 246 26.0
234 247 5.0
234 258 26.0
234 259 11.0
234 270 1.0
234 363 1.0
234 364 20.0
234 376 1.0
234 377 10.0
234 388 1.0
234 389 3.0
234 498 1.0
234 507 1.0
234 508 3.0
234 521 2.0
235 236 2.0
235 238 9.0
235 239 2.0
235 245 12.0
235 246 58.0
235 247 348.0
235 249 1.0
235 257 27.0
235 258 27.0
235 259 538.0
235 260 5.0
235 271 1.0
235 272 6.0
235 277 5.0
235 282 1.0
235 295 9.0
235 320 1.0
235 329 13.0
235 335 8.0
235 336 27.0
235 344 24.0
235 345 9.0
235 353 1.0
235 355 6.0
235 359 3.0
235 365 38.0
235 366 27.0
235 367 3.0
235 368 9.0
235 370 3.0
235 375 1.0
235 376 1.0
235 377 665.0
235 378 314.0
235 379 95.0
235 380 2.0
235 389 252.0
235 390 7.0
235 391 31.0
235 392 5.0
235 393 1.0
235 401 3.0
235 402 12.0
235 403 5.0
235 404 1.0
235 412 1.0
235 413 2.0
235 414 3.0
235 415 4.0
235 416 7.0
235 424 3.0
235 427 22.0
235 428 1.0
235 488 6.0
235 489 15.0
235 490 2.0
235 498 3.0
235 499 15.0
235 500 6.0
235 507 3.0
235 508 6.0
235 509 30.0
235 510 13.0
235 511 156.0
235 521 1.0
235 522 3.0
235 523 53.0
235 524 4.0
235 534 1.0
235 535 29.0
235 536 29.0
235 546 1.0
235 548 47.0
235 560 43.0
235 561 1.0
235 622 1.0
235 623 1.0
235 630 1.0
235 631 19.0
235 640 21.0
235 642 4.0
235 643 1.0
235 650 2.0
235 651 3.0
235 652 2.0
235 653 175.0
235 676 4.0
235 678 3.0
235 679 1.0
235 680 1.0
235 688 1.0
235 699 1.0
235 753 2.0
235 754 10.0
235 770 3.0
235 771 6.0
235 779 6.0
235 780 1.0
235 782 20.0
235 791 1.0
235 803 1.0
235 805 2.0
235 815 1.0
235 885 3.0
235 893 1.0
235 895 6.0
235 903 1.0
236 238 4.0
236 258 9.0
236 259 26.0
236 277 1.0
236 295 3.0
236 329 3.0
236 336 2.0
236 354 1.0
236 355 1.0
236 365 9.0
236 366 14.0
236 377 33.0
236 378 2.0
236 379 12.0
236 380 1.0
236 381 3.0
236 389 26.0
236 391 22.0
236 392 6.0
236 404 1.0
236 415 1.0
236 416 10.0
236 427 9.0
236 428 1.0
236 488 3.0
236 489 4.0
236 491 3.0
236 492 3.0
236 499 2.0
236 500 5.0
236 507 2.0
236 508 2.0
236 509 7.0
236 510 4.0
236 511 3.0
236 523 4.0
236 524 1.0
236 535 1.0
236 536 16.0
236 548 23.0
236 560 24.0
236 631 1.0
236 640 1.0
236 650 5.0
236 651 5.0
236 653 1.0
236 678 1.0
236 778 1.0
236 779 1.0
236 893 1.0
236 895 1.0
237 238 17.0
237 239 1.0
237 247 11.0
237 248 34.0
237 249 25.0
237 259 5.0
237 329 1.0
237 336 2.0
237 359 2.0
237 366 2.0
237 367 10.0
237 368 3.0
237 369 1.0
237 377 1.0
237 378 10.0
237 379 29.0
237 389 1.0
237 391 40.0
237 392 33.0
237 404 59.0
237 416 80.0
237 428 1.0
237 480 1.0
237 489 5.0
237 490 1.0
237 498 4.0
237 499 4.0
237 500 1.0
237 511 24.0
237 548 2.0
237 560 13.0
237 561 1.0
237 562 1.0
237 631 1.0
237 640 1.0
237 652 1.0
237 653 23.0
238 239 44.0
238 247 8.0
238 248 2.0
238 249 1696.0
238 250 243.0
238 251 241.0
238 253 1.0
238 254 5.0
238 259 6.0
238 260 5.0
238 261 90.0
238 262 451.0
238 263 134.0
238 264 33.0
238 265 6.0
238 266 1.0
238 272 11.0
238 273 321.0
238 274 904.0
238 275 27.0
238 276 2.0
238 277 433.0
238 278 1.0
238 282 1.0
238 283 98.0
238 284 143.0
238 285 647.0
238 286 13.0
238 288 2.0
238 293 41.0
238 294 144.0
238 295 9.0
238 297 3.0
238 298 1.0
238 303 32.0
238 304 59.0
238 305 7.0
238 306 1.0
238 312 20.0
238 313 13.0
238 314 2.0
238 316 8.0
238 319 1.0
238 320 2.0
238 322 1.0
238 324 7.0
238 329 7.0
238 335 4.0
238 336 4.0
238 340 3.0
238 341 2.0
238 344 2.0
238 345 7.0
238 347 1.0
238 355 2.0
238 356 13.0
238 357 14.0
238 358 54.0
238 359 1.0
238 367 311.0
238 368 71.0
238 369 57.0
238 370 6.0
238 377 15.0
238 378 48.0
238 379 244.0
238 380 906.0
238 381 73.0
238 382 18.0
238 383 13.0
238 384 2.0
238 389 5.0
238 390 3.0
238 391 49.0
238 392 4658.0
238 393 44.0
238 394 21.0
238 395 2.0
238 402 3.0
238 403 134.0
238 404 4568.0
238 405 13.0
238 406 6.0
238 407 15.0
238 413 2.0
238 414 9.0
238 415 3.0
238 416 884.0
238 417 12.0
238 418 10.0
238 419 31.0
238 420 15.0
238 424 3.0
238 425 23.0
238 427 12.0
238 428 50.0
238 429 4.0
238 431 9.0
238 435 24.0
238 436 70.0
238 437 9.0
238 438 13.0
238 439 29.0
238 445 5.0
238 446 31.0
238 447 60.0
238 448 18.0
238 453 2.0
238 454 5.0
238 455 36.0
238 456 12.0
238 462 2.0
238 463 10.0
238 464 1.0
238 469 5.0
238 479 8.0
238 480 41.0
238 481 1.0
238 485 3.0
238 486 1.0
238 488 2.0
238 489 267.0
238 490 14.0
238 492 2.0
238 493 2.0
238 494 9.0
238 499 10.0
238 500 253.0
238 501 4.0
238 502 14.0
238 503 5.0
238 510 3.0
238 511 157.0
238 513 5.0
238 514 45.0
238 516 3.0
238 522 25.0
238 523 61.0
238 524 2.0
238 525 4.0
238 526 34.0
238 527 20.0
238 528 4.0
238 529 2.0
238 536 23.0
238 537 4.0
238 538 39.0
238 539 26.0
238 540 20.0
238 541 21.0
238 542 13.0
238 548 931.0
238 549 4.0
238 550 3.0
238 551 21.0
238 557 3.0
238 558 5.0
238 559 6.0
238 560 2041.0
238 561 21.0
238 562 11.0
238 563 15.0
238 568 1.0
238 569 38.0
238 570 43.0
238 571 7.0
238 572 1.0
238 573 28.0
238 574 1.0
238 578 2.0
238 579 4.0
238 580 156.0
238 581 24.0
238 582 26.0
238 583 19.0
238 589 1.0
238 590 2.0
238 591 59.0
238 592 8.0
238 593 1.0
238 597 1.0
238 598 1.0
238 599 3.0
238 607 3.0
238 621 3.0
238 622 27.0
238 629 10.0
238 630 36.0
238 631 4.0
238 633 1.0
238 634 9.0
238 635 1.0
238 636 3.0
238 640 23.0
238 644 5.0
238 645 1.0
238 646 10.0
238 650 1.0
238 653 41.0
238 654 1.0
238 655 26.0
238 656 3.0
238 657 8.0
238 667 3.0
238 669 15.0
238 670 1.0
238 678 4.0
238 681 1.0
238 682 5.0
238 684 1.0
238 691 9.0
238 692 1.0
238 693 1.0
238 694 3.0
238 698 5.0
238 699 2.0
238 704 2.0
238 710 10.0
238 711 2.0
238 714 1.0
238 715 4.0
238 716 1.0
238 721 3.0
238 722 14.0
238 723 1.0
238 730 1.0
238 731 1.0
238 732 15.0
238 741 6.0
238 762 1.0
238 763 1.0
238 764 3.0
238 765 4.0
238 773 2.0
238 780 1.0
238 782 16.0
238 783 50.0
238 785 5.0
238 791 1.0
238 792 1.0
238 794 5.0
238 795 60.0
238 797 5.0
238 803 1.0
238 804 1.0
238 806 5.0
238 807 9.0
238 815 1.0
238 816 1.0
238 818 4.0
238 819 8.0
238 820 1.0
238 827 1.0
238 836 3.0
238 837 4.0
238 840 2.0
238 856 1.0
238 857 5.0
238 880 3.0
238 895 1.0
238 900 1.0
238 908 3.0
238 909 41.0
238 918 1.0
238 919 2.0
238 929 1.0
238 980 1.0
238 981 1.0
238 992 44.0
238 1049 17.0
238 1062 1.0
239 240 186.0
239 248 1.0
239 249 5.0
239 250 25.0
239 251 540.0
239 252 24.0
239 254 21.0
239 261 4.0
239 262 28.0
239 263 3.0
239 264 4.0
239 265 24.0
239 272 1.0
239 273 1.0
239 274 131.0
239 275 381.0
239 277 2.0
239 283 5.0
239 284 1.0
239 285 47.0
239 286 24.0
239 288 2.0
239 293 2.0
239 294 12.0
239 295 2.0
239 297 6.0
239 303 3.0
239 304 7.0
239 305 3.0
239 306 3.0
239 307 3.0
239 313 1.0
239 316 1.0
239 324 1.0
239 333 2.0
239 334 2.0
239 340 2.0
239 341 21.0
239 348 6.0
239 350 17.0
239 356 2.0
239 357 11.0
239 358 22.0
239 359 2.0
239 360 13.0
239 367 10.0
239 368 8.0
239 369 22.0
239 370 109.0
239 371 10.0
239 378 3.0
239 379 4.0
239 380 3.0
239 381 388.0
239 382 75.0
239 383 21.0
239 384 6.0
239 391 2.0
239 392 19.0
239 393 1231.0
239 394 27.0
239 395 13.0
239 403 1.0
239 404 483.0
239 405 76.0
239 406 1.0
239 407 37.0
239 414 2.0
239 415 4.0
239 416 27.0
239 417 345.0
239 418 5.0
239 419 1.0
239 424 1.0
239 425 3.0
239 426 2.0
239 427 26.0
239 428 1.0
239 431 1.0
239 435 12.0
239 436 18.0
239 437 10.0
239 438 5.0
239 439 1.0
239 446 1.0
239 455 1.0
239 463 1.0
239 476 9.0
239 478 1.0
239 479 1.0
239 480 2.0
239 483 32.0
239 489 2.0
239 490 1.0
239 491 3.0
239 492 33.0
239 494 13.0
239 500 2.0
239 502 45.0
239 503 2.0
239 511 2.0
239 513 9.0
239 514 22.0
239 516 8.0
239 526 25.0
239 527 40.0
239 528 8.0
239 529 4.0
239 536 2.0
239 537 13.0
239 538 31.0
239 539 53.0
239 540 3.0
239 548 5.0
239 549 46.0
239 552 1.0
239 557 1.0
239 558 2.0
239 559 2.0
239 560 25.0
239 561 34.0
239 562 3.0
239 563 2.0
239 569 8.0
239 570 1.0
239 571 5.0
239 572 3.0
239 573 3.0
239 580 2.0
239 591 1.0
239 620 10.0
239 622 1.0
239 634 2.0
239 635 7.0
239 644 5.0
239 645 4.0
239 646 5.0
239 655 1.0
239 656 8.0
239 657 15.0
239 669 15.0
239 670 3.0
239 678 1.0
239 679 1.0
239 682 4.0
239 689 1.0
239 691 7.0
239 694 1.0
239 703 1.0
239 706 1.0
239 710 7.0
239 714 1.0
239 715 3.0
239 722 1.0
239 764 11.0
239 774 6.0
239 783 8.0
239 795 10.0
239 807 6.0
239 819 6.0
239 830 1.0
239 836 4.0
239 840 1.0
239 857 1.0
239 879 1.0
239 880 10.0
239 909 1.0
239 992 1.0
239 1049 1.0
240 250 1.0
240 251 107.0
240 252 9.0
240 262 1.0
240 263 1.0
240 274 1.0
240 275 20.0
240 285 1.0
240 341 2.0
240 350 14.0
240 358 31.0
240 360 17.0
240 369 28.0
240 370 6.0
240 371 4.0
240 381 4.0
240 382 1.0
240 383 3.0
240 393 162.0
240 404 62.0
240 405 1.0
240 416 12.0
240 494 1.0
240 560 17.0
241 242 1.0
241 254 51.0
241 266 4.0
241 333 23.0
241 340 2.0
241 341 31.0
241 351 1.0
241 360 95.0
241 361 1.0
241 370 1.0
241 371 175.0
241 372 6.0
241 382 1.0
241 383 1.0
241 384 6.0
241 393 1.0
241 396 3.0
241 477 2.0
241 484 1.0
241 485 33.0
241 494 49.0
241 504 2.0
241 505 58.0
241 514 2.0
241 516 12.0
241 517 12.0
241 627 3.0
241 628 5.0
241 636 7.0
241 637 2.0
241 646 17.0
241 647 19.0
241 648 2.0
241 657 38.0
241 659 2.0
241 706 36.0
242 243 2.0
242 253 1.0
242 254 72.0
242 255 2.0
242 266 24.0
242 278 4.0
242 279 4.0
242 286 1.0
242 341 2.0
242 351 11.0
242 360 3.0
242 361 30.0
242 371 4.0
242 372 49.0
242 383 1.0
242 386 2.0
242 393 1.0
242 394 5.0
242 395 3.0
242 397 13.0
242 398 19.0
242 408 2.0
242 409 1.0
242 416 1.0
242 421 2.0
242 493 1.0
242 494 2.0
242 503 1.0
242 505 3.0
242 515 1.0
242 516 2.0
242 517 5.0
242 538 3.0
242 549 4.0
242 553 1.0
242 561 2.0
242 635 1.0
242 657 1.0
242 659 1.0
242 706 1.0
243 244 3.0
243 255 177.0
243 266 69.0
243 268 3.0
243 290 2.0
243 297 2.0
243 341 6.0
243 351 8.0
243 372 3.0
243 373 37.0
243 385 11.0
243 386 2.0
243 396 1.0
243 397 1.0
243 398 1.0
243 407 8.0
243 408 48.0
243 419 1.0
243 430 6.0
243 439 1.0
243 440 16.0
243 449 1.0
243 450 5.0
243 459 5.0
243 467 1.0
243 562 5.0
243 563 1.0
243 572 4.0
243 573 1.0
243 583 1.0
243 592 1.0
244 255 38.0
244 256 3.0
244 266 25.0
244 267 5.0
244 297 1.0
244 298 1.0
244 341 4.0
244 351 5.0
244 385 5.0
244 407 12.0
244 408 24.0
244 419 1.0
244 430 2.0
244 440 2.0
244 562 6.0
244 572 6.0
245 246 48.0
245 247 8.0
245 257 12.0
245 258 3.0
245 259 16.0
245 329 2.0
245 344 1.0
245 353 7.0
245 354 1.0
245 355 3.0
245 356 1.0
245 363 1.0
245 365 24.0
245 376 1.0
245 377 53.0
245 389 8.0
245 488 2.0
245 497 5.0
245 498 3.0
245 507 1.0
245 508 13.0
245 509 6.0
245 522 1.0
245 631 1.0
246 247 8.0
246 257 44.0
246 258 174.0
246 259 81.0
246 270 10.0
246 272 2.0
246 329 2.0
246 336 1.0
246 344 5.0
246 345 2.0
246 353 26.0
246 354 2.0
246 355 4.0
246 356 1.0
246 363 1.0
246 364 53.0
246 365 67.0
246 375 49.0
246 376 73.0
246 377 184.0
246 378 16.0
246 388 22.0
246 389 35.0
246 390 1.0
246 401 2.0
246 412 16.0
246 488 2.0
246 489 1.0
246 497 8.0
246 498 8.0
246 499 1.0
246 507 39.0
246 508 82.0
246 509 16.0
246 511 8.0
246 519 1.0
246 521 5.0
246 630 1.0
246 631 1.0
246 640 1.0
246 649 1.0
246 650 1.0
246 653 6.0
246 778 1.0
246 782 1.0
247 248 74.0
247 249 25.0
247 257 29.0
247 258 186.0
247 259 1694.0
247 260 33.0
247 264 1.0
247 270 11.0
247 272 17.0
247 273 1.0
247 274 4.0
247 277 4.0
247 282 6.0
247 283 8.0
247 284 1.0
247 285 6.0
247 294 8.0
247 295 9.0
247 304 2.0
247 313 2.0
247 320 1.0
247 329 12.0
247 335 2.0
247 336 44.0
247 344 32.0
247 345 41.0
247 346 1.0
247 347 1.0
247 353 437.0
247 354 46.0
247 355 112.0
247 358 1.0
247 359 1.0
247 364 2.0
247 365 1280.0
247 366 1.0
247 367 5.0
247 368 2.0
247 375 3.0
247 376 2.0
247 377 2508.0
247 378 743.0
247 379 292.0
247 380 2.0
247 381 1.0
247 382 1.0
247 388 2.0
247 389 385.0
247 390 256.0
247 391 169.0
247 392 7.0
247 393 1.0
247 395 1.0
247 402 20.0
247 403 8.0
247 404 3.0
247 406 12.0
247 407 3.0
247 412 2.0
247 413 5.0
247 414 1.0
247 415 1.0
247 416 54.0
247 419 1.0
247 424 23.0
247 425 1.0
247 426 7.0
247 427 49.0
247 428 7.0
247 429 1.0
247 436 6.0
247 437 5.0
247 438 5.0
247 447 2.0
247 456 1.0
247 464 2.0
247 480 7.0
247 488 59.0
247 489 44.0
247 490 1.0
247 497 84.0
247 498 94.0
247 499 65.0
247 500 2.0
247 507 45.0
247 508 356.0
247 509 861.0
247 510 33.0
247 511 388.0
247 512 2.0
247 516 1.0
247 519 1.0
247 521 114.0
247 522 39.0
247 523 220.0
247 524 8.0
247 535 106.0
247 536 219.0
247 537 4.0
247 538 5.0
247 539 3.0
247 546 1.0
247 547 64.0
247 548 133.0
247 550 8.0
247 559 2.0
247 560 146.0
247 561 37.0
247 562 11.0
247 573 1.0
247 580 2.0
247 583 3.0
247 590 1.0
247 630 11.0
247 631 71.0
247 640 115.0
247 643 1.0
247 649 130.0
247 650 255.0
247 651 1.0
247 652 4.0
247 653 370.0
247 654 4.0
247 661 6.0
247 662 21.0
247 663 1.0
247 677 5.0
247 678 71.0
247 679 45.0
247 680 22.0
247 687 1.0
247 688 1.0
247 689 15.0
247 690 14.0
247 692 2.0
247 699 1.0
247 701 2.0
247 702 2.0
247 703 24.0
247 704 16.0
247 713 27.0
247 714 4.0
247 715 4.0
247 753 2.0
247 754 30.0
247 767 36.0
247 769 1.0
247 771 6.0
247 778 19.0
247 779 1.0
247 780 1.0
247 782 59.0
247 791 4.0
247 794 5.0
247 803 2.0
247 805 6.0
247 806 4.0
247 815 1.0
247 818 1.0
247 828 1.0
247 829 2.0
247 873 3.0
247 895 1.0
247 903 6.0
247 916 3.0
247 917 1.0
247 998 3.0
247 1052 3.0
248 249 116.0
248 251 6.0
248 259 50.0
248 260 32.0
248 261 5.0
248 262 5.0
248 264 1.0
248 272 27.0
248 277 3.0
248 283 27.0
248 285 2.0
248 294 2.0
248 304 1.0
248 313 1.0
248 336 21.0
248 344 7.0
248 345 6.0
248 355 1.0
248 357 1.0
248 359 1.0
248 365 11.0
248 366 19.0
248 368 1.0
248 370 1.0
248 378 70.0
248 379 110.0
248 380 1.0
248 381 2.0
248 382 1.0
248 389 5.0
248 390 22.0
248 391 41.0
248 392 3.0
248 401 1.0
248 402 27.0
248 403 15.0
248 404 13.0
248 406 14.0
248 413 10.0
248 415 6.0
248 416 24.0
248 425 1.0
248 426 4.0
248 427 18.0
248 436 18.0
248 437 18.0
248 438 18.0
248 488 38.0
248 489 32.0
248 491 1.0
248 492 1.0
248 498 84.0
248 499 29.0
248 500 2.0
248 509 3.0
248 510 2.0
248 511 71.0
248 512 2.0
248 523 22.0
248 526 1.0
248 534 2.0
248 535 19.0
248 536 96.0
248 540 1.0
248 541 1.0
248 542 1.0
248 547 26.0
248 548 33.0
248 549 1.0
248 550 10.0
248 551 1.0
248 560 61.0
248 561 19.0
248 562 2.0
248 563 2.0
248 571 4.0
248 573 1.0
248 581 1.0
248 582 1.0
248 631 3.0
248 640 11.0
248 650 2.0
248 653 75.0
248 678 68.0
248 679 28.0
248 680 49.0
248 690 5.0
248 692 6.0
248 702 6.0
248 703 8.0
248 704 7.0
248 713 8.0
248 714 8.0
248 715 3.0
248 770 1.0
248 781 1.0
248 782 6.0
248 794 4.0
248 806 4.0
248 818 4.0
249 250 10.0
249 251 8.0
249 259 18.0
249 260 8.0
249 261 2.0
249 262 67.0
249 263 3.0
249 264 6.0
249 266 2.0
249 271 1.0
249 272 4.0
249 273 275.0
249 274 360.0
249 275 1.0
249 277 19.0
249 283 89.0
249 284 451.0
249 285 72.0
249 288 2.0
249 293 61.0
249 294 168.0
249 295 166.0
249 296 1.0
249 297 4.0
249 298 2.0
249 302 2.0
249 303 5.0
249 304 62.0
249 305 56.0
249 308 1.0
249 309 1.0
249 311 1.0
249 312 18.0
249 313 22.0
249 314 31.0
249 320 11.0
249 321 6.0
249 322 9.0
249 329 1.0
249 335 4.0
249 336 59.0
249 341 1.0
249 344 7.0
249 345 30.0
249 355 22.0
249 357 3.0
249 359 18.0
249 365 1.0
249 366 21.0
249 367 8.0
249 368 3.0
249 369 1.0
249 377 3.0
249 378 44.0
249 379 263.0
249 380 1.0
249 389 1.0
249 390 5.0
249 391 27.0
249 392 3.0
249 394 2.0
249 395 4.0
249 396 7.0
249 401 6.0
249 402 21.0
249 403 17.0
249 404 1898.0
249 405 2.0
249 406 30.0
249 407 26.0
249 408 6.0
249 414 9.0
249 415 5.0
249 416 1295.0
249 417 26.0
249 418 12.0
249 419 21.0
249 420 5.0
249 425 4.0
249 426 34.0
249 427 146.0
249 428 77.0
249 429 5.0
249 430 1.0
249 431 9.0
249 435 22.0
249 436 31.0
249 437 7.0
249 438 24.0
249 439 4.0
249 446 14.0
249 447 38.0
249 448 2.0
249 451 1.0
249 452 1.0
249 455 21.0
249 456 5.0
249 463 15.0
249 464 5.0
249 469 6.0
249 480 5.0
249 485 1.0
249 488 8.0
249 489 73.0
249 490 2.0
249 491 1.0
249 492 1.0
249 494 3.0
249 498 25.0
249 499 65.0
249 500 13.0
249 507 1.0
249 510 3.0
249 511 77.0
249 516 1.0
249 522 1.0
249 523 50.0
249 525 2.0
249 526 4.0
249 527 3.0
249 534 4.0
249 536 12.0
249 539 32.0
249 540 60.0
249 541 69.0
249 542 25.0
249 548 61.0
249 549 1.0
249 550 13.0
249 551 31.0
249 557 1.0
249 558 12.0
249 559 15.0
249 560 1475.0
249 561 19.0
249 562 16.0
249 563 132.0
249 569 8.0
249 570 124.0
249 571 51.0
249 572 5.0
249 573 137.0
249 580 199.0
249 581 112.0
249 582 68.0
249 583 22.0
249 584 1.0
249 590 1.0
249 591 13.0
249 592 1.0
249 594 1.0
249 622 5.0
249 629 2.0
249 630 2.0
249 631 11.0
249 636 1.0
249 640 16.0
249 642 1.0
249 646 4.0
249 650 2.0
249 653 68.0
249 657 2.0
249 664 1.0
249 669 6.0
249 672 2.0
249 678 3.0
249 679 2.0
249 680 5.0
249 682 18.0
249 684 8.0
249 687 1.0
249 688 1.0
249 690 4.0
249 692 2.0
249 693 1.0
249 694 2.0
249 697 2.0
249 698 2.0
249 699 3.0
249 701 1.0
249 704 7.0
249 710 2.0
249 711 2.0
249 712 5.0
249 713 1.0
249 714 10.0
249 715 42.0
249 721 1.0
249 722 4.0
249 723 2.0
249 724 2.0
249 765 1.0
249 771 3.0
249 780 2.0
249 782 9.0
249 785 2.0
249 791 2.0
249 792 3.0
249 794 19.0
249 797 2.0
249 803 2.0
249 804 1.0
249 806 19.0
249 814 2.0
249 815 2.0
249 816 1.0
249 818 15.0
249 820 1.0
249 821 1.0
249 827 1.0
249 829 3.0
249 836 2.0
249 837 4.0
249 840 1.0
249 857 1.0
249 880 1.0
249 895 1.0
249 929 1.0
249 981 1.0
249 1019 1.0
250 251 299.0
250 252 9.0
250 260 9.0
250 261 24.0
250 262 1145.0
250 263 1258.0
250 264 676.0
250 265 1.0
250 266 2.0
250 272 29.0
250 273 143.0
250 274 60.0
250 275 4.0
250 276 5.0
250 283 166.0
250 284 30.0
250 285 88.0
250 286 3.0
250 287 5.0
250 288 11.0
250 293 30.0
250 294 25.0
250 295 9.0
250 296 2.0
250 297 7.0
250 298 3.0
250 303 10.0
250 304 20.0
250 305 7.0
250 312 40.0
250 313 8.0
250 314 6.0
250 319 1.0
250 320 2.0
250 321 2.0
250 356 1.0
250 367 1.0
250 379 11.0
250 381 2.0
250 384 1.0
250 390 3.0
250 392 28.0
250 393 1.0
250 394 2.0
250 395 14.0
250 396 5.0
250 402 15.0
250 404 4151.0
250 405 7.0
250 406 7.0
250 407 60.0
250 408 4.0
250 413 3.0
250 414 9.0
250 415 45.0
250 416 757.0
250 417 10.0
250 418 2.0
250 419 19.0
250 420 1.0
250 424 7.0
250 425 1587.0
250 426 3.0
250 427 108.0
250 428 22.0
250 429 2.0
250 430 3.0
250 431 4.0
250 434 2.0
250 435 40.0
250 436 160.0
250 437 21.0
250 438 18.0
250 439 47.0
250 440 2.0
250 445 41.0
250 446 40.0
250 447 111.0
250 448 46.0
250 449 3.0
250 453 1.0
250 454 95.0
250 455 16.0
250 456 22.0
250 462 5.0
250 463 13.0
250 469 3.0
250 489 4.0
250 494 1.0
250 499 1.0
250 500 2.0
250 503 1.0
250 511 5.0
250 516 1.0
250 522 3.0
250 525 1.0
250 527 8.0
250 528 4.0
250 538 3.0
250 539 34.0
250 540 147.0
250 541 206.0
250 542 109.0
250 546 1.0
250 548 2.0
250 549 2.0
250 550 2.0
250 551 154.0
250 556 1.0
250 557 3.0
250 558 5.0
250 560 596.0
250 561 125.0
250 562 52.0
250 563 263.0
250 567 4.0
250 568 49.0
250 569 1625.0
250 570 738.0
250 571 93.0
250 573 461.0
250 574 1.0
250 577 7.0
250 578 16.0
250 579 92.0
250 580 995.0
250 581 376.0
250 582 424.0
250 583 204.0
250 587 1.0
250 588 3.0
250 589 37.0
250 590 13.0
250 591 188.0
250 592 33.0
250 597 1.0
250 598 35.0
250 599 6.0
250 600 6.0
250 606 1.0
250 607 8.0
250 631 1.0
250 636 2.0
250 641 1.0
250 646 3.0
250 652 2.0
250 653 5.0
250 657 1.0
250 669 10.0
250 670 2.0
250 672 6.0
250 678 5.0
250 679 1.0
250 680 8.0
250 682 18.0
250 683 2.0
250 684 13.0
250 688 1.0
250 691 76.0
250 692 19.0
250 693 3.0
250 694 5.0
250 697 12.0
250 698 115.0
250 699 7.0
250 703 16.0
250 704 32.0
250 709 2.0
250 710 163.0
250 711 2.0
250 712 1.0
250 714 11.0
250 715 62.0
250 721 94.0
250 722 27.0
250 723 13.0
250 724 3.0
250 726 1.0
250 730 9.0
250 731 202.0
250 732 991.0
250 733 1.0
250 740 2.0
250 741 241.0
250 742 1.0
250 780 1.0
250 784 1.0
250 785 2.0
250 791 2.0
250 797 2.0
250 803 4.0
250 807 3.0
250 810 1.0
250 814 6.0
250 815 1.0
250 818 3.0
250 820 9.0
250 821 1.0
250 825 2.0
250 829 3.0
250 830 1.0
250 831 2.0
250 835 20.0
250 836 6.0
250 837 1.0
250 839 2.0
250 840 32.0
250 846 1.0
250 857 12.0
250 863 5.0
250 864 42.0
250 880 1.0
250 929 1.0
250 1002 1.0
250 1019 1.0
250 1020 1.0
251 252 381.0
251 260 75.0
251 261 174.0
251 262 405.0
251 263 157.0
251 264 50.0
251 272 10.0
251 273 91.0
251 274 148.0
251 275 2.0
251 283 6.0
251 284 47.0
251 285 33.0
251 293 11.0
251 294 20.0
251 295 10.0
251 303 3.0
251 304 11.0
251 305 1.0
251 312 3.0
251 313 3.0
251 320 1.0
251 350 11.0
251 357 1.0
251 358 11.0
251 360 12.0
251 369 11.0
251 370 1.0
251 379 1.0
251 381 8.0
251 382 15.0
251 383 3.0
251 384 2.0
251 390 22.0
251 391 6.0
251 392 2.0
251 393 1.0
251 394 2.0
251 396 1.0
251 402 4.0
251 403 2.0
251 404 922.0
251 405 99.0
251 406 2.0
251 407 5.0
251 408 1.0
251 414 19.0
251 415 20.0
251 416 360.0
251 417 22.0
251 419 3.0
251 424 10.0
251 425 38.0
251 426 2.0
251 427 46.0
251 428 5.0
251 431 1.0
251 435 53.0
251 436 30.0
251 437 28.0
251 438 1.0
251 439 2.0
251 444 2.0
251 445 12.0
251 446 3.0
251 447 2.0
251 448 1.0
251 453 2.0
251 454 16.0
251 455 5.0
251 462 4.0
251 463 3.0
251 464 1.0
251 483 1.0
251 492 1.0
251 502 3.0
251 513 2.0
251 514 6.0
251 522 21.0
251 527 2.0
251 528 4.0
251 529 2.0
251 536 9.0
251 538 2.0
251 539 1.0
251 540 5.0
251 541 1.0
251 542 1.0
251 548 44.0
251 549 4.0
251 551 1.0
251 558 7.0
251 559 7.0
251 560 336.0
251 561 117.0
251 562 26.0
251 563 2.0
251 568 1.0
251 569 49.0
251 570 1.0
251 571 29.0
251 572 2.0
251 573 7.0
251 578 1.0
251 579 4.0
251 580 20.0
251 581 1.0
251 582 1.0
251 583 4.0
251 589 3.0
251 590 1.0
251 591 12.0
251 592 1.0
251 597 2.0
251 598 1.0
251 631 3.0
251 635 4.0
251 670 1.0
251 678 4.0
251 679 7.0
251 682 5.0
251 691 66.0
251 697 2.0
251 698 5.0
251 699 3.0
251 700 1.0
251 703 12.0
251 710 2.0
251 711 4.0
251 714 1.0
251 715 1.0
251 720 1.0
251 721 5.0
251 722 9.0
251 731 2.0
251 732 29.0
251 733 1.0
251 741 8.0
251 764 3.0
251 769 3.0
251 773 1.0
251 792 1.0
251 804 1.0
251 816 1.0
251 827 1.0
251 836 10.0
251 837 9.0
251 857 3.0
251 863 1.0
251 864 1.0
251 880 2.0
251 895 1.0
251 944 2.0
251 981 1.0
252 253 30.0
252 254 21.0
252 260 13.0
252 261 38.0
252 262 118.0
252 263 3.0
252 264 31.0
252 266 43.0
252 272 15.0
252 273 92.0
252 274 97.0
252 275 12.0
252 276 8.0
252 277 13.0
252 283 20.0
252 284 71.0
252 285 18.0
252 286 31.0
252 287 68.0
252 288 36.0
252 293 6.0
252 294 32.0
252 295 37.0
252 296 5.0
252 297 361.0
252 298 12.0
252 303 3.0
252 304 13.0
252 305 6.0
252 306 33.0
252 307 262.0
252 308 24.0
252 312 3.0
252 313 5.0
252 314 1.0
252 315 1.0
252 316 71.0
252 317 21.0
252 320 1.0
252 321 1.0
252 324 7.0
252 325 25.0
252 333 3.0
252 340 11.0
252 341 5.0
252 350 1.0
252 358 2.0
252 359 1.0
252 360 1.0
252 369 6.0
252 370 13.0
252 371 5.0
252 372 1.0
252 379 1.0
252 380 5.0
252 381 7.0
252 382 117.0
252 383 11.0
252 384 1.0
252 390 6.0
252 391 2.0
252 392 3.0
252 393 50.0
252 394 130.0
252 395 5.0
252 396 20.0
252 401 3.0
252 402 5.0
252 403 34.0
252 404 45.0
252 405 1699.0
252 406 22.0
252 407 476.0
252 414 81.0
252 415 117.0
252 416 308.0
252 417 671.0
252 419 23.0
252 424 8.0
252 425 33.0
252 426 6.0
252 427 10.0
252 428 9.0
252 429 44.0
252 430 1.0
252 435 21.0
252 436 55.0
252 437 41.0
252 438 30.0
252 439 309.0
252 444 2.0
252 445 6.0
252 446 10.0
252 447 26.0
252 448 62.0
252 449 29.0
252 450 2.0
252 451 16.0
252 452 15.0
252 453 2.0
252 454 4.0
252 455 13.0
252 457 5.0
252 458 7.0
252 459 1.0
252 460 1.0
252 461 1.0
252 462 2.0
252 463 3.0
252 464 2.0
252 466 7.0
252 467 8.0
252 483 1.0
252 485 21.0
252 486 1.0
252 492 1.0
252 494 32.0
252 502 80.0
252 513 1.0
252 514 96.0
252 522 5.0
252 525 2.0
252 526 109.0
252 527 105.0
252 528 12.0
252 534 1.0
252 535 3.0
252 536 2.0
252 537 4.0
252 538 50.0
252 539 17.0
252 540 63.0
252 541 61.0
252 542 14.0
252 547 1.0
252 548 12.0
252 549 118.0
252 550 3.0
252 551 154.0
252 557 8.0
252 558 19.0
252 559 35.0
252 560 172.0
252 561 576.0
252 562 39.0
252 563 82.0
252 569 16.0
252 570 54.0
252 571 16.0
252 572 5.0
252 573 92.0
252 574 6.0
252 577 1.0
252 578 1.0
252 579 10.0
252 580 73.0
252 581 42.0
252 582 9.0
252 583 22.0
252 584 1.0
252 589 3.0
252 591 18.0
252 592 13.0
252 594 3.0
252 634 6.0
252 635 34.0
252 636 13.0
252 644 18.0
252 645 3.0
252 646 58.0
252 655 2.0
252 656 55.0
252 657 60.0
252 664 1.0
252 669 104.0
252 670 10.0
252 678 9.0
252 679 21.0
252 680 1.0
252 682 29.0
252 684 1.0
252 688 1.0
252 689 3.0
252 690 2.0
252 691 335.0
252 692 6.0
252 693 108.0
252 694 18.0
252 695 2.0
252 697 1.0
252 698 4.0
252 699 1.0
252 700 1.0
252 701 2.0
252 702 1.0
252 703 22.0
252 704 4.0
252 705 38.0
252 706 12.0
252 710 4.0
252 713 2.0
252 714 3.0
252 715 20.0
252 716 3.0
252 721 3.0
252 722 11.0
252 723 7.0
252 724 4.0
252 725 1.0
252 726 2.0
252 727 4.0
252 732 1.0
252 733 1.0
252 736 2.0
252 764 62.0
252 765 35.0
252 772 2.0
252 774 2.0
252 783 100.0
252 784 3.0
252 785 51.0
252 795 100.0
252 797 47.0
252 807 98.0
252 808 1.0
252 811 1.0
252 819 99.0
252 820 2.0
252 821 76.0
252 822 15.0
252 823 8.0
252 830 16.0
252 831 35.0
252 832 8.0
252 834 3.0
252 840 11.0
252 841 4.0
252 851 2.0
252 857 5.0
252 880 68.0
252 900 2.0
252 930 55.0
252 931 9.0
252 939 18.0
252 940 1.0
252 947 1.0
252 948 3.0
252 955 2.0
252 956 3.0
252 972 4.0
252 993 1.0
252 1002 1.0
252 1011 42.0
252 1018 2.0
252 1019 1.0
252 1026 1.0
252 1062 14.0
253 254 245.0
253 264 1.0
253 266 386.0
253 274 3.0
253 285 5.0
253 286 1.0
253 287 2.0
253 294 1.0
253 295 2.0
253 297 3.0
253 306 1.0
253 307 1.0
253 320 1.0
253 333 2.0
253 341 39.0
253 350 16.0
253 351 1.0
253 360 2.0
253 361 39.0
253 362 20.0
253 371 53.0
253 372 66.0
253 381 4.0
253 382 2.0
253 383 118.0
253 384 22.0
253 385 1.0
253 386 3.0
253 390 1.0
253 392 2.0
253 393 92.0
253 394 151.0
253 395 1.0
253 396 186.0
253 397 6.0
253 398 2.0
253 404 1.0
253 405 31.0
253 406 35.0
253 409 1.0
253 410 1.0
253 416 85.0
253 417 25.0
253 419 1.0
253 427 6.0
253 428 7.0
253 429 1.0
253 438 1.0
253 447 1.0
253 485 2.0
253 494 5.0
253 502 30.0
253 503 1.0
253 504 1.0
253 505 6.0
253 514 40.0
253 516 15.0
253 517 8.0
253 527 3.0
253 528 29.0
253 529 10.0
253 535 2.0
253 537 8.0
253 538 6.0
253 539 2.0
253 541 2.0
253 542 2.0
253 549 80.0
253 557 55.0
253 558 75.0
253 559 75.0
253 561 31.0
253 563 3.0
253 571 1.0
253 572 1.0
253 573 4.0
253 581 3.0
253 634 4.0
253 635 12.0
253 644 6.0
253 646 3.0
253 657 2.0
253 659 6.0
253 670 22.0
253 678 3.0
253 682 19.0
253 691 5.0
253 694 11.0
253 714 1.0
253 715 2.0
253 716 1.0
253 764 19.0
253 772 1.0
253 880 19.0
254 255 15.0
254 262 1.0
254 263 1.0
254 264 2.0
254 266 2143.0
254 267 124.0
254 268 8.0
254 273 1.0
254 274 12.0
254 277 1.0
254 278 46.0
254 279 10.0
254 285 12.0
254 286 11.0
254 287 1.0
254 297 3.0
254 306 2.0
254 307 1.0
254 316 4.0
254 324 3.0
254 333 2.0
254 341 32.0
254 350 2.0
254 351 31.0
254 360 221.0
254 361 37.0
254 362 1.0
254 370 3.0
254 371 265.0
254 372 1229.0
254 380 2.0
254 381 16.0
254 382 74.0
254 383 160.0
254 384 849.0
254 385 483.0
254 386 120.0
254 392 12.0
254 393 51.0
254 394 44.0
254 395 3.0
254 396 130.0
254 397 162.0
254 398 133.0
254 403 1.0
254 404 12.0
254 405 3.0
254 407 34.0
254 408 41.0
254 409 31.0
254 410 16.0
254 416 7.0
254 417 10.0
254 419 3.0
254 421 5.0
254 422 5.0
254 427 7.0
254 430 2.0
254 439 5.0
254 440 2.0
254 449 2.0
254 483 1.0
254 485 2.0
254 492 1.0
254 494 28.0
254 495 1.0
254 502 5.0
254 504 1.0
254 505 156.0
254 506 3.0
254 513 1.0
254 514 7.0
254 516 107.0
254 517 124.0
254 518 12.0
254 525 1.0
254 526 29.0
254 527 1.0
254 528 78.0
254 529 106.0
254 530 28.0
254 537 18.0
254 538 8.0
254 539 1.0
254 541 26.0
254 542 33.0
254 549 47.0
254 552 3.0
254 553 2.0
254 557 2.0
254 558 3.0
254 559 4.0
254 561 33.0
254 562 21.0
254 563 1.0
254 564 9.0
254 572 19.0
254 581 1.0
254 582 2.0
254 620 1.0
254 634 1.0
254 635 1.0
254 644 1.0
254 646 7.0
254 648 7.0
254 657 39.0
254 659 40.0
254 670 84.0
254 680 1.0
254 681 6.0
254 682 80.0
254 691 18.0
254 694 64.0
254 706 37.0
254 713 5.0
254 714 5.0
254 764 3.0
254 880 3.0
255 256 29.0
255 266 441.0
255 267 246.0
255 268 41.0
255 278 63.0
255 279 9.0
255 287 2.0
255 290 11.0
255 297 5.0
255 298 2.0
255 307 1.0
255 316 1.0
255 341 4.0
255 351 22.0
255 372 151.0
255 373 55.0
255 384 13.0
255 385 445.0
255 386 111.0
255 396 10.0
255 397 27.0
255 398 33.0
255 403 6.0
255 406 1.0
255 407 220.0
255 408 412.0
255 409 2.0
255 410 1.0
255 415 1.0
255 419 35.0
255 421 1.0
255 427 1.0
255 430 52.0
255 431 1.0
255 439 13.0
255 440 73.0
255 448 1.0
255 449 17.0
255 450 27.0
255 458 1.0
255 459 26.0
255 467 5.0
255 472 2.0
255 505 14.0
255 517 30.0
255 518 6.0
255 529 41.0
255 530 27.0
255 551 4.0
255 559 7.0
255 561 1.0
255 562 190.0
255 563 10.0
255 570 2.0
255 572 183.0
255 573 1.0
255 576 1.0
255 581 6.0
255 582 42.0
255 583 1.0
255 592 1.0
255 610 1.0
255 714 1.0
255 820 2.0
255 929 2.0
255 939 1.0
255 1066 2.0
256 266 21.0
256 267 13.0
256 278 9.0
256 290 1.0
256 372 1.0
256 384 2.0
256 386 8.0
256 398 5.0
256 408 12.0
257 258 392.0
257 259 37.0
257 345 2.0
257 353 15.0
257 355 4.0
257 365 28.0
257 376 2.0
257 377 529.0
257 378 1.0
257 389 219.0
257 401 4.0
257 489 1.0
257 497 1.0
257 499 1.0
257 508 473.0
257 509 3.0
257 521 2.0
257 639 21.0
257 640 1.0
257 650 69.0
258 259 454.0
258 260 16.0
258 270 24.0
258 271 1.0
258 272 2.0
258 284 1.0
258 294 1.0
258 313 1.0
258 320 1.0
258 344 1.0
258 345 2.0
258 353 8.0
258 355 17.0
258 363 1.0
258 364 52.0
258 365 19.0
258 375 53.0
258 376 95.0
258 377 1456.0
258 378 2.0
258 387 3.0
258 388 73.0
258 389 845.0
258 390 18.0
258 391 1.0
258 400 1.0
258 401 71.0
258 412 4.0
258 424 1.0
258 489 7.0
258 497 2.0
258 498 1.0
258 499 7.0
258 507 119.0
258 508 1410.0
258 509 57.0
258 511 13.0
258 519 7.0
258 521 137.0
258 522 9.0
258 523 15.0
258 533 11.0
258 631 16.0
258 639 27.0
258 640 22.0
258 641 3.0
258 649 4.0
258 650 92.0
258 651 1.0
258 652 1.0
258 653 9.0
258 663 9.0
258 754 1.0
258 778 3.0
258 791 5.0
258 792 4.0
258 793 1.0
258 895 2.0
258 981 2.0
259 260 1.0
259 270 74.0
259 271 535.0
259 281 39.0
259 282 27.0
259 283 1.0
259 285 4.0
259 295 1.0
259 329 12.0
259 335 2.0
259 336 8.0
259 344 15.0
259 345 18.0
259 353 374.0
259 354 23.0
259 355 187.0
259 356 4.0
259 359 2.0
259 364 18.0
259 365 1244.0
259 366 12.0
259 367 15.0
259 368 10.0
259 370 1.0
259 375 24.0
259 376 22.0
259 377 6185.0
259 378 264.0
259 379 67.0
259 380 1.0
259 381 3.0
259 382 1.0
259 387 2.0
259 388 16.0
259 389 7277.0
259 390 349.0
259 391 108.0
259 392 6.0
259 395 2.0
259 400 2.0
259 401 559.0
259 402 1.0
259 403 1.0
259 404 2.0
259 416 19.0
259 419 2.0
259 427 5.0
259 428 4.0
259 429 2.0
259 488 15.0
259 489 27.0
259 497 140.0
259 498 54.0
259 499 40.0
259 507 536.0
259 508 1307.0
259 509 4800.0
259 510 29.0
259 511 187.0
259 512 2.0
259 516 2.0
259 519 2.0
259 520 16.0
259 521 1719.0
259 522 46.0
259 523 170.0
259 524 3.0
259 525 1.0
259 532 1.0
259 533 1.0
259 535 50.0
259 536 73.0
259 548 36.0
259 550 2.0
259 560 22.0
259 561 23.0
259 573 1.0
259 630 1.0
259 631 87.0
259 639 11.0
259 640 107.0
259 649 557.0
259 650 2650.0
259 651 22.0
259 653 147.0
259 654 2.0
259 661 16.0
259 662 87.0
259 663 113.0
259 678 31.0
259 679 24.0
259 680 2.0
259 690 1.0
259 704 1.0
259 753 3.0
259 754 35.0
259 760 7.0
259 767 46.0
259 768 13.0
259 769 50.0
259 778 208.0
259 779 1.0
259 782 9.0
259 791 158.0
259 794 4.0
259 806 4.0
259 818 4.0
259 873 2.0
259 877 2.0
259 893 7.0
259 895 21.0
259 903 11.0
259 981 8.0
260 261 101.0
260 262 65.0
260 272 4730.0
260 273 263.0
260 274 165.0
260 277 3.0
260 283 4299.0
260 284 196.0
260 285 51.0
260 286 2.0
260 287 2.0
260 288 2.0
260 293 10.0
260 294 585.0
260 295 88.0
260 296 2.0
260 297 2.0
260 298 1.0
260 303 10.0
260 304 491.0
260 305 16.0
260 307 1.0
260 312 9.0
260 313 516.0
260 314 4.0
260 316 1.0
260 320 27.0
260 321 4.0
260 322 44.0
260 340 5.0
260 341 1.0
260 353 3.0
260 355 2.0
260 365 13.0
260 377 42.0
260 378 5.0
260 379 7.0
260 380 8.0
260 381 1.0
260 382 1.0
260 383 2.0
260 389 18.0
260 390 1577.0
260 391 2.0
260 392 4.0
260 395 7.0
260 396 2.0
260 401 29.0
260 402 7364.0
260 403 425.0
260 404 7.0
260 405 1.0
260 406 1305.0
260 407 26.0
260 408 4.0
260 413 13.0
260 414 29.0
260 415 399.0
260 416 5.0
260 417 3.0
260 418 12.0
260 419 3.0
260 424 51.0
260 425 589.0
260 426 123.0
260 427 36.0
260 428 18.0
260 429 7.0
260 435 70.0
260 436 3019.0
260 437 2757.0
260 438 2744.0
260 439 10.0
260 445 7.0
260 446 47.0
260 447 26.0
260 448 10.0
260 449 1.0
260 453 33.0
260 454 5.0
260 455 120.0
260 456 1.0
260 462 1.0
260 463 65.0
260 464 3.0
260 466 1.0
260 469 7.0
260 470 1.0
260 485 2.0
260 489 3.0
260 494 10.0
260 497 1.0
260 499 3.0
260 507 14.0
260 508 21.0
260 509 51.0
260 511 1.0
260 520 3.0
260 521 115.0
260 522 1648.0
260 523 5.0
260 524 1.0
260 527 4.0
260 532 2.0
260 533 8.0
260 534 17.0
260 535 193.0
260 536 24.0
260 538 5.0
260 539 37.0
260 540 10.0
260 541 10.0
260 542 6.0
260 546 922.0
260 547 2004.0
260 548 3.0
260 550 19.0
260 551 23.0
260 558 21.0
260 559 205.0
260 560 22.0
260 561 8.0
260 562 64.0
260 563 70.0
260 569 3.0
260 570 43.0
260 571 24.0
260 572 2.0
260 573 62.0
260 579 43.0
260 580 171.0
260 581 58.0
260 582 31.0
260 583 11.0
260 589 39.0
260 590 95.0
260 591 4.0
260 592 1.0
260 598 2.0
260 599 8.0
260 600 5.0
260 607 3.0
260 631 213.0
260 636 1.0
260 640 23.0
260 641 12.0
260 646 11.0
260 649 1.0
260 650 11.0
260 652 110.0
260 653 6.0
260 657 3.0
260 662 6.0
260 663 45.0
260 664 44.0
260 669 12.0
260 675 4.0
260 676 42.0
260 677 44.0
260 678 35.0
260 679 32.0
260 680 20.0
260 682 8.0
260 684 1.0
260 688 794.0
260 689 2938.0
260 690 60.0
260 691 3.0
260 692 15.0
260 693 2.0
260 694 1.0
260 699 31.0
260 700 28.0
260 701 1006.0
260 702 15.0
260 703 23.0
260 704 42.0
260 705 1.0
260 712 797.0
260 713 107.0
260 714 11.0
260 715 431.0
260 716 7.0
260 721 2.0
260 722 76.0
260 723 25.0
260 724 1.0
260 731 5.0
260 732 45.0
260 733 2.0
260 741 58.0
260 742 3.0
260 754 1.0
260 769 25.0
260 779 3.0
260 780 2.0
260 782 1.0
260 791 61.0
260 792 2.0
260 793 8.0
260 794 24.0
260 802 2.0
260 803 44.0
260 804 42.0
260 805 130.0
260 806 123.0
260 814 2.0
260 815 4.0
260 816 623.0
260 817 1429.0
260 818 256.0
260 827 4.0
260 828 47.0
260 829 75.0
260 836 7.0
260 837 46.0
260 838 118.0
260 839 6.0
260 842 12.0
260 846 5.0
260 847 9.0
260 848 94.0
260 849 3.0
260 851 13.0
260 857 1.0
260 886 52.0
260 895 29.0
260 896 6.0
260 903 2.0
260 905 1.0
260 907 3.0
260 913 54.0
260 914 37.0
260 915 42.0
260 916 92.0
260 917 6.0
260 924 70.0
260 925 241.0
260 926 1210.0
260 935 3.0
260 936 1.0
260 944 14.0
260 945 47.0
260 949 1.0
260 953 59.0
260 960 14.0
260 963 13.0
260 965 1.0
260 969 51.0
260 980 1.0
260 981 12.0
260 988 7.0
260 989 1.0
260 995 1.0
260 996 2.0
260 997 34.0
260 998 945.0
260 999 2.0
260 1005 2.0
260 1006 98.0
260 1007 1024.0
260 1013 31.0
260 1015 76.0
260 1022 10.0
260 1030 5.0
260 1045 6.0
260 1051 3.0
260 1052 417.0
260 1057 18.0
260 1058 84.0
260 1063 34.0
260 1064 1.0
261 262 174.0
261 263 6.0
261 264 4.0
261 266 1.0
261 272 4.0
261 273 27.0
261 274 16.0
261 277 2.0
261 283 2.0
261 284 40.0
261 285 19.0
261 287 2.0
261 288 2.0
261 293 7.0
261 294 349.0
261 295 75.0
261 296 2.0
261 297 5.0
261 298 4.0
261 303 2.0
261 304 124.0
261 305 23.0
261 312 8.0
261 313 66.0
261 314 3.0
261 319 1.0
261 320 11.0
261 321 26.0
261 322 26.0
261 379 5.0
261 380 47.0
261 381 1.0
261 382 1.0
261 383 2.0
261 390 34.0
261 392 36.0
261 395 5.0
261 396 1.0
261 401 1.0
261 402 32.0
261 403 455.0
261 404 43.0
261 405 8.0
261 406 6.0
261 407 16.0
261 408 2.0
261 413 4.0
261 414 49.0
261 415 606.0
261 416 49.0
261 418 2.0
261 419 17.0
261 420 1.0
261 424 24.0
261 426 325.0
261 427 24.0
261 428 8.0
261 429 7.0
261 435 1.0
261 436 62.0
261 437 30.0
261 438 16.0
261 439 18.0
261 440 1.0
261 446 10.0
261 447 31.0
261 448 4.0
261 450 1.0
261 451 1.0
261 453 2.0
261 455 19.0
261 456 17.0
261 463 16.0
261 464 19.0
261 469 1.0
261 511 6.0
261 516 3.0
261 522 34.0
261 525 1.0
261 527 1.0
261 528 2.0
261 534 2.0
261 539 13.0
261 540 17.0
261 541 16.0
261 542 1.0
261 549 7.0
261 550 1.0
261 551 18.0
261 558 7.0
261 559 18.0
261 560 2.0
261 561 9.0
261 562 8.0
261 563 17.0
261 570 8.0
261 571 8.0
261 572 1.0
261 573 24.0
261 580 33.0
261 581 16.0
261 582 16.0
261 590 25.0
261 591 5.0
261 598 1.0
261 600 2.0
261 603 1.0
261 610 1.0
261 631 7.0
261 641 1.0
261 652 6.0
261 653 6.0
261 655 1.0
261 669 1.0
261 670 2.0
261 682 8.0
261 684 1.0
261 694 2.0
261 701 1.0
261 712 6.0
261 713 1.0
261 714 1.0
261 715 8.0
261 720 1.0
261 721 2.0
261 723 1.0
261 731 2.0
261 732 2.0
261 741 2.0
261 769 4.0
261 782 1.0
261 829 1.0
261 837 1.0
261 839 2.0
262 263 756.0
262 264 412.0
262 272 28.0
262 273 196.0
262 274 500.0
262 275 8.0
262 276 7.0
262 277 14.0
262 282 1.0
262 283 42.0
262 284 258.0
262 285 44.0
262 286 70.0
262 287 38.0
262 288 54.0
262 293 28.0
262 294 129.0
262 295 99.0
262 296 1.0
262 297 14.0
262 298 4.0
262 303 14.0
262 304 131.0
262 305 40.0
262 306 1.0
262 307 1.0
262 308 1.0
262 312 18.0
262 313 83.0
262 314 1.0
262 316 1.0
262 320 18.0
262 321 5.0
262 322 2.0
262 325 1.0
262 333 1.0
262 335 6.0
262 336 2.0
262 340 2.0
262 344 1.0
262 345 16.0
262 354 1.0
262 355 15.0
262 356 2.0
262 366 3.0
262 367 6.0
262 368 1.0
262 370 3.0
262 378 2.0
262 379 452.0
262 380 483.0
262 381 54.0
262 382 114.0
262 383 26.0
262 384 1.0
262 390 19.0
262 391 5.0
262 392 362.0
262 393 143.0
262 394 26.0
262 395 11.0
262 396 4.0
262 401 7.0
262 402 9.0
262 403 19.0
262 404 436.0
262 405 25.0
262 406 39.0
262 407 61.0
262 408 5.0
262 413 6.0
262 414 19.0
262 415 1243.0
262 416 552.0
262 417 79.0
262 418 19.0
262 419 38.0
262 420 5.0
262 424 14.0
262 425 25.0
262 426 4.0
262 427 39.0
262 428 13.0
262 429 65.0
262 430 5.0
262 431 5.0
262 435 36.0
262 436 976.0
262 437 614.0
262 438 565.0
262 439 183.0
262 440 11.0
262 445 11.0
262 446 11.0
262 447 46.0
262 448 32.0
262 449 9.0
262 453 6.0
262 454 12.0
262 455 32.0
262 456 24.0
262 457 1.0
262 458 3.0
262 462 4.0
262 463 17.0
262 464 2.0
262 467 1.0
262 469 7.0
262 470 1.0
262 480 4.0
262 485 8.0
262 486 3.0
262 489 90.0
262 492 1.0
262 494 11.0
262 498 1.0
262 499 17.0
262 500 77.0
262 502 2.0
262 510 9.0
262 511 286.0
262 513 2.0
262 514 5.0
262 516 3.0
262 521 2.0
262 522 20.0
262 525 2.0
262 526 53.0
262 527 20.0
262 528 4.0
262 529 1.0
262 534 9.0
262 535 10.0
262 536 9.0
262 537 4.0
262 538 16.0
262 539 69.0
262 540 47.0
262 541 78.0
262 542 50.0
262 546 1.0
262 548 9.0
262 549 28.0
262 550 8.0
262 551 113.0
262 557 13.0
262 558 9.0
262 559 34.0
262 560 184.0
262 561 83.0
262 562 24.0
262 563 130.0
262 569 19.0
262 570 225.0
262 571 24.0
262 572 7.0
262 573 185.0
262 574 4.0
262 580 101.0
262 581 184.0
262 582 119.0
262 583 39.0
262 584 1.0
262 589 1.0
262 590 1.0
262 591 13.0
262 592 3.0
262 593 4.0
262 594 1.0
262 597 2.0
262 598 1.0
262 602 4.0
262 621 2.0
262 622 10.0
262 629 3.0
262 630 5.0
262 631 8.0
262 635 1.0
262 636 4.0
262 640 5.0
262 643 2.0
262 644 3.0
262 645 1.0
262 646 11.0
262 650 2.0
262 652 1.0
262 653 259.0
262 655 1.0
262 656 3.0
262 657 6.0
262 662 2.0
262 663 1.0
262 664 3.0
262 669 16.0
262 670 3.0
262 676 1.0
262 678 13.0
262 679 15.0
262 680 4.0
262 682 46.0
262 683 4.0
262 684 6.0
262 689 2.0
262 690 15.0
262 691 28.0
262 692 7.0
262 694 4.0
262 697 9.0
262 698 10.0
262 699 3.0
262 701 1.0
262 702 1.0
262 703 1.0
262 704 20.0
262 710 6.0
262 711 1.0
262 712 2.0
262 714 8.0
262 715 30.0
262 716 2.0
262 721 3.0
262 722 3.0
262 723 4.0
262 724 2.0
262 725 1.0
262 726 1.0
262 727 2.0
262 732 5.0
262 751 2.0
262 764 1.0
262 765 1.0
262 767 1.0
262 769 3.0
262 771 6.0
262 780 1.0
262 782 16.0
262 783 4.0
262 785 1.0
262 791 3.0
262 792 1.0
262 794 4.0
262 795 10.0
262 797 1.0
262 803 3.0
262 804 1.0
262 805 1.0
262 806 4.0
262 807 4.0
262 814 1.0
262 815 4.0
262 816 1.0
262 818 5.0
262 819 2.0
262 820 1.0
262 827 1.0
262 829 1.0
262 830 1.0
262 836 1.0
262 837 2.0
262 840 2.0
262 851 1.0
262 857 1.0
262 880 2.0
262 895 1.0
262 909 7.0
262 963 1.0
262 980 1.0
262 981 1.0
262 992 6.0
262 1049 1.0
263 264 969.0
263 273 5.0
263 274 9.0
263 275 7.0
263 276 2.0
263 283 10.0
263 284 74.0
263 285 8.0
263 286 4.0
263 293 5.0
263 294 45.0
263 295 7.0
263 297 5.0
263 303 1.0
263 304 22.0
263 305 6.0
263 306 2.0
263 307 6.0
263 312 4.0
263 313 18.0
263 316 5.0
263 317 1.0
263 320 8.0
263 322 2.0
263 325 1.0
263 340 1.0
263 341 1.0
263 344 1.0
263 345 1.0
263 355 1.0
263 356 1.0
263 358 1.0
263 367 2.0
263 369 3.0
263 370 5.0
263 379 25.0
263 380 19.0
263 381 7.0
263 382 4.0
263 383 1.0
263 384 1.0
263 390 1.0
263 391 2.0
263 392 51.0
263 394 17.0
263 395 1.0
263 396 1.0
263 401 2.0
263 402 1.0
263 403 13.0
263 404 75.0
263 406 12.0
263 407 2.0
263 408 1.0
263 413 2.0
263 414 8.0
263 415 134.0
263 416 49.0
263 417 228.0
263 418 19.0
263 419 3.0
263 420 1.0
263 425 5.0
263 426 2.0
263 427 13.0
263 430 5.0
263 435 8.0
263 436 16.0
263 437 7.0
263 438 22.0
263 439 1.0
263 440 2.0
263 445 1.0
263 446 1.0
263 447 3.0
263 449 1.0
263 450 1.0
263 453 1.0
263 454 3.0
263 455 9.0
263 456 2.0
263 459 3.0
263 463 6.0
263 464 6.0
263 469 2.0
263 489 2.0
263 494 2.0
263 500 1.0
263 511 26.0
263 514 3.0
263 522 1.0
263 526 5.0
263 527 2.0
263 528 1.0
263 529 1.0
263 534 1.0
263 535 1.0
263 536 2.0
263 537 18.0
263 538 1.0
263 539 6.0
263 540 1.0
263 541 1.0
263 548 3.0
263 549 25.0
263 550 8.0
263 551 5.0
263 557 1.0
263 558 2.0
263 559 20.0
263 560 14.0
263 561 61.0
263 562 21.0
263 563 16.0
263 568 1.0
263 569 1.0
263 570 18.0
263 571 4.0
263 572 68.0
263 573 29.0
263 574 10.0
263 580 4.0
263 581 15.0
263 582 6.0
263 583 1.0
263 584 2.0
263 592 1.0
263 594 1.0
263 597 1.0
263 646 1.0
263 653 24.0
263 656 3.0
263 657 1.0
263 669 1.0
263 678 2.0
263 679 5.0
263 680 1.0
263 682 2.0
263 690 1.0
263 691 18.0
263 692 2.0
263 694 1.0
263 697 1.0
263 698 1.0
263 703 15.0
263 704 16.0
263 705 1.0
263 706 1.0
263 707 1.0
263 713 17.0
263 714 45.0
263 715 84.0
263 716 2.0
263 717 1.0
263 725 4.0
263 726 8.0
263 727 1.0
263 782 2.0
263 794 3.0
263 806 3.0
263 809 1.0
263 818 2.0
263 820 2.0
263 821 1.0
263 840 3.0
263 851 2.0
264 265 1.0
264 272 10.0
264 273 27.0
264 274 62.0
264 275 8.0
264 276 42.0
264 277 2.0
264 283 14.0
264 284 8.0
264 285 11.0
264 286 20.0
264 287 14.0
264 288 1.0
264 293 6.0
264 294 26.0
264 295 12.0
264 296 5.0
264 297 61.0
264 303 2.0
264 304 1.0
264 305 2.0
264 307 44.0
264 308 3.0
264 312 1.0
264 313 4.0
264 316 21.0
264 317 3.0
264 320 1.0
264 324 13.0
264 325 4.0
264 336 2.0
264 340 4.0
264 344 5.0
264 345 5.0
264 347 1.0
264 355 3.0
264 356 1.0
264 367 1.0
264 368 3.0
264 369 2.0
264 378 1.0
264 379 233.0
264 380 162.0
264 381 5.0
264 382 8.0
264 383 9.0
264 390 1.0
264 391 8.0
264 392 50.0
264 393 2.0
264 394 49.0
264 395 5.0
264 396 5.0
264 401 2.0
264 402 1.0
264 403 18.0
264 404 68.0
264 405 61.0
264 406 172.0
264 407 15.0
264 408 5.0
264 413 4.0
264 414 19.0
264 415 53.0
264 416 199.0
264 417 696.0
264 418 180.0
264 419 8.0
264 420 5.0
264 424 2.0
264 425 55.0
264 426 8.0
264 427 13.0
264 428 20.0
264 429 52.0
264 430 23.0
264 435 5.0
264 436 29.0
264 437 10.0
264 438 14.0
264 439 63.0
264 440 71.0
264 445 1.0
264 446 7.0
264 447 3.0
264 448 1.0
264 449 86.0
264 450 56.0
264 451 8.0
264 452 8.0
264 454 2.0
264 455 5.0
264 456 1.0
264 457 1.0
264 458 19.0
264 459 6.0
264 460 2.0
264 463 4.0
264 466 13.0
264 467 5.0
264 469 1.0
264 470 2.0
264 472 3.0
264 479 1.0
264 485 1.0
264 489 44.0
264 494 5.0
264 499 7.0
264 500 41.0
264 501 1.0
264 510 1.0
264 511 146.0
264 512 1.0
264 514 3.0
264 516 2.0
264 522 1.0
264 526 7.0
264 527 19.0
264 528 1.0
264 534 1.0
264 535 1.0
264 536 8.0
264 537 24.0
264 538 30.0
264 539 18.0
264 540 12.0
264 541 14.0
264 542 10.0
264 548 11.0
264 549 70.0
264 550 38.0
264 551 12.0
264 557 1.0
264 558 4.0
264 559 19.0
264 560 39.0
264 561 338.0
264 562 76.0
264 563 40.0
264 568 1.0
264 569 1.0
264 570 118.0
264 571 2.0
264 572 98.0
264 573 106.0
264 574 27.0
264 579 2.0
264 580 99.0
264 581 48.0
264 582 26.0
264 583 17.0
264 584 6.0
264 585 1.0
264 589 1.0
264 590 2.0
264 591 9.0
264 592 3.0
264 593 6.0
264 594 6.0
264 595 2.0
264 597 1.0
264 599 2.0
264 602 5.0
264 603 4.0
264 607 1.0
264 610 5.0
264 621 1.0
264 622 1.0
264 629 1.0
264 630 1.0
264 631 1.0
264 636 1.0
264 640 3.0
264 643 2.0
264 644 1.0
264 646 6.0
264 650 1.0
264 653 127.0
264 654 1.0
264 655 1.0
264 656 2.0
264 657 6.0
264 669 8.0
264 670 2.0
264 672 1.0
264 678 7.0
264 679 21.0
264 680 1.0
264 682 9.0
264 684 2.0
264 689 2.0
264 690 10.0
264 691 117.0
264 692 4.0
264 693 2.0
264 694 2.0
264 697 1.0
264 698 1.0
264 701 1.0
264 703 33.0
264 704 37.0
264 705 1.0
264 706 6.0
264 707 6.0
264 708 3.0
264 712 1.0
264 713 28.0
264 714 59.0
264 715 117.0
264 716 6.0
264 717 1.0
264 723 2.0
264 725 13.0
264 726 21.0
264 727 1.0
264 751 1.0
264 765 1.0
264 771 2.0
264 774 1.0
264 781 2.0
264 782 5.0
264 785 1.0
264 794 14.0
264 797 1.0
264 806 14.0
264 807 1.0
264 818 11.0
264 820 4.0
264 829 2.0
264 831 1.0
264 836 2.0
264 837 2.0
264 840 11.0
264 851 4.0
264 963 2.0
265 266 20.0
265 272 8.0
265 273 7.0
265 274 11.0
265 275 1.0
265 277 24.0
265 284 16.0
265 285 10.0
265 286 6.0
265 287 1.0
265 288 6.0
265 293 1.0
265 294 1.0
265 295 5.0
265 296 24.0
265 297 312.0
265 298 9.0
265 299 1.0
265 306 16.0
265 307 1018.0
265 309 2.0
265 315 5.0
265 316 1231.0
265 317 34.0
265 324 497.0
265 325 13.0
265 333 16.0
265 334 5.0
265 340 70.0
265 341 152.0
265 342 1.0
265 361 32.0
265 370 4.0
265 371 3.0
265 380 5.0
265 381 51.0
265 383 6.0
265 384 50.0
265 391 2.0
265 393 42.0
265 394 22.0
265 395 713.0
265 401 4.0
265 402 4.0
265 403 20.0
265 404 3.0
265 405 2.0
265 406 2.0
265 407 3845.0
265 408 1.0
265 409 1.0
265 410 3.0
265 413 1.0
265 414 5.0
265 415 9.0
265 416 18.0
265 417 38.0
265 418 28.0
265 419 1584.0
265 421 1.0
265 422 2.0
265 425 6.0
265 426 3.0
265 427 4.0
265 428 16.0
265 429 1632.0
265 430 164.0
265 431 5.0
265 435 7.0
265 436 53.0
265 437 33.0
265 438 16.0
265 439 1787.0
265 440 17.0
265 441 2.0
265 445 1.0
265 446 4.0
265 447 34.0
265 448 97.0
265 449 383.0
265 450 18.0
265 451 2.0
265 452 2.0
265 454 1.0
265 455 3.0
265 457 5.0
265 458 23.0
265 459 14.0
265 460 3.0
265 463 3.0
265 465 2.0
265 466 179.0
265 467 13.0
265 469 2.0
265 472 7.0
265 484 1.0
265 485 226.0
265 486 44.0
265 494 499.0
265 495 3.0
265 503 1.0
265 505 11.0
265 513 6.0
265 516 171.0
265 517 1.0
265 522 3.0
265 524 21.0
265 525 40.0
265 526 74.0
265 527 706.0
265 528 11.0
265 529 1.0
265 534 4.0
265 535 20.0
265 536 4.0
265 537 20.0
265 538 148.0
265 539 2479.0
265 540 23.0
265 541 60.0
265 542 36.0
265 547 14.0
265 548 5.0
265 549 44.0
265 551 999.0
265 554 15.0
265 559 6.0
265 560 1.0
265 561 66.0
265 562 1.0
265 563 12.0
265 570 5.0
265 571 1.0
265 573 10.0
265 574 35.0
265 576 1.0
265 580 17.0
265 583 9.0
265 584 27.0
265 590 3.0
265 591 2.0
265 592 1.0
265 593 4.0
265 594 1.0
265 602 40.0
265 603 2.0
265 610 43.0
265 636 289.0
265 644 9.0
265 645 43.0
265 646 1052.0
265 647 8.0
265 655 8.0
265 657 1153.0
265 658 58.0
265 659 21.0
265 667 5.0
265 669 1322.0
265 670 40.0
265 671 4.0
265 672 6.0
265 677 13.0
265 678 12.0
265 679 14.0
265 680 145.0
265 681 366.0
265 682 67.0
265 684 9.0
265 689 9.0
265 690 1.0
265 691 1.0
265 692 1.0
265 693 218.0
265 694 12.0
265 695 3.0
265 696 1.0
265 701 6.0
265 702 103.0
265 704 160.0
265 705 30.0
265 706 19.0
265 707 2.0
265 713 7.0
265 714 10.0
265 715 119.0
265 716 4.0
265 724 8.0
265 725 62.0
265 726 23.0
265 727 7.0
265 738 4.0
265 744 14.0
265 751 1.0
265 756 6.0
265 763 2.0
265 765 579.0
265 774 133.0
265 775 5.0
265 776 1.0
265 783 10.0
265 784 141.0
265 785 1002.0
265 795 39.0
265 796 4.0
265 797 892.0
265 798 16.0
265 807 115.0
265 808 59.0
265 809 30.0
265 810 4.0
265 819 45.0
265 820 6.0
265 821 69.0
265 822 51.0
265 823 48.0
265 824 15.0
265 830 41.0
265 831 165.0
265 832 62.0
265 833 3.0
265 834 1.0
265 836 1.0
265 838 3.0
265 840 17.0
265 841 20.0
265 842 83.0
265 851 80.0
265 852 47.0
265 853 3.0
265 860 11.0
265 880 38.0
265 881 3.0
265 889 1.0
265 890 4.0
265 891 4.0
265 899 9.0
265 900 54.0
265 909 14.0
265 910 3.0
265 918 5.0
265 919 86.0
265 920 6.0
265 928 20.0
265 929 18.0
265 930 39.0
265 931 1.0
265 939 251.0
265 940 10.0
265 941 4.0
265 945 1.0
265 947 5.0
265 948 25.0
265 949 8.0
265 953 1.0
265 955 5.0
265 956 73.0
265 962 62.0
265 963 89.0
265 985 3.0
265 992 11.0
265 993 9.0
265 1000 4.0
265 1001 9.0
265 1002 28.0
265 1003 4.0
265 1010 1.0
265 1011 55.0
265 1012 5.0
265 1018 19.0
265 1019 13.0
265 1020 5.0
265 1026 47.0
265 1027 3.0
265 1033 4.0
265 1049 3.0
265 1061 2.0
265 1062 7.0
265 1066 13.0
266 267 98.0
266 268 9.0
266 273 12.0
266 274 1.0
266 275 13.0
266 277 1.0
266 278 290.0
266 279 3.0
266 283 7.0
266 284 20.0
266 285 5.0
266 286 5.0
266 287 15.0
266 288 15.0
266 294 1.0
266 295 21.0
266 296 64.0
266 297 869.0
266 298 32.0
266 306 42.0
266 307 739.0
266 308 2.0
266 316 574.0
266 317 14.0
266 318 1.0
266 324 265.0
266 325 7.0
266 333 1.0
266 341 1.0
266 350 1.0
266 360 11.0
266 361 118.0
266 369 1.0
266 370 7.0
266 371 47.0
266 372 1550.0
266 373 2.0
266 381 1.0
266 382 21.0
266 383 164.0
266 384 1737.0
266 385 502.0
266 386 104.0
266 392 2.0
266 393 5.0
266 394 10.0
266 395 2.0
266 396 2084.0
266 397 319.0
266 398 52.0
266 402 1.0
266 403 11.0
266 404 4.0
266 405 3.0
266 407 45.0
266 408 204.0
266 409 17.0
266 410 29.0
266 413 1.0
266 414 1.0
266 415 13.0
266 416 17.0
266 417 46.0
266 418 46.0
266 419 1997.0
266 420 14.0
266 421 4.0
266 422 5.0
266 425 2.0
266 427 5.0
266 428 5.0
266 429 1850.0
266 430 90.0
266 431 38.0
266 435 3.0
266 436 15.0
266 437 6.0
266 438 9.0
266 439 1797.0
266 440 59.0
266 446 6.0
266 447 9.0
266 448 63.0
266 449 48.0
266 450 7.0
266 451 2.0
266 452 2.0
266 455 4.0
266 457 2.0
266 458 61.0
266 459 9.0
266 460 1.0
266 463 4.0
266 466 20.0
266 467 6.0
266 472 2.0
266 485 1.0
266 494 3.0
266 502 4.0
266 503 1.0
266 505 13.0
266 513 1.0
266 514 19.0
266 515 1.0
266 516 957.0
266 517 41.0
266 518 7.0
266 522 1.0
266 524 3.0
266 525 5.0
266 526 24.0
266 527 10.0
266 528 279.0
266 529 111.0
266 530 14.0
266 534 1.0
266 535 1.0
266 536 3.0
266 537 7.0
266 538 17.0
266 539 6.0
266 540 12.0
266 541 218.0
266 542 365.0
266 549 6.0
266 551 24.0
266 553 1.0
266 559 9.0
266 561 6.0
266 562 14.0
266 563 2.0
266 564 170.0
266 568 1.0
266 570 14.0
266 572 13.0
266 574 3.0
266 576 4.0
266 580 12.0
266 584 2.0
266 590 1.0
266 591 1.0
266 592 4.0
266 593 5.0
266 602 3.0
266 610 3.0
266 634 1.0
266 636 1.0
266 644 1.0
266 656 2.0
266 658 2.0
266 659 99.0
266 670 44.0
266 677 2.0
266 680 2.0
266 682 66.0
266 684 2.0
266 691 2.0
266 694 42.0
266 704 4.0
266 713 4.0
266 714 4.0
266 715 3.0
266 726 2.0
266 820 5.0
266 833 1.0
266 939 7.0
267 268 7.0
267 278 91.0
267 279 6.0
267 290 2.0
267 296 1.0
267 298 1.0
267 341 1.0
267 351 4.0
267 373 4.0
267 384 21.0
267 385 126.0
267 386 101.0
267 397 14.0
267 398 37.0
267 407 2.0
267 408 4.0
267 409 2.0
267 410 1.0
267 415 1.0
267 418 1.0
267 419 2.0
267 420 1.0
267 421 3.0
267 422 3.0
267 429 1.0
267 430 1.0
267 431 1.0
267 440 1.0
267 505 2.0
267 517 3.0
267 530 26.0
267 551 1.0
267 559 1.0
267 562 3.0
267 570 1.0
267 572 3.0
268 278 6.0
268 288 11.0
268 298 11.0
268 372 19.0
268 373 8.0
268 384 5.0
268 385 29.0
268 397 4.0
268 398 14.0
268 529 1.0
270 281 3.0
270 355 3.0
270 364 2.0
270 365 3.0
270 375 2.0
270 376 5.0
270 377 68.0
270 388 1.0
270 389 67.0
270 390 8.0
270 400 2.0
270 401 17.0
270 412 10.0
270 489 1.0
270 497 1.0
270 499 1.0
270 507 2.0
270 508 54.0
270 509 14.0
270 519 1.0
270 520 1.0
270 521 28.0
270 522 15.0
270 532 1.0
270 533 4.0
270 535 4.0
270 548 4.0
270 560 4.0
270 631 7.0
270 640 1.0
270 649 3.0
270 650 4.0
270 663 8.0
270 664 1.0
270 780 1.0
270 791 5.0
270 792 2.0
270 803 1.0
270 895 2.0
270 981 2.0
271 283 1.0
271 293 1.0
271 295 1.0
271 335 2.0
271 344 7.0
271 354 1.0
271 355 1.0
271 375 1.0
271 377 4.0
271 378 1.0
271 383 1.0
271 389 786.0
271 391 1.0
271 401 573.0
271 413 11.0
271 424 4.0
271 425 3.0
271 427 1.0
271 435 1.0
271 445 1.0
271 454 1.0
271 463 1.0
271 497 2.0
271 498 7.0
271 507 95.0
271 508 96.0
271 509 695.0
271 511 27.0
271 520 7.0
271 521 326.0
271 522 60.0
271 523 59.0
271 524 14.0
271 525 11.0
271 526 7.0
271 531 3.0
271 535 3.0
271 536 6.0
271 538 1.0
271 548 2.0
271 560 1.0
271 631 16.0
271 640 7.0
271 649 6.0
271 650 358.0
271 651 5.0
271 653 19.0
271 661 2.0
271 662 18.0
271 663 3.0
271 664 4.0
271 678 1.0
271 689 1.0
271 699 4.0
271 700 4.0
271 767 2.0
271 778 42.0
271 782 1.0
271 791 12.0
271 792 1.0
271 803 4.0
271 816 3.0
271 895 7.0
271 915 1.0
271 924 2.0
271 981 5.0
271 997 1.0
272 273 2486.0
272 274 1670.0
272 275 2.0
272 276 125.0
272 277 193.0
272 283 6139.0
272 284 1467.0
272 285 320.0
272 286 67.0
272 287 100.0
272 288 217.0
272 293 20.0
272 294 2273.0
272 295 317.0
272 296 22.0
272 297 161.0
272 298 40.0
272 300 1.0
272 303 73.0
272 304 865.0
272 305 228.0
272 307 71.0
272 308 25.0
272 309 5.0
272 312 46.0
272 313 1407.0
272 314 31.0
272 316 38.0
272 317 36.0
272 320 458.0
272 321 143.0
272 322 128.0
272 324 15.0
272 325 42.0
272 327 2.0
272 340 2.0
272 341 2.0
272 353 2.0
272 365 9.0
272 376 1.0
272 377 30.0
272 378 4.0
272 379 5.0
272 380 21.0
272 381 10.0
272 382 14.0
272 383 3.0
272 384 2.0
272 388 1.0
272 389 19.0
272 390 2142.0
272 391 2.0
272 392 35.0
272 393 15.0
272 394 4.0
272 395 19.0
272 401 31.0
272 402 6099.0
272 403 546.0
272 404 45.0
272 405 21.0
272 406 1630.0
272 407 112.0
272 408 5.0
272 413 5.0
272 414 286.0
272 415 504.0
272 416 16.0
272 417 47.0
272 418 47.0
272 419 50.0
272 420 11.0
272 424 17.0
272 425 848.0
272 426 861.0
272 427 500.0
272 428 266.0
272 429 279.0
272 430 525.0
272 431 13.0
272 435 107.0
272 436 3426.0
272 437 3332.0
272 438 3032.0
272 439 205.0
272 440 638.0
272 441 3.0
272 444 13.0
272 445 19.0
272 446 73.0
272 447 360.0
272 448 102.0
272 449 349.0
272 450 19.0
272 451 24.0
272 452 13.0
272 453 9.0
272 454 23.0
272 455 282.0
272 456 43.0
272 457 2.0
272 458 385.0
272 459 10.0
272 460 1.0
272 462 4.0
272 463 236.0
272 464 72.0
272 466 104.0
272 467 9.0
272 469 74.0
272 470 24.0
272 472 54.0
272 485 1.0
272 489 1.0
272 494 5.0
272 499 1.0
272 509 5.0
272 511 1.0
272 516 4.0
272 521 14.0
272 522 2050.0
272 524 1.0
272 526 5.0
272 527 15.0
272 528 3.0
272 529 1.0
272 532 2.0
272 533 1.0
272 534 16.0
272 535 199.0
272 536 26.0
272 537 2.0
272 538 5.0
272 539 53.0
272 540 11.0
272 541 28.0
272 542 20.0
272 546 154.0
272 547 1984.0
272 548 4.0
272 549 7.0
272 550 1.0
272 551 90.0
272 558 150.0
272 559 103.0
272 560 19.0
272 561 23.0
272 562 241.0
272 563 42.0
272 569 9.0
272 570 41.0
272 571 22.0
272 572 8.0
272 573 52.0
272 574 6.0
272 579 50.0
272 580 448.0
272 581 20.0
272 582 18.0
272 583 28.0
272 584 3.0
272 585 1.0
272 588 1.0
272 589 53.0
272 590 240.0
272 591 97.0
272 592 6.0
272 593 4.0
272 594 5.0
272 596 1.0
272 598 7.0
272 599 8.0
272 600 4.0
272 602 71.0
272 603 4.0
272 607 3.0
272 610 193.0
272 631 126.0
272 640 1.0
272 641 24.0
272 646 5.0
272 649 1.0
272 650 2.0
272 652 176.0
272 653 6.0
272 657 10.0
272 658 1.0
272 662 1.0
272 663 11.0
272 664 156.0
272 669 12.0
272 675 4.0
272 676 51.0
272 677 46.0
272 678 35.0
272 679 32.0
272 680 22.0
272 682 13.0
272 683 1.0
272 684 4.0
272 687 14.0
272 688 107.0
272 689 2618.0
272 690 61.0
272 691 9.0
272 692 15.0
272 693 3.0
272 699 45.0
272 700 85.0
272 701 540.0
272 702 15.0
272 703 4.0
272 704 26.0
272 705 1.0
272 706 1.0
272 707 1.0
272 711 15.0
272 712 249.0
272 713 33.0
272 714 10.0
272 715 468.0
272 716 1.0
272 721 45.0
272 722 37.0
272 723 35.0
272 724 3.0
272 726 5.0
272 727 3.0
272 731 4.0
272 732 16.0
272 733 4.0
272 736 1.0
272 741 11.0
272 742 1.0
272 751 13.0
272 752 10.0
272 754 1.0
272 769 591.0
272 774 4.0
272 780 2.0
272 790 1.0
272 791 49.0
272 793 7.0
272 794 21.0
272 803 54.0
272 804 24.0
272 805 135.0
272 806 121.0
272 807 3.0
272 815 5.0
272 816 65.0
272 817 1318.0
272 818 268.0
272 827 43.0
272 828 26.0
272 829 87.0
272 836 5.0
272 837 11.0
272 838 72.0
272 839 12.0
272 847 3.0
272 848 26.0
272 857 7.0
272 864 4.0
272 886 53.0
272 895 10.0
272 896 6.0
272 905 1.0
272 906 1.0
272 907 3.0
272 913 2.0
272 914 3.0
272 915 13.0
272 916 89.0
272 917 6.0
272 924 11.0
272 925 22.0
272 926 1012.0
272 935 7.0
272 936 1.0
272 944 3.0
272 945 21.0
272 953 2.0
272 960 5.0
272 969 52.0
272 981 5.0
272 989 1.0
272 995 1.0
272 996 1.0
272 997 3.0
272 998 630.0
272 999 1.0
272 1005 2.0
272 1006 79.0
272 1007 784.0
272 1013 5.0
272 1015 61.0
272 1022 10.0
272 1046 1.0
272 1052 293.0
272 1057 10.0
272 1058 70.0
272 1063 23.0
273 274 3596.0
273 275 20.0
273 276 151.0
273 277 302.0
273 282 1.0
273 283 573.0
273 284 2114.0
273 285 1154.0
273 286 291.0
273 287 387.0
273 288 402.0
273 293 149.0
273 294 1256.0
273 295 283.0
273 296 28.0
273 297 341.0
273 298 55.0
273 299 1.0
273 302 1.0
273 303 86.0
273 304 788.0
273 305 102.0
273 306 6.0
273 307 250.0
273 308 15.0
273 309 2.0
273 311 6.0
273 312 450.0
273 313 1261.0
273 314 22.0
273 316 167.0
273 317 49.0
273 319 15.0
273 320 136.0
273 321 437.0
273 322 59.0
273 324 57.0
273 325 72.0
273 327 13.0
273 333 1.0
273 341 1.0
273 361 4.0
273 370 1.0
273 380 861.0
273 381 27.0
273 382 21.0
273 383 3.0
273 384 1.0
273 390 73.0
273 391 1.0
273 392 1041.0
273 393 25.0
273 394 4.0
273 395 50.0
273 401 1.0
273 402 264.0
273 403 45.0
273 404 1270.0
273 405 118.0
273 406 345.0
273 407 286.0
273 408 2.0
273 413 3.0
273 414 231.0
273 415 29.0
273 416 177.0
273 417 75.0
273 418 60.0
273 419 232.0
273 420 12.0
273 424 121.0
273 425 483.0
273 426 767.0
273 427 364.0
273 428 482.0
273 429 323.0
273 430 683.0
273 431 25.0
273 435 842.0
273 436 2197.0
273 437 508.0
273 438 498.0
273 439 719.0
273 440 1134.0
273 441 13.0
273 444 5.0
273 445 308.0
273 446 684.0
273 447 593.0
273 448 314.0
273 449 591.0
273 450 70.0
273 451 18.0
273 452 9.0
273 453 67.0
273 454 401.0
273 455 709.0
273 456 123.0
273 457 3.0
273 458 649.0
273 459 47.0
273 460 10.0
273 461 7.0
273 462 210.0
273 463 430.0
273 464 102.0
273 466 305.0
273 467 33.0
273 469 137.0
273 470 27.0
273 472 104.0
273 485 1.0
273 486 1.0
273 494 5.0
273 511 2.0
273 516 22.0
273 522 108.0
273 525 3.0
273 526 9.0
273 527 41.0
273 528 12.0
273 529 1.0
273 533 1.0
273 536 2.0
273 537 4.0
273 538 1.0
273 539 163.0
273 540 129.0
273 541 272.0
273 542 243.0
273 546 140.0
273 547 2.0
273 548 1.0
273 549 51.0
273 551 403.0
273 552 1.0
273 556 1.0
273 557 2.0
273 558 27.0
273 559 66.0
273 560 1.0
273 561 33.0
273 562 170.0
273 563 199.0
273 564 1.0
273 565 1.0
273 567 4.0
273 568 7.0
273 569 786.0
273 570 390.0
273 571 1.0
273 572 10.0
273 573 309.0
273 574 18.0
273 577 3.0
273 578 19.0
273 579 260.0
273 580 1522.0
273 581 319.0
273 582 208.0
273 583 312.0
273 584 23.0
273 585 1.0
273 587 3.0
273 588 3.0
273 589 53.0
273 590 53.0
273 591 510.0
273 592 74.0
273 593 9.0
273 594 12.0
273 596 1.0
273 597 9.0
273 598 28.0
273 599 12.0
273 600 3.0
273 602 78.0
273 603 5.0
273 606 2.0
273 607 8.0
273 610 223.0
273 631 8.0
273 636 1.0
273 646 4.0
273 652 6.0
273 653 2.0
273 657 2.0
273 663 1.0
273 664 4.0
273 669 30.0
273 670 3.0
273 672 1.0
273 676 1.0
273 679 1.0
273 680 7.0
273 682 67.0
273 683 1.0
273 684 13.0
273 688 126.0
273 689 2.0
273 690 1.0
273 691 4.0
273 692 30.0
273 693 23.0
273 694 3.0
273 697 14.0
273 698 101.0
273 699 25.0
273 700 11.0
273 701 19.0
273 704 46.0
273 705 3.0
273 706 5.0
273 707 4.0
273 709 2.0
273 710 113.0
273 711 26.0
273 712 62.0
273 713 7.0
273 714 5.0
273 715 218.0
273 716 7.0
273 717 2.0
273 720 1.0
273 721 88.0
273 722 309.0
273 723 65.0
273 724 1.0
273 725 37.0
273 726 34.0
273 727 3.0
273 730 5.0
273 731 71.0
273 732 278.0
273 733 21.0
273 736 6.0
273 740 2.0
273 741 81.0
273 744 1.0
273 745 1.0
273 751 14.0
273 752 13.0
273 769 10.0
273 774 2.0
273 780 4.0
273 783 1.0
273 784 1.0
273 785 1.0
273 791 6.0
273 792 8.0
273 793 2.0
273 795 2.0
273 797 2.0
273 803 9.0
273 804 9.0
273 806 1.0
273 807 5.0
273 809 1.0
273 814 1.0
273 815 7.0
273 816 45.0
273 818 18.0
273 819 1.0
273 820 8.0
273 821 7.0
273 827 12.0
273 828 14.0
273 829 18.0
273 830 2.0
273 831 7.0
273 835 2.0
273 836 32.0
273 837 49.0
273 838 3.0
273 839 8.0
273 840 6.0
273 841 1.0
273 846 2.0
273 847 3.0
273 848 30.0
273 852 1.0
273 856 1.0
273 857 92.0
273 858 2.0
273 860 1.0
273 895 8.0
273 896 3.0
273 915 3.0
273 920 1.0
273 924 1.0
273 925 16.0
273 929 7.0
273 930 1.0
273 939 1.0
273 944 6.0
273 945 1.0
273 953 30.0
273 960 7.0
273 965 1.0
273 980 2.0
273 981 7.0
273 988 7.0
273 993 1.0
273 997 3.0
273 1002 5.0
273 1019 1.0
273 1045 5.0
273 1062 2.0
274 275 12.0
274 276 71.0
274 277 170.0
274 283 233.0
274 284 650.0
274 285 4556.0
274 286 29.0
274 287 71.0
274 288 140.0
274 293 193.0
274 294 1077.0
274 295 197.0
274 296 12.0
274 297 78.0
274 298 13.0
274 303 111.0
274 304 405.0
274 305 136.0
274 307 27.0
274 308 1.0
274 312 79.0
274 313 176.0
274 314 32.0
274 316 16.0
274 317 1.0
274 320 74.0
274 321 17.0
274 322 11.0
274 324 24.0
274 325 6.0
274 327 3.0
274 340 1.0
274 341 116.0
274 350 16.0
274 358 1.0
274 360 70.0
274 361 1.0
274 367 6.0
274 369 5.0
274 370 61.0
274 371 17.0
274 377 1.0
274 378 4.0
274 380 1755.0
274 381 2100.0
274 382 967.0
274 383 163.0
274 384 30.0
274 390 104.0
274 391 27.0
274 392 4637.0
274 393 149.0
274 394 27.0
274 395 11.0
274 396 1.0
274 401 2.0
274 402 191.0
274 403 43.0
274 404 5539.0
274 405 266.0
274 406 126.0
274 407 81.0
274 408 2.0
274 413 1.0
274 414 32.0
274 415 65.0
274 416 959.0
274 417 214.0
274 418 24.0
274 419 33.0
274 420 1.0
274 424 42.0
274 425 306.0
274 426 163.0
274 427 259.0
274 428 216.0
274 429 320.0
274 430 537.0
274 431 11.0
274 435 521.0
274 436 927.0
274 437 184.0
274 438 75.0
274 439 243.0
274 440 591.0
274 441 6.0
274 444 2.0
274 445 44.0
274 446 193.0
274 447 311.0
274 448 189.0
274 449 379.0
274 450 13.0
274 451 2.0
274 452 2.0
274 453 8.0
274 454 107.0
274 455 198.0
274 456 56.0
274 457 1.0
274 458 347.0
274 459 8.0
274 462 14.0
274 463 111.0
274 464 29.0
274 466 85.0
274 467 7.0
274 469 33.0
274 470 7.0
274 472 41.0
274 476 1.0
274 478 2.0
274 483 11.0
274 485 5.0
274 489 1.0
274 491 1.0
274 492 21.0
274 493 3.0
274 494 155.0
274 495 1.0
274 499 1.0
274 502 69.0
274 503 8.0
274 504 64.0
274 513 9.0
274 514 820.0
274 515 30.0
274 516 6.0
274 522 115.0
274 523 9.0
274 524 1.0
274 525 18.0
274 526 342.0
274 527 22.0
274 528 66.0
274 529 31.0
274 533 1.0
274 535 10.0
274 536 48.0
274 537 10.0
274 538 6.0
274 539 44.0
274 540 39.0
274 541 169.0
274 542 149.0
274 546 76.0
274 547 1.0
274 548 17.0
274 549 84.0
274 550 4.0
274 551 107.0
274 552 1.0
274 556 1.0
274 557 2.0
274 558 11.0
274 559 14.0
274 560 45.0
274 561 79.0
274 562 11.0
274 563 132.0
274 567 1.0
274 568 3.0
274 569 393.0
274 570 187.0
274 571 2.0
274 572 11.0
274 573 133.0
274 574 12.0
274 577 1.0
274 578 5.0
274 579 85.0
274 580 862.0
274 581 168.0
274 582 83.0
274 583 236.0
274 584 6.0
274 585 1.0
274 588 2.0
274 589 32.0
274 590 49.0
274 591 281.0
274 592 39.0
274 593 5.0
274 594 2.0
274 598 9.0
274 599 8.0
274 600 1.0
274 602 71.0
274 603 2.0
274 606 1.0
274 607 2.0
274 610 190.0
274 620 1.0
274 626 1.0
274 627 1.0
274 631 13.0
274 634 5.0
274 635 3.0
274 636 2.0
274 640 1.0
274 641 1.0
274 644 16.0
274 645 8.0
274 646 3.0
274 650 1.0
274 652 14.0
274 655 10.0
274 656 374.0
274 657 6.0
274 664 5.0
274 667 3.0
274 669 19.0
274 670 19.0
274 676 2.0
274 678 5.0
274 679 6.0
274 680 4.0
274 681 2.0
274 682 18.0
274 684 5.0
274 688 59.0
274 689 2.0
274 690 13.0
274 691 5.0
274 693 13.0
274 694 9.0
274 697 10.0
274 698 47.0
274 699 13.0
274 700 7.0
274 701 4.0
274 702 1.0
274 703 1.0
274 704 4.0
274 705 3.0
274 706 2.0
274 707 2.0
274 708 1.0
274 709 2.0
274 710 51.0
274 711 13.0
274 712 4.0
274 713 5.0
274 714 19.0
274 715 106.0
274 716 2.0
274 721 69.0
274 722 179.0
274 723 44.0
274 724 1.0
274 725 5.0
274 726 14.0
274 727 3.0
274 730 2.0
274 731 15.0
274 732 84.0
274 733 19.0
274 735 1.0
274 736 1.0
274 740 1.0
274 741 14.0
274 751 13.0
274 752 8.0
274 764 5.0
274 765 2.0
274 769 12.0
274 772 5.0
274 773 3.0
274 774 1.0
274 780 1.0
274 783 159.0
274 784 3.0
274 785 2.0
274 792 4.0
274 793 2.0
274 795 372.0
274 797 2.0
274 803 3.0
274 804 5.0
274 807 327.0
274 814 1.0
274 815 3.0
274 816 9.0
274 818 13.0
274 819 303.0
274 820 6.0
274 821 3.0
274 827 6.0
274 828 12.0
274 829 13.0
274 830 38.0
274 831 3.0
274 835 2.0
274 836 20.0
274 837 32.0
274 839 4.0
274 840 23.0
274 841 1.0
274 846 2.0
274 847 2.0
274 851 2.0
274 857 69.0
274 858 2.0
274 880 7.0
274 888 1.0
274 889 10.0
274 895 5.0
274 896 3.0
274 898 5.0
274 909 12.0
274 915 2.0
274 918 13.0
274 925 1.0
274 929 6.0
274 930 1.0
274 939 1.0
274 963 2.0
274 972 1.0
274 980 1.0
274 981 4.0
274 988 1.0
274 992 10.0
274 997 2.0
274 1002 1.0
274 1049 5.0
274 1062 2.0
275 276 35.0
275 283 48.0
275 284 10.0
275 285 15.0
275 286 149.0
275 287 23.0
275 288 3.0
275 293 18.0
275 294 19.0
275 295 14.0
275 296 2.0
275 297 100.0
275 298 10.0
275 304 25.0
275 305 2.0
275 306 4.0
275 307 165.0
275 308 8.0
275 313 10.0
275 316 180.0
275 317 32.0
275 320 9.0
275 321 2.0
275 322 2.0
275 324 21.0
275 325 25.0
275 348 6.0
275 350 1.0
275 357 1.0
275 358 3.0
275 359 1.0
275 360 1.0
275 361 1.0
275 367 2.0
275 368 2.0
275 369 5.0
275 370 14.0
275 371 1.0
275 378 2.0
275 380 2.0
275 381 225.0
275 382 65.0
275 383 11.0
275 384 3.0
275 391 4.0
275 392 2.0
275 393 255.0
275 401 1.0
275 403 126.0
275 404 10.0
275 405 65.0
275 406 6.0
275 407 19.0
275 413 1.0
275 414 4.0
275 415 70.0
275 416 8.0
275 417 204.0
275 418 2962.0
275 419 72.0
275 420 1.0
275 425 3.0
275 426 62.0
275 427 78.0
275 428 140.0
275 429 1916.0
275 430 2150.0
275 431 3.0
275 435 6.0
275 436 157.0
275 437 108.0
275 438 172.0
275 439 126.0
275 440 950.0
275 446 16.0
275 447 123.0
275 448 40.0
275 449 524.0
275 450 134.0
275 451 9.0
275 452 8.0
275 455 12.0
275 456 2.0
275 457 2.0
275 458 532.0
275 459 138.0
275 460 18.0
275 463 11.0
275 466 205.0
275 467 26.0
275 469 3.0
275 470 4.0
275 472 70.0
275 476 1.0
275 491 1.0
275 492 1.0
275 502 13.0
275 513 20.0
275 514 23.0
275 516 22.0
275 522 24.0
275 523 1.0
275 525 1.0
275 526 5.0
275 528 5.0
275 529 5.0
275 535 41.0
275 536 21.0
275 537 3.0
275 538 1.0
275 540 1.0
275 541 1.0
275 548 34.0
275 549 3.0
275 551 17.0
275 559 169.0
275 560 74.0
275 561 6.0
275 562 4.0
275 563 30.0
275 569 1.0
275 570 30.0
275 573 3.0
275 574 103.0
275 576 2.0
275 580 18.0
275 581 3.0
275 582 4.0
275 583 17.0
275 584 473.0
275 585 4.0
275 590 1.0
275 591 6.0
275 593 80.0
275 594 246.0
275 595 6.0
275 596 2.0
275 602 770.0
275 603 274.0
275 604 3.0
275 609 36.0
275 610 709.0
275 611 2.0
275 635 7.0
275 644 5.0
275 655 1.0
275 657 1.0
275 664 2.0
275 678 2.0
275 679 1.0
275 690 11.0
275 691 3.0
275 694 6.0
275 698 1.0
275 701 2.0
275 706 25.0
275 707 2.0
275 710 1.0
275 713 5.0
275 715 3.0
275 716 10.0
275 717 3.0
275 722 1.0
275 723 3.0
275 725 2.0
275 726 95.0
275 727 20.0
275 728 5.0
275 735 13.0
275 736 120.0
275 744 62.0
275 745 19.0
275 751 81.0
275 752 29.0
275 763 1.0
275 764 8.0
275 780 1.0
275 783 1.0
275 785 1.0
275 786 1.0
275 795 1.0
275 797 1.0
275 798 7.0
275 807 1.0
275 809 1.0
275 810 15.0
275 819 1.0
275 822 15.0
275 823 3.0
275 843 1.0
275 852 1.0
275 857 1.0
275 860 4.0
275 867 3.0
275 880 8.0
275 891 2.0
275 901 12.0
275 968 1.0
276 277 147.0
276 283 131.0
276 284 8.0
276 285 2.0
276 286 119.0
276 287 179.0
276 288 106.0
276 293 48.0
276 294 24.0
276 295 4.0
276 296 82.0
276 297 268.0
276 298 9.0
276 304 45.0
276 305 23.0
276 306 1.0
276 307 192.0
276 308 6.0
276 312 3.0
276 313 14.0
276 314 5.0
276 315 1.0
276 316 145.0
276 317 41.0
276 320 4.0
276 321 7.0
276 324 35.0
276 325 37.0
276 381 4.0
276 383 1.0
276 390 1.0
276 393 1.0
276 394 1.0
276 395 1.0
276 402 1.0
276 405 18.0
276 407 2.0
276 414 12.0
276 415 26.0
276 416 6.0
276 417 6.0
276 418 107.0
276 419 2.0
276 425 36.0
276 426 172.0
276 427 39.0
276 428 4.0
276 429 19.0
276 430 81.0
276 435 2.0
276 436 30.0
276 438 27.0
276 439 23.0
276 440 89.0
276 445 1.0
276 446 55.0
276 447 14.0
276 448 21.0
276 449 89.0
276 450 9.0
276 451 4.0
276 452 3.0
276 455 12.0
276 456 2.0
276 457 2.0
276 458 44.0
276 459 12.0
276 460 4.0
276 463 12.0
276 464 4.0
276 466 36.0
276 467 28.0
276 469 2.0
276 472 8.0
276 522 1.0
276 528 1.0
276 539 2.0
276 540 3.0
276 541 3.0
276 542 2.0
276 549 1.0
276 551 3.0
276 559 7.0
276 560 1.0
276 561 4.0
276 563 4.0
276 569 6.0
276 570 28.0
276 573 4.0
276 574 2.0
276 579 1.0
276 580 29.0
276 581 2.0
276 583 5.0
276 584 50.0
276 590 2.0
276 591 7.0
276 592 1.0
276 593 14.0
276 594 18.0
276 602 3.0
276 603 2.0
276 610 14.0
276 611 1.0
276 664 1.0
276 670 1.0
276 690 1.0
276 691 4.0
276 693 1.0
276 698 1.0
276 704 1.0
276 706 1.0
276 707 1.0
276 710 1.0
276 713 1.0
276 715 1.0
276 716 1.0
276 722 5.0
276 723 2.0
276 726 6.0
276 736 18.0
276 744 2.0
276 745 1.0
276 751 11.0
276 857 2.0
277 283 217.0
277 284 47.0
277 285 21.0
277 286 4.0
277 287 9.0
277 288 1835.0
277 289 3.0
277 293 67.0
277 294 40.0
277 295 4.0
277 296 45.0
277 297 85.0
277 298 21.0
277 299 1.0
277 304 17.0
277 305 7.0
277 306 2.0
277 307 102.0
277 308 8.0
277 313 10.0
277 314 2.0
277 315 11.0
277 316 85.0
277 317 15.0
277 320 3.0
277 322 1.0
277 324 6.0
277 325 22.0
277 333 38.0
277 340 88.0
277 341 25.0
277 356 1.0
277 357 1.0
277 358 6.0
277 366 2.0
277 367 96.0
277 368 1.0
277 369 1.0
277 372 3.0
277 377 1.0
277 378 31.0
277 379 16.0
277 380 150.0
277 381 7.0
277 382 1.0
277 384 67.0
277 390 3.0
277 391 119.0
277 392 509.0
277 393 14.0
277 394 13.0
277 395 685.0
277 401 2.0
277 402 5.0
277 403 20.0
277 404 7.0
277 405 21.0
277 406 25.0
277 407 4619.0
277 409 2.0
277 410 2.0
277 413 1.0
277 414 7.0
277 415 25.0
277 416 51.0
277 417 72.0
277 418 73.0
277 419 1977.0
277 420 7.0
277 421 1.0
277 422 1.0
277 424 4.0
277 425 91.0
277 426 265.0
277 427 350.0
277 428 22.0
277 429 112.0
277 430 39.0
277 431 9.0
277 435 9.0
277 436 30.0
277 437 31.0
277 438 39.0
277 439 40.0
277 440 7.0
277 445 2.0
277 446 6.0
277 447 11.0
277 448 3.0
277 449 11.0
277 450 9.0
277 451 2.0
277 452 2.0
277 454 2.0
277 455 12.0
277 458 1.0
277 459 3.0
277 460 2.0
277 463 12.0
277 464 1.0
277 466 3.0
277 467 10.0
277 469 3.0
277 470 2.0
277 472 4.0
277 479 4.0
277 480 1.0
277 485 162.0
277 486 11.0
277 489 65.0
277 494 510.0
277 495 11.0
277 500 67.0
277 503 1.0
277 505 14.0
277 510 2.0
277 511 9.0
277 514 1.0
277 515 3.0
277 516 357.0
277 517 15.0
277 522 65.0
277 523 3.0
277 524 19.0
277 525 9.0
277 526 9.0
277 527 748.0
277 528 82.0
277 529 1.0
277 533 1.0
277 534 4.0
277 535 94.0
277 536 257.0
277 537 18.0
277 538 39.0
277 539 2100.0
277 540 192.0
277 541 157.0
277 542 153.0
277 546 2.0
277 548 808.0
277 549 27.0
277 550 2.0
277 551 547.0
277 552 2.0
277 554 11.0
277 558 1.0
277 559 23.0
277 560 886.0
277 561 66.0
277 562 6.0
277 563 710.0
277 568 2.0
277 569 14.0
277 570 31.0
277 571 1.0
277 572 3.0
277 573 45.0
277 574 31.0
277 576 1.0
277 578 1.0
277 579 1.0
277 580 39.0
277 581 1.0
277 582 1.0
277 583 85.0
277 584 52.0
277 590 1.0
277 591 29.0
277 592 49.0
277 593 59.0
277 594 9.0
277 602 42.0
277 603 3.0
277 610 8.0
277 611 1.0
277 621 1.0
277 622 1.0
277 629 2.0
277 630 11.0
277 636 121.0
277 640 2.0
277 644 26.0
277 645 37.0
277 646 411.0
277 647 3.0
277 648 1.0
277 653 3.0
277 655 2.0
277 656 1.0
277 657 384.0
277 658 15.0
277 659 10.0
277 664 1.0
277 668 1.0
277 669 787.0
277 670 49.0
277 671 17.0
277 672 25.0
277 676 2.0
277 677 3.0
277 678 85.0
277 679 20.0
277 680 292.0
277 681 335.0
277 682 156.0
277 683 43.0
277 684 24.0
277 687 2.0
277 688 2.0
277 690 74.0
277 691 6.0
277 692 27.0
277 693 485.0
277 694 30.0
277 702 2.0
277 704 37.0
277 705 233.0
277 706 23.0
277 707 9.0
277 708 2.0
277 712 1.0
277 713 3.0
277 714 8.0
277 715 57.0
277 716 70.0
277 717 4.0
277 721 2.0
277 722 11.0
277 723 3.0
277 724 22.0
277 725 70.0
277 726 29.0
277 727 7.0
277 732 2.0
277 733 2.0
277 735 8.0
277 736 10.0
277 738 4.0
277 751 16.0
277 763 2.0
277 764 1.0
277 765 44.0
277 773 4.0
277 774 56.0
277 782 1.0
277 783 2.0
277 784 39.0
277 785 65.0
277 795 5.0
277 796 4.0
277 797 33.0
277 798 1.0
277 799 3.0
277 807 92.0
277 808 159.0
277 809 221.0
277 810 2.0
277 811 4.0
277 818 2.0
277 819 19.0
277 820 340.0
277 821 291.0
277 822 99.0
277 823 52.0
277 824 12.0
277 829 2.0
277 830 26.0
277 831 135.0
277 832 118.0
277 833 44.0
277 834 27.0
277 840 26.0
277 841 25.0
277 842 49.0
277 843 1.0
277 850 1.0
277 851 121.0
277 852 46.0
277 857 6.0
277 859 1.0
277 860 14.0
277 866 1.0
277 867 12.0
277 879 1.0
277 880 11.0
277 881 58.0
277 889 1.0
277 890 1.0
277 899 2.0
277 908 1.0
277 909 2.0
277 918 18.0
277 919 161.0
277 920 224.0
277 921 2.0
277 928 23.0
277 929 342.0
277 930 191.0
277 931 56.0
277 932 1.0
277 939 88.0
277 940 34.0
277 941 1.0
277 947 4.0
277 948 75.0
277 949 24.0
277 955 31.0
277 956 28.0
277 962 28.0
277 963 124.0
277 968 1.0
277 992 2.0
277 993 3.0
277 1000 7.0
277 1001 21.0
277 1002 251.0
277 1003 3.0
277 1010 93.0
277 1011 63.0
277 1012 1.0
277 1018 52.0
277 1019 9.0
277 1020 1.0
277 1026 52.0
277 1027 8.0
277 1033 11.0
277 1049 2.0
277 1054 4.0
277 1055 7.0
277 1060 7.0
277 1061 10.0
277 1062 52.0
277 1066 22.0
278 279 8.0
278 290 2.0
278 296 5.0
278 297 5.0
278 298 9.0
278 317 1.0
278 333 7.0
278 360 1.0
278 361 19.0
278 370 1.0
278 371 1.0
278 372 3.0
278 373 1.0
278 381 2.0
278 383 4.0
278 384 36.0
278 385 35.0
278 386 23.0
278 394 1.0
278 395 22.0
278 396 114.0
278 397 1.0
278 398 17.0
278 408 50.0
278 410 9.0
278 418 5.0
278 419 15.0
278 420 31.0
278 421 1.0
278 422 3.0
278 427 1.0
278 430 10.0
278 431 12.0
278 440 18.0
278 459 1.0
278 485 7.0
278 494 9.0
278 502 1.0
278 505 11.0
278 514 1.0
278 516 81.0
278 517 1.0
278 527 9.0
278 528 4.0
278 529 2.0
278 530 1.0
278 538 1.0
278 540 20.0
278 541 65.0
278 542 143.0
278 549 1.0
278 636 10.0
278 646 1.0
278 657 1.0
278 658 1.0
278 659 1.0
278 670 3.0
278 677 1.0
278 682 4.0
278 694 2.0
278 706 1.0
278 810 1.0
279 360 1.0
279 371 1.0
279 372 2.0
279 385 10.0
279 409 1.0
279 410 1.0
279 421 7.0
279 505 1.0
281 377 1.0
281 389 15.0
281 507 3.0
281 508 4.0
281 509 15.0
281 521 27.0
281 650 11.0
281 778 1.0
282 283 3.0
282 294 4.0
282 304 4.0
282 313 4.0
282 321 2.0
282 322 2.0
282 353 1.0
282 365 2.0
282 377 10.0
282 389 26.0
282 392 1.0
282 404 1.0
282 436 4.0
282 497 1.0
282 507 9.0
282 508 10.0
282 509 26.0
282 521 11.0
282 650 14.0
282 663 1.0
282 791 1.0
283 284 2211.0
283 285 271.0
283 286 8.0
283 287 24.0
283 288 77.0
283 293 381.0
283 294 4058.0
283 295 564.0
283 296 14.0
283 297 109.0
283 298 10.0
283 299 1.0
283 303 97.0
283 304 1634.0
283 305 350.0
283 306 4.0
283 307 81.0
283 308 1.0
283 309 1.0
283 312 218.0
283 313 2007.0
283 314 118.0
283 315 1.0
283 316 33.0
283 317 4.0
283 320 648.0
283 321 377.0
283 322 190.0
283 324 1.0
283 325 11.0
283 327 4.0
283 333 1.0
283 353 1.0
283 365 5.0
283 377 11.0
283 378 3.0
283 379 5.0
283 380 55.0
283 381 2.0
283 382 1.0
283 383 2.0
283 389 17.0
283 390 1258.0
283 391 31.0
283 392 135.0
283 393 5.0
283 394 3.0
283 395 9.0
283 401 29.0
283 402 4885.0
283 403 371.0
283 404 281.0
283 405 24.0
283 406 1268.0
283 407 61.0
283 408 1.0
283 413 13.0
283 414 69.0
283 415 442.0
283 416 229.0
283 417 27.0
283 418 10.0
283 419 63.0
283 424 9.0
283 425 630.0
283 426 569.0
283 427 101.0
283 428 11.0
283 429 14.0
283 430 24.0
283 431 7.0
283 435 207.0
283 436 3376.0
283 437 2775.0
283 438 2783.0
283 439 99.0
283 440 13.0
283 441 3.0
283 444 17.0
283 445 16.0
283 446 534.0
283 447 866.0
283 448 170.0
283 449 81.0
283 451 6.0
283 452 3.0
283 453 27.0
283 454 21.0
283 455 650.0
283 456 148.0
283 458 4.0
283 459 1.0
283 461 2.0
283 462 1.0
283 463 534.0
283 464 185.0
283 466 3.0
283 467 5.0
283 469 176.0
283 470 54.0
283 472 1.0
283 489 1.0
283 494 2.0
283 499 1.0
283 509 5.0
283 511 1.0
283 513 1.0
283 514 1.0
283 516 4.0
283 521 5.0
283 522 1170.0
283 524 2.0
283 526 1.0
283 527 6.0
283 528 2.0
283 532 2.0
283 534 14.0
283 535 196.0
283 536 140.0
283 538 5.0
283 539 43.0
283 540 14.0
283 541 9.0
283 542 7.0
283 545 5.0
283 546 43.0
283 547 1963.0
283 548 130.0
283 549 4.0
283 550 1.0
283 551 32.0
283 558 7.0
283 559 77.0
283 560 66.0
283 561 5.0
283 562 37.0
283 563 28.0
283 568 1.0
283 569 17.0
283 570 44.0
283 571 12.0
283 572 2.0
283 573 10.0
283 574 3.0
283 579 64.0
283 580 110.0
283 581 4.0
283 582 3.0
283 583 3.0
283 588 3.0
283 589 57.0
283 590 80.0
283 591 149.0
283 592 1.0
283 593 2.0
283 598 5.0
283 599 46.0
283 600 8.0
283 602 1.0
283 607 26.0
283 614 1.0
283 631 86.0
283 640 1.0
283 641 15.0
283 646 2.0
283 650 2.0
283 652 127.0
283 653 4.0
283 657 2.0
283 662 1.0
283 663 7.0
283 664 45.0
283 669 4.0
283 670 1.0
283 672 1.0
283 676 8.0
283 677 43.0
283 678 36.0
283 679 30.0
283 680 18.0
283 682 9.0
283 684 1.0
283 688 49.0
283 689 2613.0
283 690 62.0
283 691 3.0
283 692 14.0
283 693 1.0
283 694 1.0
283 699 25.0
283 700 25.0
283 701 450.0
283 702 14.0
283 703 1.0
283 704 11.0
283 705 1.0
283 710 2.0
283 711 4.0
283 712 160.0
283 713 51.0
283 714 10.0
283 715 446.0
283 722 22.0
283 723 91.0
283 724 4.0
283 726 2.0
283 727 1.0
283 731 1.0
283 732 15.0
283 733 1.0
283 741 14.0
283 754 1.0
283 769 191.0
283 774 1.0
283 780 1.0
283 791 26.0
283 793 4.0
283 794 12.0
283 803 31.0
283 804 6.0
283 805 69.0
283 806 124.0
283 815 3.0
283 816 41.0
283 817 1320.0
283 818 322.0
283 827 2.0
283 828 20.0
283 829 139.0
283 836 5.0
283 837 20.0
283 838 72.0
283 839 39.0
283 847 3.0
283 848 25.0
283 886 18.0
283 895 7.0
283 896 3.0
283 913 2.0
283 914 1.0
283 915 2.0
283 916 39.0
283 917 3.0
283 924 7.0
283 925 18.0
283 926 1010.0
283 935 3.0
283 936 1.0
283 944 3.0
283 945 21.0
283 953 2.0
283 960 2.0
283 969 18.0
283 981 3.0
283 995 1.0
283 996 1.0
283 997 2.0
283 998 581.0
283 999 1.0
283 1005 2.0
283 1006 79.0
283 1007 782.0
283 1013 5.0
283 1015 61.0
283 1022 10.0
283 1052 248.0
283 1057 10.0
283 1058 68.0
283 1063 22.0
284 285 285.0
284 286 3.0
284 287 6.0
284 288 37.0
284 293 137.0
284 294 2846.0
284 295 1457.0
284 296 72.0
284 297 202.0
284 298 118.0
284 299 18.0
284 300 12.0
284 302 6.0
284 303 214.0
284 304 1412.0
284 305 422.0
284 306 13.0
284 307 10.0
284 308 84.0
284 309 26.0
284 311 3.0
284 312 244.0
284 313 1682.0
284 314 177.0
284 315 1.0
284 316 33.0
284 317 5.0
284 319 1.0
284 320 561.0
284 321 516.0
284 322 43.0
284 324 20.0
284 325 1.0
284 327 9.0
284 333 1.0
284 340 2.0
284 341 1.0
284 361 5.0
284 380 84.0
284 381 4.0
284 382 5.0
284 383 1.0
284 384 5.0
284 390 273.0
284 391 19.0
284 392 158.0
284 393 2.0
284 394 1.0
284 395 94.0
284 401 2.0
284 402 393.0
284 403 180.0
284 404 539.0
284 405 33.0
284 406 173.0
284 407 628.0
284 413 7.0
284 414 200.0
284 415 757.0
284 416 1015.0
284 417 55.0
284 418 38.0
284 419 355.0
284 424 70.0
284 425 17.0
284 426 118.0
284 427 118.0
284 428 101.0
284 429 18.0
284 430 14.0
284 431 2.0
284 435 439.0
284 436 243.0
284 437 578.0
284 438 270.0
284 439 909.0
284 440 2.0
284 441 1.0
284 444 34.0
284 445 183.0
284 446 101.0
284 447 805.0
284 448 260.0
284 449 15.0
284 450 9.0
284 451 101.0
284 452 50.0
284 453 103.0
284 454 294.0
284 455 706.0
284 456 284.0
284 458 3.0
284 459 7.0
284 460 3.0
284 461 1.0
284 462 71.0
284 463 675.0
284 464 100.0
284 466 4.0
284 467 2.0
284 469 301.0
284 470 40.0
284 485 2.0
284 494 8.0
284 516 67.0
284 522 277.0
284 524 3.0
284 525 1.0
284 527 84.0
284 528 1.0
284 535 1.0
284 536 191.0
284 539 309.0
284 540 96.0
284 541 78.0
284 542 92.0
284 545 1.0
284 546 53.0
284 548 95.0
284 549 3.0
284 551 304.0
284 554 1.0
284 558 3.0
284 559 122.0
284 560 26.0
284 561 6.0
284 562 14.0
284 563 16.0
284 568 2.0
284 569 24.0
284 570 94.0
284 571 9.0
284 573 26.0
284 574 2.0
284 579 9.0
284 580 73.0
284 581 4.0
284 582 4.0
284 583 10.0
284 584 8.0
284 587 1.0
284 588 1.0
284 589 15.0
284 590 91.0
284 591 243.0
284 592 4.0
284 593 1.0
284 594 5.0
284 596 9.0
284 598 5.0
284 599 56.0
284 600 1.0
284 603 1.0
284 606 2.0
284 607 33.0
284 610 1.0
284 631 22.0
284 641 3.0
284 646 9.0
284 652 32.0
284 656 1.0
284 657 5.0
284 664 18.0
284 669 28.0
284 678 5.0
284 679 1.0
284 680 1.0
284 681 1.0
284 682 91.0
284 683 1.0
284 688 54.0
284 690 13.0
284 693 2.0
284 694 4.0
284 698 4.0
284 699 3.0
284 700 5.0
284 701 5.0
284 704 7.0
284 705 1.0
284 710 6.0
284 711 2.0
284 712 46.0
284 713 60.0
284 714 12.0
284 715 39.0
284 721 4.0
284 722 7.0
284 723 141.0
284 724 3.0
284 725 1.0
284 726 3.0
284 727 1.0
284 731 2.0
284 732 8.0
284 733 2.0
284 736 3.0
284 741 3.0
284 765 1.0
284 769 74.0
284 783 1.0
284 784 2.0
284 785 1.0
284 791 4.0
284 795 1.0
284 796 1.0
284 803 4.0
284 806 5.0
284 816 26.0
284 818 114.0
284 821 1.0
284 827 1.0
284 828 6.0
284 829 114.0
284 836 2.0
284 837 9.0
284 839 68.0
284 848 30.0
284 857 2.0
284 924 1.0
284 925 11.0
284 944 6.0
284 945 1.0
284 953 30.0
284 960 7.0
284 965 1.0
284 988 6.0
284 998 1.0
284 1045 5.0
285 286 754.0
285 287 355.0
285 288 156.0
285 293 20.0
285 294 599.0
285 295 833.0
285 296 279.0
285 297 370.0
285 298 87.0
285 299 14.0
285 300 4.0
285 303 109.0
285 304 148.0
285 305 98.0
285 306 124.0
285 307 233.0
285 308 39.0
285 309 21.0
285 310 1.0
285 311 2.0
285 312 41.0
285 313 90.0
285 314 74.0
285 315 39.0
285 316 190.0
285 317 8.0
285 318 2.0
285 319 12.0
285 320 17.0
285 321 27.0
285 322 42.0
285 324 44.0
285 325 23.0
285 333 1.0
285 341 111.0
285 350 14.0
285 358 1.0
285 360 69.0
285 361 2.0
285 367 3.0
285 369 4.0
285 370 41.0
285 371 16.0
285 377 1.0
285 378 11.0
285 379 17.0
285 380 1229.0
285 381 1823.0
285 382 801.0
285 383 124.0
285 384 29.0
285 390 87.0
285 391 98.0
285 392 3442.0
285 393 17.0
285 394 69.0
285 395 46.0
285 401 4.0
285 402 108.0
285 403 88.0
285 404 3768.0
285 405 83.0
285 406 118.0
285 407 112.0
285 413 7.0
285 414 34.0
285 415 167.0
285 416 1057.0
285 417 69.0
285 418 17.0
285 419 40.0
285 420 2.0
285 424 19.0
285 425 21.0
285 426 505.0
285 427 274.0
285 428 110.0
285 429 65.0
285 430 11.0
285 431 3.0
285 435 778.0
285 436 382.0
285 437 213.0
285 438 55.0
285 439 199.0
285 440 172.0
285 444 5.0
285 445 48.0
285 446 493.0
285 447 225.0
285 448 89.0
285 449 130.0
285 450 12.0
285 451 58.0
285 452 30.0
285 453 4.0
285 454 143.0
285 455 942.0
285 456 15.0
285 457 1.0
285 458 101.0
285 459 7.0
285 460 2.0
285 462 278.0
285 463 752.0
285 464 29.0
285 466 68.0
285 467 17.0
285 469 268.0
285 470 31.0
285 472 25.0
285 476 1.0
285 478 2.0
285 483 11.0
285 485 4.0
285 489 1.0
285 491 1.0
285 492 18.0
285 493 2.0
285 494 151.0
285 495 1.0
285 499 1.0
285 502 57.0
285 503 8.0
285 504 62.0
285 505 1.0
285 511 3.0
285 513 5.0
285 514 746.0
285 515 26.0
285 516 15.0
285 522 103.0
285 523 7.0
285 524 16.0
285 525 10.0
285 526 223.0
285 527 23.0
285 528 56.0
285 529 27.0
285 533 1.0
285 534 2.0
285 535 21.0
285 536 442.0
285 537 7.0
285 538 8.0
285 539 38.0
285 540 36.0
285 541 124.0
285 542 110.0
285 545 1.0
285 548 449.0
285 549 94.0
285 550 1.0
285 551 88.0
285 557 18.0
285 558 48.0
285 559 86.0
285 560 220.0
285 561 104.0
285 562 45.0
285 563 112.0
285 568 1.0
285 569 34.0
285 570 120.0
285 571 6.0
285 573 93.0
285 574 2.0
285 578 3.0
285 579 46.0
285 580 567.0
285 581 122.0
285 582 69.0
285 583 250.0
285 584 7.0
285 589 26.0
285 590 5.0
285 591 273.0
285 592 20.0
285 593 27.0
285 594 1.0
285 596 10.0
285 598 15.0
285 599 4.0
285 600 1.0
285 602 13.0
285 603 2.0
285 607 23.0
285 610 13.0
285 620 1.0
285 626 1.0
285 631 7.0
285 634 3.0
285 635 2.0
285 636 2.0
285 640 1.0
285 641 1.0
285 644 13.0
285 645 5.0
285 646 3.0
285 650 1.0
285 652 7.0
285 653 2.0
285 655 6.0
285 656 313.0
285 657 3.0
285 664 13.0
285 667 3.0
285 669 10.0
285 670 16.0
285 672 4.0
285 675 2.0
285 676 1.0
285 678 54.0
285 679 32.0
285 680 7.0
285 682 24.0
285 684 2.0
285 687 2.0
285 688 11.0
285 689 3.0
285 690 18.0
285 691 44.0
285 692 1.0
285 693 9.0
285 694 9.0
285 697 2.0
285 698 19.0
285 699 2.0
285 700 12.0
285 701 11.0
285 703 12.0
285 704 11.0
285 706 1.0
285 710 32.0
285 711 1.0
285 712 9.0
285 713 40.0
285 714 23.0
285 715 65.0
285 720 2.0
285 721 1.0
285 722 5.0
285 723 109.0
285 724 3.0
285 725 5.0
285 726 3.0
285 727 4.0
285 730 1.0
285 731 1.0
285 732 2.0
285 740 2.0
285 741 21.0
285 751 1.0
285 752 2.0
285 764 2.0
285 765 1.0
285 769 19.0
285 772 5.0
285 773 2.0
285 780 2.0
285 783 136.0
285 784 2.0
285 785 1.0
285 791 1.0
285 792 3.0
285 795 236.0
285 797 1.0
285 803 1.0
285 804 6.0
285 806 1.0
285 807 217.0
285 810 1.0
285 816 12.0
285 818 103.0
285 819 201.0
285 820 3.0
285 821 3.0
285 827 6.0
285 828 1.0
285 829 103.0
285 830 36.0
285 831 2.0
285 836 1.0
285 837 2.0
285 839 41.0
285 840 14.0
285 841 1.0
285 857 4.0
285 880 3.0
285 888 1.0
285 889 10.0
285 898 5.0
285 909 1.0
285 915 2.0
285 918 11.0
285 929 3.0
285 930 1.0
285 939 1.0
285 992 1.0
285 997 2.0
285 998 1.0
285 1015 1.0
285 1049 1.0
285 1062 1.0
285 1063 1.0
286 287 439.0
286 288 178.0
286 289 1.0
286 293 4.0
286 294 8.0
286 295 1.0
286 296 148.0
286 297 643.0
286 298 83.0
286 299 7.0
286 304 51.0
286 305 28.0
286 306 115.0
286 307 364.0
286 308 37.0
286 309 2.0
286 311 1.0
286 312 1.0
286 313 18.0
286 314 7.0
286 315 2.0
286 316 418.0
286 317 76.0
286 319 4.0
286 320 16.0
286 321 8.0
286 322 2.0
286 324 301.0
286 325 29.0
286 340 4.0
286 348 1.0
286 361 3.0
286 367 1.0
286 369 2.0
286 370 23.0
286 380 13.0
286 381 372.0
286 382 126.0
286 383 29.0
286 384 8.0
286 392 5.0
286 393 353.0
286 394 74.0
286 395 19.0
286 396 1.0
286 401 2.0
286 402 5.0
286 403 241.0
286 404 7.0
286 405 693.0
286 406 18.0
286 407 68.0
286 408 2.0
286 410 1.0
286 413 2.0
286 414 14.0
286 415 127.0
286 416 11.0
286 417 982.0
286 418 277.0
286 419 40.0
286 420 2.0
286 425 17.0
286 426 49.0
286 427 55.0
286 428 141.0
286 429 245.0
286 430 18.0
286 431 1.0
286 435 352.0
286 436 353.0
286 437 160.0
286 438 336.0
286 439 441.0
286 440 163.0
286 445 9.0
286 446 123.0
286 447 185.0
286 448 90.0
286 449 273.0
286 450 19.0
286 451 35.0
286 452 34.0
286 454 40.0
286 455 91.0
286 457 1.0
286 458 144.0
286 459 5.0
286 460 16.0
286 462 222.0
286 463 70.0
286 466 127.0
286 467 13.0
286 469 2.0
286 472 28.0
286 483 2.0
286 485 2.0
286 492 3.0
286 494 7.0
286 502 5.0
286 504 1.0
286 505 1.0
286 513 5.0
286 514 20.0
286 516 12.0
286 526 138.0
286 527 28.0
286 528 21.0
286 529 7.0
286 537 56.0
286 538 4.0
286 539 26.0
286 540 43.0
286 541 122.0
286 542 109.0
286 547 6.0
286 549 44.0
286 550 1.0
286 551 196.0
286 553 1.0
286 554 2.0
286 559 265.0
286 560 3.0
286 561 27.0
286 562 42.0
286 563 90.0
286 568 1.0
286 570 39.0
286 572 1.0
286 573 27.0
286 574 9.0
286 579 1.0
286 580 43.0
286 581 5.0
286 582 4.0
286 583 196.0
286 584 16.0
286 589 1.0
286 590 7.0
286 591 16.0
286 593 66.0
286 594 6.0
286 595 2.0
286 598 1.0
286 602 58.0
286 603 1.0
286 610 17.0
286 620 1.0
286 634 2.0
286 635 1.0
286 644 3.0
286 645 1.0
286 646 3.0
286 656 2.0
286 657 5.0
286 669 14.0
286 670 12.0
286 672 1.0
286 678 1.0
286 679 4.0
286 680 9.0
286 681 10.0
286 682 88.0
286 683 4.0
286 684 3.0
286 688 1.0
286 689 2.0
286 691 14.0
286 692 2.0
286 693 7.0
286 694 20.0
286 696 1.0
286 701 12.0
286 704 57.0
286 705 1.0
286 706 10.0
286 707 7.0
286 708 2.0
286 712 2.0
286 713 36.0
286 714 48.0
286 715 179.0
286 716 18.0
286 717 12.0
286 722 1.0
286 723 7.0
286 724 10.0
286 725 7.0
286 726 10.0
286 727 6.0
286 751 4.0
286 752 1.0
286 764 1.0
286 784 1.0
286 785 2.0
286 797 5.0
286 807 3.0
286 809 2.0
286 816 1.0
286 818 5.0
286 821 1.0
286 822 2.0
286 829 5.0
286 831 5.0
286 832 1.0
286 840 19.0
286 841 7.0
286 842 9.0
286 860 2.0
286 880 1.0
286 900 3.0
286 930 1.0
286 948 1.0
286 993 3.0
286 1002 2.0
286 1033 1.0
287 288 516.0
287 293 5.0
287 294 6.0
287 295 1.0
287 296 91.0
287 297 1139.0
287 298 117.0
287 299 5.0
287 304 36.0
287 305 24.0
287 306 24.0
287 307 831.0
287 308 34.0
287 311 1.0
287 312 1.0
287 313 21.0
287 314 8.0
287 315 3.0
287 316 668.0
287 317 74.0
287 319 2.0
287 320 7.0
287 321 13.0
287 324 218.0
287 325 97.0
287 328 1.0
287 340 1.0
287 361 1.0
287 380 1.0
287 381 4.0
287 382 4.0
287 383 1.0
287 384 1.0
287 390 1.0
287 392 1.0
287 393 7.0
287 394 31.0
287 395 3.0
287 401 3.0
287 402 6.0
287 403 109.0
287 404 5.0
287 405 206.0
287 406 70.0
287 407 57.0
287 408 7.0
287 414 20.0
287 415 94.0
287 416 17.0
287 417 324.0
287 418 81.0
287 419 280.0
287 425 29.0
287 426 53.0
287 427 14.0
287 428 93.0
287 429 49.0
287 430 61.0
287 431 2.0
287 435 90.0
287 436 347.0
287 437 137.0
287 438 162.0
287 439 359.0
287 440 499.0
287 445 3.0
287 446 178.0
287 447 119.0
287 448 126.0
287 449 741.0
287 450 67.0
287 451 47.0
287 452 41.0
287 454 15.0
287 455 78.0
287 458 252.0
287 459 37.0
287 460 14.0
287 462 57.0
287 463 68.0
287 466 289.0
287 467 221.0
287 469 10.0
287 472 103.0
287 485 1.0
287 494 1.0
287 522 1.0
287 528 4.0
287 537 4.0
287 538 1.0
287 539 27.0
287 540 196.0
287 541 276.0
287 542 129.0
287 546 1.0
287 547 7.0
287 549 67.0
287 551 101.0
287 554 1.0
287 559 177.0
287 561 3.0
287 562 1.0
287 563 178.0
287 569 3.0
287 570 155.0
287 573 4.0
287 574 113.0
287 575 1.0
287 576 7.0
287 580 157.0
287 581 5.0
287 583 7.0
287 584 47.0
287 585 1.0
287 590 4.0
287 591 7.0
287 592 4.0
287 593 1.0
287 594 26.0
287 602 11.0
287 603 5.0
287 610 28.0
287 611 3.0
287 646 1.0
287 669 13.0
287 670 6.0
287 672 8.0
287 679 5.0
287 681 6.0
287 682 44.0
287 683 2.0
287 684 20.0
287 688 1.0
287 693 26.0
287 694 1.0
287 696 1.0
287 701 22.0
287 704 12.0
287 705 15.0
287 706 24.0
287 707 6.0
287 708 2.0
287 712 4.0
287 713 18.0
287 714 5.0
287 715 9.0
287 717 4.0
287 723 4.0
287 726 54.0
287 727 20.0
287 735 2.0
287 736 20.0
287 744 5.0
287 797 1.0
287 809 5.0
287 818 4.0
287 820 3.0
287 821 17.0
287 822 5.0
287 823 5.0
287 829 4.0
287 831 1.0
287 832 1.0
287 840 1.0
287 841 4.0
287 920 4.0
287 929 1.0
287 930 6.0
287 939 2.0
287 940 4.0
287 1002 6.0
287 1018 6.0
287 1062 1.0
288 289 3.0
288 293 27.0
288 294 33.0
288 295 3.0
288 296 50.0
288 297 350.0
288 298 371.0
288 304 16.0
288 305 8.0
288 306 9.0
288 307 327.0
288 308 46.0
288 309 1.0
288 313 9.0
288 314 4.0
288 315 2.0
288 316 203.0
288 317 88.0
288 319 2.0
288 320 3.0
288 321 1.0
288 322 1.0
288 324 13.0
288 325 140.0
288 333 25.0
288 340 65.0
288 341 19.0
288 380 5.0
288 381 3.0
288 382 2.0
288 392 5.0
288 393 12.0
288 394 8.0
288 395 59.0
288 402 2.0
288 403 60.0
288 404 14.0
288 405 122.0
288 406 47.0
288 407 1517.0
288 408 1.0
288 414 7.0
288 415 74.0
288 416 3.0
288 417 157.0
288 418 77.0
288 419 333.0
288 420 7.0
288 424 1.0
288 425 118.0
288 426 186.0
288 427 39.0
288 428 17.0
288 429 142.0
288 430 35.0
288 431 6.0
288 435 100.0
288 436 143.0
288 437 93.0
288 438 87.0
288 439 146.0
288 440 2.0
288 445 4.0
288 446 64.0
288 447 50.0
288 448 36.0
288 449 19.0
288 450 22.0
288 451 7.0
288 452 8.0
288 453 1.0
288 454 12.0
288 455 20.0
288 458 4.0
288 459 35.0
288 460 10.0
288 462 42.0
288 463 10.0
288 466 5.0
288 467 16.0
288 468 4.0
288 469 3.0
288 470 1.0
288 472 7.0
288 485 32.0
288 486 5.0
288 494 305.0
288 522 1.0
288 524 1.0
288 526 5.0
288 527 298.0
288 528 9.0
288 535 2.0
288 538 6.0
288 539 1088.0
288 540 66.0
288 541 56.0
288 542 52.0
288 546 2.0
288 547 3.0
288 548 1.0
288 549 9.0
288 551 253.0
288 554 8.0
288 558 1.0
288 559 66.0
288 560 3.0
288 561 21.0
288 562 29.0
288 563 315.0
288 568 1.0
288 569 8.0
288 570 54.0
288 572 1.0
288 573 222.0
288 574 133.0
288 578 1.0
288 580 58.0
288 581 3.0
288 582 3.0
288 583 32.0
288 584 18.0
288 590 1.0
288 591 179.0
288 592 131.0
288 593 1.0
288 594 2.0
288 603 3.0
288 610 5.0
288 611 5.0
288 636 27.0
288 644 13.0
288 645 24.0
288 646 343.0
288 647 3.0
288 648 1.0
288 657 298.0
288 658 2.0
288 668 1.0
288 669 732.0
288 670 15.0
288 672 6.0
288 677 1.0
288 680 57.0
288 681 67.0
288 682 120.0
288 683 6.0
288 684 4.0
288 688 2.0
288 690 2.0
288 691 13.0
288 692 13.0
288 693 102.0
288 694 13.0
288 701 7.0
288 702 1.0
288 704 48.0
288 705 71.0
288 706 85.0
288 707 3.0
288 708 2.0
288 712 1.0
288 713 8.0
288 714 21.0
288 715 61.0
288 716 7.0
288 717 4.0
288 721 1.0
288 722 7.0
288 723 8.0
288 724 27.0
288 725 9.0
288 726 28.0
288 727 13.0
288 732 1.0
288 735 2.0
288 738 4.0
288 744 5.0
288 745 2.0
288 751 2.0
288 763 2.0
288 764 1.0
288 765 31.0
288 773 2.0
288 774 55.0
288 784 32.0
288 785 44.0
288 795 2.0
288 796 3.0
288 797 11.0
288 807 32.0
288 808 5.0
288 809 64.0
288 811 2.0
288 818 5.0
288 819 15.0
288 820 37.0
288 821 56.0
288 822 20.0
288 823 18.0
288 829 5.0
288 830 21.0
288 831 28.0
288 832 42.0
288 833 9.0
288 834 9.0
288 840 32.0
288 841 9.0
288 842 6.0
288 843 1.0
288 851 18.0
288 852 19.0
288 857 2.0
288 860 1.0
288 867 1.0
288 879 1.0
288 880 7.0
288 881 37.0
288 890 1.0
288 908 1.0
288 918 9.0
288 919 5.0
288 920 10.0
288 928 2.0
288 929 46.0
288 930 35.0
288 939 17.0
288 940 6.0
288 941 1.0
288 948 12.0
288 949 3.0
288 955 4.0
288 956 2.0
288 962 9.0
288 963 29.0
288 1000 1.0
288 1002 22.0
288 1010 13.0
288 1011 16.0
288 1018 15.0
288 1019 2.0
288 1020 1.0
288 1026 9.0
288 1027 1.0
288 1033 1.0
288 1054 1.0
288 1060 1.0
288 1061 1.0
288 1062 3.0
288 1066 3.0
289 296 2.0
289 306 2.0
289 315 2.0
289 324 1.0
289 371 1.0
289 395 2.0
289 403 1.0
289 407 9.0
289 408 4.0
289 419 9.0
289 430 12.0
289 431 12.0
289 472 1.0
289 516 2.0
289 528 4.0
289 539 1.0
289 540 7.0
289 541 1.0
289 542 5.0
289 559 1.0
289 670 1.0
289 672 3.0
289 682 4.0
289 694 1.0
290 373 1.0
290 385 8.0
290 398 1.0
290 420 1.0
292 302 1.0
292 303 104.0
292 304 70.0
292 312 5.0
292 313 19.0
292 321 4.0
292 403 3.0
292 415 14.0
292 424 1.0
292 425 23.0
292 426 2.0
292 436 3.0
292 438 1.0
292 439 1.0
292 445 19.0
292 446 38.0
292 447 2.0
292 448 1.0
292 455 31.0
292 463 32.0
292 469 14.0
292 541 1.0
292 542 1.0
292 568 1.0
292 578 1.0
292 579 1.0
292 580 1.0
292 589 12.0
292 590 1.0
292 600 3.0
292 715 1.0
292 720 1.0
292 722 2.0
292 731 8.0
292 732 2.0
292 741 1.0
292 857 1.0
293 294 452.0
293 295 207.0
293 296 2.0
293 297 44.0
293 302 8.0
293 303 225.0
293 304 68.0
293 305 2.0
293 307 41.0
293 312 213.0
293 313 88.0
293 316 15.0
293 317 1.0
293 320 9.0
293 321 78.0
293 322 6.0
293 325 8.0
293 327 3.0
293 340 1.0
293 367 1.0
293 380 27.0
293 381 3.0
293 390 8.0
293 391 4.0
293 392 52.0
293 395 8.0
293 401 3.0
293 402 15.0
293 403 25.0
293 404 115.0
293 405 10.0
293 406 12.0
293 407 10.0
293 414 21.0
293 415 48.0
293 416 73.0
293 417 4.0
293 418 11.0
293 419 2.0
293 424 2.0
293 425 14.0
293 426 228.0
293 427 56.0
293 428 22.0
293 429 5.0
293 430 4.0
293 431 1.0
293 435 205.0
293 436 261.0
293 437 34.0
293 438 27.0
293 439 6.0
293 440 1.0
293 445 38.0
293 446 61.0
293 447 6.0
293 448 1.0
293 449 2.0
293 454 49.0
293 455 141.0
293 456 4.0
293 462 6.0
293 463 83.0
293 464 22.0
293 467 3.0
293 469 32.0
293 470 12.0
293 485 1.0
293 494 3.0
293 514 1.0
293 522 7.0
293 524 1.0
293 525 4.0
293 527 8.0
293 535 1.0
293 536 18.0
293 539 10.0
293 541 1.0
293 542 1.0
293 546 2.0
293 547 1.0
293 548 16.0
293 549 3.0
293 551 6.0
293 558 1.0
293 559 42.0
293 560 6.0
293 563 1.0
293 569 5.0
293 570 24.0
293 571 1.0
293 573 4.0
293 574 1.0
293 579 5.0
293 580 54.0
293 583 2.0
293 589 30.0
293 590 4.0
293 592 2.0
293 598 38.0
293 599 1.0
293 607 1.0
293 634 1.0
293 636 1.0
293 646 3.0
293 657 8.0
293 658 2.0
293 659 3.0
293 664 2.0
293 669 7.0
293 678 2.0
293 682 2.0
293 688 2.0
293 689 2.0
293 700 1.0
293 701 5.0
293 704 1.0
293 712 6.0
293 713 2.0
293 715 4.0
293 720 1.0
293 721 1.0
293 722 3.0
293 723 1.0
293 724 1.0
293 726 1.0
293 731 37.0
293 732 8.0
293 741 4.0
293 764 1.0
293 769 2.0
293 795 3.0
293 807 1.0
293 817 1.0
293 819 1.0
293 837 4.0
293 847 3.0
293 880 1.0
293 926 1.0
293 953 1.0
293 998 1.0
293 1052 1.0
294 295 519.0
294 296 73.0
294 297 28.0
294 298 4.0
294 302 9.0
294 303 551.0
294 304 4390.0
294 305 422.0
294 306 54.0
294 307 10.0
294 311 8.0
294 312 452.0
294 313 3925.0
294 314 47.0
294 315 17.0
294 316 10.0
294 319 6.0
294 320 1025.0
294 321 639.0
294 322 410.0
294 324 6.0
294 327 7.0
294 333 1.0
294 340 1.0
294 367 1.0
294 377 1.0
294 378 3.0
294 380 161.0
294 381 18.0
294 382 16.0
294 383 7.0
294 384 3.0
294 389 1.0
294 390 720.0
294 391 27.0
294 392 291.0
294 394 12.0
294 395 16.0
294 401 18.0
294 402 1185.0
294 403 1692.0
294 404 503.0
294 405 66.0
294 406 115.0
294 407 61.0
294 413 8.0
294 414 62.0
294 415 1616.0
294 416 582.0
294 417 50.0
294 418 22.0
294 419 47.0
294 424 41.0
294 425 372.0
294 426 1689.0
294 427 287.0
294 428 55.0
294 429 13.0
294 430 10.0
294 431 2.0
294 435 358.0
294 436 2834.0
294 437 185.0
294 438 113.0
294 439 84.0
294 440 8.0
294 441 2.0
294 444 69.0
294 445 20.0
294 446 626.0
294 447 586.0
294 448 201.0
294 449 91.0
294 453 53.0
294 454 22.0
294 455 1422.0
294 456 164.0
294 458 1.0
294 462 3.0
294 463 1139.0
294 464 672.0
294 466 1.0
294 469 420.0
294 470 163.0
294 472 3.0
294 485 2.0
294 492 1.0
294 494 5.0
294 502 1.0
294 514 3.0
294 516 2.0
294 522 722.0
294 524 5.0
294 525 4.0
294 526 6.0
294 527 14.0
294 528 3.0
294 529 3.0
294 534 10.0
294 535 43.0
294 536 166.0
294 537 1.0
294 538 1.0
294 539 48.0
294 540 22.0
294 541 20.0
294 542 12.0
294 546 9.0
294 547 17.0
294 548 125.0
294 549 26.0
294 551 25.0
294 557 189.0
294 558 484.0
294 559 1059.0
294 560 63.0
294 561 2.0
294 562 2.0
294 563 9.0
294 568 9.0
294 569 125.0
294 570 145.0
294 571 31.0
294 573 13.0
294 574 1.0
294 577 1.0
294 578 3.0
294 579 49.0
294 580 185.0
294 581 2.0
294 582 2.0
294 583 2.0
294 587 2.0
294 588 7.0
294 589 4.0
294 590 66.0
294 591 62.0
294 592 5.0
294 598 5.0
294 599 5.0
294 600 17.0
294 602 1.0
294 607 5.0
294 631 72.0
294 634 1.0
294 636 1.0
294 641 13.0
294 646 4.0
294 652 104.0
294 653 1.0
294 656 1.0
294 657 11.0
294 658 2.0
294 659 3.0
294 662 1.0
294 663 4.0
294 664 46.0
294 669 12.0
294 675 2.0
294 676 2.0
294 677 3.0
294 678 8.0
294 680 4.0
294 682 8.0
294 684 2.0
294 687 2.0
294 688 28.0
294 689 268.0
294 690 27.0
294 691 1.0
294 692 1.0
294 697 22.0
294 698 89.0
294 699 24.0
294 700 108.0
294 701 13.0
294 704 4.0
294 710 105.0
294 711 6.0
294 712 22.0
294 713 18.0
294 714 15.0
294 715 16.0
294 721 2.0
294 722 2.0
294 723 14.0
294 724 1.0
294 725 1.0
294 726 1.0
294 730 2.0
294 731 6.0
294 732 16.0
294 740 1.0
294 741 8.0
294 764 1.0
294 769 169.0
294 780 16.0
294 791 11.0
294 792 5.0
294 793 1.0
294 794 4.0
294 795 6.0
294 803 15.0
294 804 31.0
294 805 8.0
294 806 25.0
294 807 3.0
294 815 1.0
294 816 44.0
294 817 134.0
294 818 56.0
294 819 3.0
294 827 54.0
294 828 1.0
294 829 13.0
294 837 11.0
294 838 3.0
294 839 2.0
294 851 2.0
294 880 1.0
294 914 1.0
294 915 1.0
294 916 3.0
294 924 6.0
294 926 60.0
294 952 11.0
294 963 2.0
294 997 1.0
294 998 135.0
294 1007 4.0
294 1052 54.0
294 1058 4.0
294 1063 1.0
295 298 23.0
295 299 1.0
295 302 3.0
295 303 82.0
295 304 77.0
295 305 500.0
295 306 5.0
295 308 10.0
295 309 5.0
295 312 31.0
295 313 70.0
295 314 417.0
295 316 6.0
295 317 4.0
295 320 41.0
295 321 168.0
295 322 93.0
295 324 7.0
295 333 3.0
295 335 1.0
295 336 2.0
295 340 10.0
295 341 5.0
295 361 5.0
295 366 33.0
295 367 1.0
295 378 33.0
295 379 19.0
295 380 22.0
295 381 5.0
295 382 2.0
295 383 4.0
295 384 4.0
295 388 1.0
295 389 1.0
295 390 118.0
295 391 132.0
295 392 46.0
295 393 4.0
295 394 16.0
295 395 151.0
295 401 5.0
295 402 124.0
295 403 563.0
295 404 78.0
295 405 42.0
295 406 560.0
295 407 656.0
295 408 1.0
295 413 9.0
295 414 142.0
295 415 642.0
295 416 769.0
295 417 25.0
295 418 109.0
295 419 335.0
295 420 2.0
295 423 1.0
295 424 1.0
295 425 206.0
295 426 518.0
295 427 703.0
295 428 76.0
295 429 31.0
295 430 1.0
295 431 1.0
295 435 336.0
295 436 669.0
295 437 577.0
295 438 825.0
295 439 629.0
295 440 4.0
295 444 53.0
295 445 19.0
295 446 286.0
295 447 448.0
295 448 107.0
295 449 6.0
295 450 14.0
295 451 7.0
295 452 6.0
295 453 14.0
295 454 19.0
295 455 805.0
295 456 156.0
295 462 3.0
295 463 956.0
295 464 38.0
295 469 272.0
295 470 97.0
295 485 6.0
295 489 3.0
295 494 40.0
295 499 4.0
295 509 1.0
295 510 33.0
295 514 1.0
295 516 69.0
295 522 158.0
295 523 42.0
295 524 27.0
295 525 2.0
295 526 1.0
295 527 163.0
295 534 1.0
295 535 105.0
295 536 479.0
295 539 361.0
295 540 95.0
295 541 45.0
295 542 63.0
295 546 1.0
295 547 2.0
295 548 468.0
295 549 17.0
295 551 76.0
295 557 57.0
295 558 60.0
295 559 259.0
295 560 345.0
295 561 8.0
295 562 15.0
295 563 38.0
295 567 1.0
295 568 10.0
295 569 160.0
295 570 182.0
295 571 5.0
295 572 1.0
295 573 15.0
295 574 4.0
295 577 6.0
295 578 43.0
295 579 41.0
295 580 141.0
295 581 4.0
295 582 4.0
295 583 9.0
295 584 7.0
295 588 2.0
295 589 6.0
295 590 55.0
295 591 189.0
295 592 1.0
295 593 1.0
295 594 1.0
295 598 1.0
295 599 20.0
295 600 3.0
295 607 32.0
295 631 2.0
295 636 1.0
295 640 1.0
295 641 1.0
295 646 38.0
295 652 7.0
295 657 67.0
295 658 8.0
295 659 4.0
295 663 1.0
295 664 31.0
295 669 96.0
295 678 64.0
295 679 8.0
295 680 1.0
295 681 2.0
295 682 77.0
295 684 1.0
295 688 3.0
295 689 2.0
295 690 22.0
295 691 2.0
295 693 1.0
295 694 4.0
295 698 42.0
295 699 1.0
295 700 31.0
295 701 3.0
295 703 2.0
295 704 11.0
295 705 7.0
295 706 1.0
295 707 1.0
295 709 7.0
295 710 75.0
295 711 2.0
295 712 7.0
295 713 45.0
295 714 3.0
295 715 97.0
295 721 35.0
295 722 20.0
295 723 71.0
295 726 4.0
295 732 16.0
295 733 2.0
295 741 28.0
295 769 13.0
295 774 12.0
295 775 1.0
295 780 6.0
295 785 3.0
295 792 2.0
295 803 9.0
295 804 18.0
295 806 1.0
295 809 1.0
295 814 1.0
295 816 18.0
295 818 43.0
295 827 1.0
295 829 43.0
295 835 5.0
295 837 2.0
295 838 1.0
295 839 23.0
295 851 1.0
295 857 7.0
295 895 1.0
295 904 1.0
295 915 1.0
295 925 1.0
295 944 1.0
295 963 1.0
295 981 1.0
295 997 1.0
295 998 1.0
296 297 608.0
296 298 583.0
296 299 41.0
296 300 5.0
296 304 42.0
296 305 27.0
296 306 220.0
296 307 353.0
296 308 112.0
296 309 22.0
296 310 1.0
296 313 22.0
296 314 19.0
296 315 133.0
296 316 426.0
296 317 74.0
296 318 2.0
296 320 7.0
296 321 21.0
296 322 1.0
296 324 78.0
296 325 4.0
296 361 8.0
296 380 1.0
296 381 1.0
296 382 1.0
296 383 1.0
296 384 16.0
296 385 1.0
296 390 3.0
296 392 1.0
296 395 35.0
296 396 32.0
296 397 7.0
296 401 2.0
296 402 4.0
296 403 67.0
296 404 5.0
296 405 14.0
296 406 92.0
296 407 76.0
296 408 91.0
296 414 7.0
296 415 21.0
296 416 21.0
296 417 26.0
296 418 57.0
296 419 196.0
296 420 21.0
296 425 8.0
296 426 7.0
296 427 20.0
296 428 70.0
296 429 408.0
296 430 247.0
296 431 23.0
296 435 10.0
296 436 159.0
296 437 101.0
296 438 205.0
296 439 112.0
296 440 332.0
296 446 108.0
296 447 102.0
296 448 111.0
296 449 64.0
296 450 79.0
296 451 234.0
296 452 194.0
296 455 44.0
296 456 1.0
296 457 3.0
296 458 25.0
296 459 30.0
296 460 11.0
296 463 43.0
296 466 22.0
296 467 17.0
296 469 11.0
296 472 47.0
296 485 4.0
296 486 3.0
296 494 4.0
296 516 46.0
296 522 4.0
296 525 1.0
296 527 10.0
296 528 6.0
296 536 2.0
296 539 33.0
296 540 26.0
296 541 51.0
296 542 61.0
296 547 1.0
296 548 2.0
296 550 2.0
296 551 135.0
296 552 24.0
296 558 1.0
296 559 102.0
296 561 5.0
296 562 27.0
296 563 154.0
296 568 1.0
296 569 1.0
296 570 85.0
296 572 37.0
296 573 139.0
296 574 38.0
296 575 3.0
296 576 3.0
296 580 76.0
296 581 12.0
296 582 5.0
296 583 114.0
296 584 55.0
296 590 6.0
296 591 33.0
296 592 19.0
296 593 31.0
296 594 1.0
296 596 14.0
296 598 1.0
296 602 29.0
296 603 3.0
296 610 4.0
296 611 1.0
296 636 5.0
296 646 5.0
296 657 2.0
296 669 36.0
296 670 2.0
296 672 8.0
296 680 9.0
296 681 1.0
296 682 24.0
296 683 5.0
296 689 4.0
296 690 4.0
296 691 3.0
296 692 47.0
296 693 14.0
296 694 1.0
296 700 1.0
296 701 7.0
296 702 3.0
296 704 165.0
296 705 11.0
296 706 2.0
296 712 1.0
296 713 23.0
296 714 7.0
296 715 196.0
296 716 2.0
296 722 2.0
296 723 12.0
296 724 11.0
296 725 3.0
296 726 10.0
296 727 8.0
296 733 2.0
296 736 4.0
296 751 9.0
296 797 1.0
296 807 24.0
296 818 11.0
296 819 5.0
296 821 2.0
296 827 1.0
296 829 12.0
296 830 35.0
296 840 16.0
296 841 8.0
296 851 3.0
296 852 1.0
296 860 2.0
296 889 1.0
296 918 3.0
296 930 4.0
296 963 3.0
296 1018 3.0
297 298 906.0
297 299 85.0
297 300 25.0
297 304 4.0
297 305 5.0
297 306 81.0
297 307 3887.0
297 308 827.0
297 309 121.0
297 313 4.0
297 314 9.0
297 315 1.0
297 316 2790.0
297 317 450.0
297 320 1.0
297 321 3.0
297 322 1.0
297 324 167.0
297 325 394.0
297 328 5.0
297 333 2.0
297 340 2.0
297 361 28.0
297 370 2.0
297 371 4.0
297 380 2.0
297 381 155.0
297 382 57.0
297 383 24.0
297 384 202.0
297 390 1.0
297 392 3.0
297 393 111.0
297 394 145.0
297 395 375.0
297 396 16.0
297 401 2.0
297 402 3.0
297 403 79.0
297 404 10.0
297 405 1179.0
297 406 266.0
297 407 265.0
297 408 109.0
297 413 1.0
297 414 24.0
297 415 74.0
297 416 99.0
297 417 1646.0
297 418 691.0
297 419 2151.0
297 420 21.0
297 424 2.0
297 425 87.0
297 426 180.0
297 427 47.0
297 428 104.0
297 429 2661.0
297 430 648.0
297 431 13.0
297 435 19.0
297 436 203.0
297 437 69.0
297 438 120.0
297 439 2075.0
297 440 299.0
297 441 1.0
297 446 90.0
297 447 95.0
297 448 97.0
297 449 21.0
297 450 329.0
297 451 1017.0
297 452 861.0
297 455 37.0
297 458 11.0
297 459 146.0
297 460 101.0
297 462 3.0
297 463 34.0
297 466 26.0
297 467 474.0
297 469 9.0
297 472 90.0
297 483 1.0
297 485 4.0
297 492 1.0
297 494 6.0
297 502 1.0
297 505 14.0
297 513 1.0
297 514 7.0
297 516 339.0
297 522 2.0
297 526 24.0
297 527 81.0
297 528 51.0
297 529 3.0
297 536 1.0
297 537 11.0
297 538 9.0
297 539 77.0
297 540 205.0
297 541 219.0
297 542 141.0
297 547 4.0
297 549 87.0
297 550 3.0
297 551 73.0
297 552 19.0
297 557 1.0
297 558 1.0
297 559 84.0
297 561 14.0
297 562 9.0
297 563 314.0
297 564 3.0
297 570 109.0
297 572 3.0
297 573 45.0
297 574 93.0
297 575 7.0
297 576 6.0
297 580 115.0
297 581 1.0
297 582 1.0
297 583 48.0
297 584 135.0
297 585 2.0
297 586 1.0
297 591 6.0
297 592 5.0
297 593 2.0
297 594 57.0
297 596 36.0
297 602 10.0
297 603 9.0
297 610 32.0
297 611 7.0
297 620 1.0
297 636 7.0
297 646 2.0
297 647 2.0
297 657 1.0
297 669 45.0
297 670 34.0
297 672 41.0
297 678 2.0
297 679 5.0
297 680 28.0
297 681 22.0
297 682 73.0
297 683 16.0
297 684 78.0
297 688 1.0
297 689 1.0
297 691 7.0
297 692 2.0
297 693 25.0
297 694 21.0
297 701 7.0
297 704 18.0
297 705 17.0
297 706 14.0
297 707 3.0
297 708 1.0
297 712 2.0
297 713 21.0
297 714 5.0
297 715 38.0
297 716 2.0
297 717 8.0
297 724 2.0
297 725 4.0
297 726 30.0
297 727 5.0
297 735 2.0
297 736 9.0
297 744 5.0
297 751 1.0
297 797 2.0
297 807 1.0
297 809 21.0
297 816 1.0
297 820 1.0
297 821 4.0
297 822 12.0
297 823 10.0
297 831 2.0
297 840 4.0
297 841 4.0
297 853 1.0
297 900 1.0
297 910 1.0
297 920 21.0
297 930 3.0
297 940 1.0
297 1002 18.0
297 1018 27.0
298 299 143.0
298 300 17.0
298 305 9.0
298 306 12.0
298 307 82.0
298 308 482.0
298 309 14.0
298 314 23.0
298 316 88.0
298 317 193.0
298 324 13.0
298 325 121.0
298 340 1.0
298 341 1.0
298 361 5.0
298 380 3.0
298 381 1.0
298 384 11.0
298 385 1.0
298 392 3.0
298 394 2.0
298 395 33.0
298 396 72.0
298 397 6.0
298 402 1.0
298 403 46.0
298 404 6.0
298 405 23.0
298 406 2.0
298 407 62.0
298 408 199.0
298 414 4.0
298 415 13.0
298 416 51.0
298 417 45.0
298 418 146.0
298 419 296.0
298 420 29.0
298 424 2.0
298 425 3.0
298 426 4.0
298 427 11.0
298 428 23.0
298 429 22.0
298 430 370.0
298 431 33.0
298 435 24.0
298 436 46.0
298 437 39.0
298 438 17.0
298 439 23.0
298 440 525.0
298 441 1.0
298 445 1.0
298 446 16.0
298 447 18.0
298 448 22.0
298 449 10.0
298 450 755.0
298 451 522.0
298 452 364.0
298 454 4.0
298 455 4.0
298 458 44.0
298 459 120.0
298 460 38.0
298 462 16.0
298 463 4.0
298 466 53.0
298 467 6.0
298 469 1.0
298 472 41.0
298 494 2.0
298 516 40.0
298 522 1.0
298 527 4.0
298 528 6.0
298 537 1.0
298 539 11.0
298 540 38.0
298 541 72.0
298 542 84.0
298 547 1.0
298 549 5.0
298 551 15.0
298 552 38.0
298 559 34.0
298 561 38.0
298 562 11.0
298 563 127.0
298 564 6.0
298 570 22.0
298 572 1.0
298 573 80.0
298 574 280.0
298 575 9.0
298 576 8.0
298 580 22.0
298 581 1.0
298 582 1.0
298 583 21.0
298 584 405.0
298 585 1.0
298 586 1.0
298 590 1.0
298 591 60.0
298 592 59.0
298 593 15.0
298 594 159.0
298 595 14.0
298 596 6.0
298 602 41.0
298 603 57.0
298 604 1.0
298 610 93.0
298 636 1.0
298 646 4.0
298 657 1.0
298 669 310.0
298 670 2.0
298 672 15.0
298 681 10.0
298 682 25.0
298 683 10.0
298 684 8.0
298 688 1.0
298 691 7.0
298 692 6.0
298 693 46.0
298 694 2.0
298 701 1.0
298 704 18.0
298 705 59.0
298 706 26.0
298 707 3.0
298 712 2.0
298 713 10.0
298 714 10.0
298 715 20.0
298 716 14.0
298 717 2.0
298 723 1.0
298 724 4.0
298 725 3.0
298 726 17.0
298 727 10.0
298 735 2.0
298 736 3.0
298 744 4.0
298 751 4.0
298 765 1.0
298 785 2.0
298 797 2.0
298 809 3.0
298 816 1.0
298 821 12.0
298 822 6.0
298 823 6.0
298 831 13.0
298 832 11.0
298 833 1.0
298 840 6.0
298 841 4.0
298 930 2.0
298 939 15.0
298 940 1.0
298 948 1.0
298 1002 3.0
298 1018 5.0
299 300 124.0
299 307 15.0
299 308 164.0
299 309 10.0
299 314 1.0
299 316 26.0
299 317 2.0
299 324 74.0
299 394 1.0
299 403 8.0
299 405 4.0
299 416 2.0
299 417 7.0
299 418 2.0
299 419 1.0
299 424 1.0
299 426 1.0
299 427 1.0
299 428 2.0
299 429 2.0
299 430 3.0
299 435 4.0
299 436 3.0
299 437 5.0
299 438 1.0
299 439 2.0
299 440 1.0
299 441 1.0
299 446 4.0
299 447 2.0
299 448 6.0
299 449 53.0
299 450 47.0
299 451 3.0
299 455 2.0
299 458 15.0
299 459 6.0
299 460 2.0
299 463 1.0
299 466 15.0
299 472 10.0
299 537 1.0
299 541 5.0
299 542 5.0
299 549 2.0
299 551 3.0
299 559 7.0
299 563 4.0
299 570 4.0
299 573 3.0
299 574 11.0
299 583 2.0
299 584 26.0
299 585 1.0
299 592 8.0
299 594 6.0
299 595 1.0
299 602 4.0
299 603 9.0
299 610 12.0
299 669 17.0
299 681 3.0
299 682 1.0
299 688 1.0
299 693 1.0
299 705 2.0
299 716 1.0
299 725 3.0
299 726 4.0
299 736 1.0
299 809 1.0
299 816 1.0
299 821 1.0
300 308 101.0
300 309 10.0
300 316 14.0
300 317 1.0
300 324 63.0
300 394 1.0
300 403 1.0
300 405 1.0
300 416 4.0
300 417 1.0
300 418 1.0
300 424 1.0
300 426 1.0
300 427 1.0
300 428 1.0
300 430 2.0
300 435 1.0
300 440 1.0
300 441 23.0
300 446 1.0
300 449 42.0
300 450 30.0
300 455 1.0
300 459 8.0
300 460 5.0
300 466 6.0
300 472 9.0
300 584 2.0
300 602 8.0
300 603 2.0
300 610 12.0
300 612 3.0
300 688 1.0
300 816 1.0
302 303 30.0
302 311 9.0
302 312 12.0
302 313 36.0
302 403 1.0
302 415 5.0
302 416 2.0
302 426 5.0
302 427 1.0
302 435 1.0
302 436 2.0
302 446 5.0
302 455 35.0
302 463 30.0
302 464 1.0
302 469 7.0
302 559 1.0
302 571 1.0
302 599 3.0
302 607 3.0
303 304 282.0
303 305 7.0
303 311 5.0
303 312 308.0
303 313 170.0
303 320 8.0
303 321 152.0
303 322 10.0
303 327 6.0
303 380 14.0
303 381 2.0
303 382 5.0
303 383 1.0
303 390 23.0
303 391 1.0
303 392 48.0
303 401 2.0
303 402 28.0
303 403 34.0
303 404 68.0
303 405 3.0
303 406 50.0
303 414 6.0
303 415 83.0
303 416 40.0
303 418 1.0
303 424 4.0
303 425 49.0
303 426 45.0
303 427 14.0
303 428 22.0
303 436 64.0
303 437 77.0
303 438 52.0
303 439 2.0
303 444 63.0
303 445 72.0
303 446 97.0
303 447 4.0
303 448 1.0
303 453 96.0
303 454 30.0
303 455 132.0
303 463 76.0
303 469 31.0
303 522 23.0
303 526 2.0
303 535 1.0
303 536 4.0
303 539 1.0
303 541 1.0
303 542 1.0
303 546 1.0
303 547 2.0
303 548 1.0
303 551 2.0
303 558 2.0
303 559 22.0
303 568 2.0
303 569 24.0
303 570 1.0
303 573 1.0
303 578 12.0
303 579 21.0
303 580 14.0
303 588 18.0
303 589 53.0
303 590 1.0
303 591 1.0
303 598 19.0
303 600 3.0
303 607 3.0
303 631 1.0
303 652 2.0
303 664 2.0
303 688 1.0
303 689 3.0
303 698 2.0
303 700 11.0
303 701 1.0
303 711 24.0
303 712 4.0
303 715 3.0
303 720 2.0
303 721 43.0
303 722 7.0
303 723 3.0
303 731 27.0
303 732 8.0
303 741 8.0
303 769 9.0
303 804 1.0
303 817 2.0
303 827 1.0
303 837 24.0
303 838 12.0
303 847 3.0
303 848 2.0
303 857 1.0
303 926 1.0
303 936 3.0
303 945 4.0
303 953 2.0
303 998 2.0
303 1015 1.0
303 1052 2.0
304 305 145.0
304 307 3.0
304 312 1046.0
304 313 4937.0
304 314 10.0
304 316 4.0
304 317 1.0
304 319 5.0
304 320 421.0
304 321 577.0
304 322 252.0
304 327 20.0
304 340 1.0
304 377 1.0
304 380 61.0
304 381 2.0
304 382 5.0
304 383 3.0
304 384 1.0
304 389 1.0
304 390 113.0
304 391 6.0
304 392 109.0
304 395 6.0
304 401 7.0
304 402 556.0
304 403 1592.0
304 404 181.0
304 405 14.0
304 406 529.0
304 407 19.0
304 413 3.0
304 414 45.0
304 415 1858.0
304 416 235.0
304 417 8.0
304 418 48.0
304 419 5.0
304 423 1.0
304 424 17.0
304 425 209.0
304 426 1421.0
304 427 119.0
304 428 95.0
304 429 4.0
304 430 5.0
304 431 2.0
304 435 3.0
304 436 3345.0
304 437 847.0
304 438 624.0
304 439 48.0
304 440 1.0
304 441 2.0
304 444 85.0
304 445 127.0
304 446 523.0
304 447 209.0
304 448 9.0
304 449 1.0
304 453 295.0
304 454 613.0
304 455 773.0
304 456 112.0
304 458 1.0
304 462 4.0
304 463 595.0
304 464 644.0
304 466 1.0
304 469 216.0
304 470 54.0
304 485 3.0
304 494 5.0
304 516 1.0
304 522 111.0
304 524 2.0
304 526 2.0
304 527 16.0
304 528 1.0
304 529 1.0
304 534 4.0
304 535 23.0
304 536 53.0
304 539 16.0
304 540 7.0
304 541 16.0
304 542 12.0
304 546 20.0
304 547 16.0
304 548 33.0
304 549 1.0
304 551 62.0
304 557 71.0
304 558 158.0
304 559 674.0
304 560 11.0
304 562 16.0
304 563 9.0
304 568 25.0
304 569 93.0
304 570 339.0
304 571 15.0
304 572 1.0
304 573 8.0
304 577 1.0
304 578 20.0
304 579 35.0
304 580 62.0
304 581 2.0
304 582 2.0
304 583 6.0
304 587 3.0
304 588 38.0
304 589 1019.0
304 590 48.0
304 591 15.0
304 592 1.0
304 593 1.0
304 598 238.0
304 599 4.0
304 600 3.0
304 607 7.0
304 631 5.0
304 636 1.0
304 646 4.0
304 647 1.0
304 652 7.0
304 653 1.0
304 657 9.0
304 662 1.0
304 663 2.0
304 664 8.0
304 669 12.0
304 676 2.0
304 677 2.0
304 678 4.0
304 680 4.0
304 682 7.0
304 688 23.0
304 689 270.0
304 690 14.0
304 697 15.0
304 698 57.0
304 699 12.0
304 700 56.0
304 701 18.0
304 704 6.0
304 705 2.0
304 710 40.0
304 711 333.0
304 712 34.0
304 713 6.0
304 714 6.0
304 715 43.0
304 720 2.0
304 721 786.0
304 722 50.0
304 723 46.0
304 725 2.0
304 726 3.0
304 730 2.0
304 731 199.0
304 732 16.0
304 740 1.0
304 741 8.0
304 769 35.0
304 774 3.0
304 780 1.0
304 791 6.0
304 792 7.0
304 793 6.0
304 794 2.0
304 795 2.0
304 803 9.0
304 804 34.0
304 805 6.0
304 806 54.0
304 807 1.0
304 815 1.0
304 816 32.0
304 817 135.0
304 818 79.0
304 819 1.0
304 826 23.0
304 827 29.0
304 828 1.0
304 829 30.0
304 836 13.0
304 837 446.0
304 838 195.0
304 839 1.0
304 847 80.0
304 848 66.0
304 857 1.0
304 864 1.0
304 895 1.0
304 906 2.0
304 914 1.0
304 916 3.0
304 924 2.0
304 925 8.0
304 926 61.0
304 936 15.0
304 944 12.0
304 945 59.0
304 952 25.0
304 953 17.0
304 980 1.0
304 981 1.0
304 988 5.0
304 989 2.0
304 998 134.0
304 1007 4.0
304 1015 4.0
304 1022 3.0
304 1023 6.0
304 1045 4.0
304 1052 52.0
304 1058 4.0
304 1063 1.0
305 308 4.0
305 309 3.0
305 312 2.0
305 313 195.0
305 314 505.0
305 317 3.0
305 320 51.0
305 321 312.0
305 322 28.0
305 324 2.0
305 340 1.0
305 379 6.0
305 380 18.0
305 390 84.0
305 391 7.0
305 392 35.0
305 393 1.0
305 395 4.0
305 401 5.0
305 402 85.0
305 403 323.0
305 404 43.0
305 405 10.0
305 406 265.0
305 407 46.0
305 408 5.0
305 414 36.0
305 415 298.0
305 416 312.0
305 417 5.0
305 418 7.0
305 419 38.0
305 420 1.0
305 425 10.0
305 426 228.0
305 427 24.0
305 428 20.0
305 429 3.0
305 435 22.0
305 436 658.0
305 437 235.0
305 438 503.0
305 439 61.0
305 440 14.0
305 444 4.0
305 445 54.0
305 446 233.0
305 447 430.0
305 448 21.0
305 449 3.0
305 450 6.0
305 451 4.0
305 452 4.0
305 453 27.0
305 454 5.0
305 455 60.0
305 456 194.0
305 458 1.0
305 462 1.0
305 463 68.0
305 466 1.0
305 469 8.0
305 494 1.0
305 522 83.0
305 524 6.0
305 525 1.0
305 526 1.0
305 527 3.0
305 536 177.0
305 539 31.0
305 540 35.0
305 541 64.0
305 542 29.0
305 547 5.0
305 548 103.0
305 549 1.0
305 551 146.0
305 557 42.0
305 558 58.0
305 559 219.0
305 560 32.0
305 561 1.0
305 562 7.0
305 563 31.0
305 568 2.0
305 569 17.0
305 570 188.0
305 571 8.0
305 573 132.0
305 574 1.0
305 577 4.0
305 578 1.0
305 579 2.0
305 580 149.0
305 581 1.0
305 582 2.0
305 583 112.0
305 584 2.0
305 588 14.0
305 589 40.0
305 590 65.0
305 591 83.0
305 592 80.0
305 594 1.0
305 599 3.0
305 631 10.0
305 641 2.0
305 646 1.0
305 652 10.0
305 657 2.0
305 664 2.0
305 669 4.0
305 670 3.0
305 678 21.0
305 681 2.0
305 682 32.0
305 683 6.0
305 684 6.0
305 688 3.0
305 690 7.0
305 694 7.0
305 698 8.0
305 699 1.0
305 700 2.0
305 701 20.0
305 704 13.0
305 710 9.0
305 711 4.0
305 712 7.0
305 713 22.0
305 714 6.0
305 715 114.0
305 721 2.0
305 722 16.0
305 723 90.0
305 731 3.0
305 732 1.0
305 741 1.0
305 769 23.0
305 774 1.0
305 784 1.0
305 785 1.0
305 797 1.0
305 806 12.0
305 809 1.0
305 818 90.0
305 827 1.0
305 829 91.0
305 837 1.0
305 838 1.0
305 839 9.0
305 846 1.0
305 848 11.0
305 945 1.0
305 952 1.0
305 953 1.0
306 309 2.0
306 310 1.0
306 315 128.0
306 316 18.0
306 317 5.0
306 318 2.0
306 324 109.0
306 361 5.0
306 370 3.0
306 380 1.0
306 381 31.0
306 382 10.0
306 384 2.0
306 392 1.0
306 393 32.0
306 394 2.0
306 395 14.0
306 403 3.0
306 404 1.0
306 405 50.0
306 406 12.0
306 407 94.0
306 408 1.0
306 415 1.0
306 417 59.0
306 418 25.0
306 419 117.0
306 425 1.0
306 426 1.0
306 427 1.0
306 428 6.0
306 429 112.0
306 430 16.0
306 436 7.0
306 437 8.0
306 438 18.0
306 439 209.0
306 440 7.0
306 446 3.0
306 447 2.0
306 448 19.0
306 449 10.0
306 450 14.0
306 451 8.0
306 452 8.0
306 455 2.0
306 458 1.0
306 459 5.0
306 463 2.0
306 466 7.0
306 467 2.0
306 469 1.0
306 472 54.0
306 492 1.0
306 494 1.0
306 502 1.0
306 514 2.0
306 516 7.0
306 524 2.0
306 525 4.0
306 526 11.0
306 527 5.0
306 528 1.0
306 535 2.0
306 539 36.0
306 540 17.0
306 541 11.0
306 542 21.0
306 551 38.0
306 559 1.0
306 563 24.0
306 570 2.0
306 572 2.0
306 573 6.0
306 574 2.0
306 580 1.0
306 583 47.0
306 591 3.0
306 592 1.0
306 593 4.0
306 602 3.0
306 603 1.0
306 610 6.0
306 611 4.0
306 669 1.0
306 670 4.0
306 682 19.0
306 683 1.0
306 694 3.0
306 704 9.0
306 706 2.0
306 713 1.0
306 714 1.0
306 715 2.0
306 724 1.0
306 751 3.0
306 784 1.0
306 785 1.0
306 797 1.0
306 807 1.0
307 308 84.0
307 313 1.0
307 314 1.0
307 316 6463.0
307 317 418.0
307 318 1.0
307 321 1.0
307 322 1.0
307 324 1100.0
307 325 552.0
307 333 1.0
307 340 10.0
307 361 19.0
307 370 3.0
307 381 96.0
307 382 35.0
307 383 15.0
307 384 377.0
307 390 1.0
307 393 17.0
307 394 89.0
307 395 779.0
307 396 1.0
307 402 1.0
307 403 12.0
307 404 1.0
307 405 768.0
307 406 122.0
307 407 608.0
307 408 14.0
307 415 2.0
307 416 5.0
307 417 980.0
307 418 622.0
307 419 3188.0
307 420 13.0
307 425 57.0
307 426 143.0
307 427 27.0
307 428 31.0
307 429 3597.0
307 430 496.0
307 431 9.0
307 435 3.0
307 436 28.0
307 437 9.0
307 438 29.0
307 439 4403.0
307 440 116.0
307 446 61.0
307 447 9.0
307 448 24.0
307 449 225.0
307 450 29.0
307 451 34.0
307 452 13.0
307 455 11.0
307 457 3.0
307 458 50.0
307 459 119.0
307 460 99.0
307 462 1.0
307 463 11.0
307 466 212.0
307 467 522.0
307 468 7.0
307 469 2.0
307 472 5.0
307 485 12.0
307 494 22.0
307 505 33.0
307 514 4.0
307 516 594.0
307 522 1.0
307 526 19.0
307 527 234.0
307 528 24.0
307 529 2.0
307 536 1.0
307 537 6.0
307 538 10.0
307 539 264.0
307 540 89.0
307 541 99.0
307 542 94.0
307 549 59.0
307 550 14.0
307 551 90.0
307 559 10.0
307 561 41.0
307 562 28.0
307 563 226.0
307 570 19.0
307 572 29.0
307 573 192.0
307 574 12.0
307 580 3.0
307 583 155.0
307 584 32.0
307 585 1.0
307 590 2.0
307 591 11.0
307 592 19.0
307 593 16.0
307 594 50.0
307 602 24.0
307 603 2.0
307 610 36.0
307 611 5.0
307 636 5.0
307 646 12.0
307 657 1.0
307 668 1.0
307 669 6.0
307 670 15.0
307 672 46.0
307 677 2.0
307 678 2.0
307 679 7.0
307 680 44.0
307 681 12.0
307 682 62.0
307 683 5.0
307 684 16.0
307 689 3.0
307 690 1.0
307 691 9.0
307 692 29.0
307 693 8.0
307 694 11.0
307 704 131.0
307 705 16.0
307 706 8.0
307 707 3.0
307 708 1.0
307 713 5.0
307 714 6.0
307 715 96.0
307 716 1.0
307 717 5.0
307 724 5.0
307 725 8.0
307 726 24.0
307 727 2.0
307 736 10.0
307 744 9.0
307 751 3.0
307 785 1.0
307 797 1.0
307 807 7.0
307 809 10.0
307 820 2.0
307 821 3.0
307 822 11.0
307 823 9.0
307 830 9.0
307 831 1.0
307 832 5.0
307 840 6.0
307 841 2.0
307 853 1.0
307 860 3.0
307 900 1.0
307 910 1.0
307 920 10.0
307 930 2.0
307 947 2.0
307 955 2.0
307 963 3.0
307 1002 9.0
307 1018 15.0
308 309 65.0
308 314 10.0
308 316 133.0
308 317 110.0
308 324 109.0
308 325 4.0
308 361 5.0
308 381 14.0
308 382 3.0
308 393 1.0
308 394 1.0
308 403 10.0
308 405 133.0
308 406 93.0
308 407 7.0
308 408 4.0
308 414 1.0
308 415 1.0
308 416 29.0
308 417 248.0
308 418 59.0
308 419 9.0
308 420 2.0
308 424 2.0
308 425 2.0
308 426 5.0
308 427 8.0
308 428 11.0
308 429 85.0
308 430 14.0
308 431 2.0
308 435 9.0
308 436 5.0
308 437 15.0
308 438 2.0
308 439 16.0
308 440 4.0
308 446 3.0
308 448 3.0
308 449 35.0
308 450 365.0
308 451 723.0
308 452 703.0
308 455 3.0
308 458 4.0
308 459 24.0
308 460 3.0
308 462 4.0
308 466 32.0
308 467 1.0
308 472 2.0
308 540 3.0
308 541 2.0
308 542 2.0
308 549 1.0
308 551 5.0
308 559 6.0
308 561 7.0
308 562 3.0
308 563 11.0
308 564 2.0
308 570 7.0
308 573 3.0
308 574 118.0
308 575 2.0
308 576 1.0
308 580 1.0
308 583 1.0
308 584 219.0
308 585 1.0
308 591 2.0
308 592 3.0
308 593 2.0
308 594 86.0
308 595 9.0
308 596 2.0
308 602 17.0
308 603 37.0
308 610 51.0
308 611 1.0
308 669 139.0
308 681 11.0
308 682 3.0
308 688 1.0
308 691 5.0
308 693 31.0
308 704 2.0
308 705 48.0
308 706 7.0
308 707 7.0
308 713 1.0
308 714 2.0
308 716 11.0
308 717 3.0
308 726 21.0
308 727 1.0
308 736 3.0
308 797 1.0
308 809 3.0
308 816 1.0
308 820 2.0
308 821 3.0
308 840 1.0
308 939 2.0
309 310 3.0
309 314 5.0
309 316 10.0
309 317 21.0
309 318 2.0
309 324 13.0
309 394 2.0
309 395 1.0
309 403 1.0
309 406 1.0
309 407 1.0
309 416 9.0
309 418 4.0
309 419 3.0
309 427 2.0
309 428 4.0
309 429 5.0
309 430 1.0
309 435 3.0
309 440 10.0
309 449 2.0
309 450 2.0
309 451 213.0
309 452 141.0
309 458 9.0
309 459 23.0
309 460 13.0
309 462 3.0
309 466 6.0
309 472 11.0
309 527 1.0
309 537 1.0
309 541 1.0
309 542 1.0
309 549 3.0
309 551 1.0
309 559 1.0
309 561 3.0
309 563 1.0
309 574 2.0
309 584 1.0
309 585 4.0
309 596 44.0
309 602 1.0
309 610 7.0
309 682 1.0
309 691 1.0
309 726 1.0
309 727 1.0
309 744 1.0
310 317 3.0
310 318 1.0
310 324 2.0
310 459 1.0
310 472 1.0
310 610 1.0
311 312 6.0
311 313 1.0
311 319 5.0
311 380 1.0
311 392 1.0
311 403 1.0
311 404 1.0
311 416 1.0
311 425 1.0
311 426 28.0
311 435 37.0
311 436 2.0
311 445 12.0
311 446 25.0
311 454 17.0
311 455 11.0
311 462 34.0
311 559 5.0
311 571 1.0
311 588 1.0
311 598 4.0
312 313 811.0
312 319 10.0
312 320 33.0
312 321 290.0
312 322 8.0
312 327 6.0
312 378 1.0
312 380 27.0
312 381 1.0
312 390 16.0
312 391 3.0
312 392 27.0
312 394 1.0
312 402 28.0
312 403 92.0
312 404 89.0
312 405 2.0
312 406 5.0
312 407 5.0
312 413 1.0
312 414 36.0
312 415 215.0
312 416 43.0
312 417 2.0
312 419 4.0
312 424 3.0
312 425 82.0
312 426 217.0
312 427 14.0
312 428 2.0
312 429 1.0
312 430 2.0
312 435 14.0
312 436 429.0
312 437 49.0
312 438 9.0
312 439 10.0
312 444 2.0
312 445 39.0
312 446 30.0
312 447 22.0
312 448 6.0
312 453 4.0
312 454 1339.0
312 455 78.0
312 456 3.0
312 462 10.0
312 463 33.0
312 464 7.0
312 469 20.0
312 470 7.0
312 522 15.0
312 534 1.0
312 535 4.0
312 536 9.0
312 539 3.0
312 541 1.0
312 542 1.0
312 546 1.0
312 547 2.0
312 548 7.0
312 549 1.0
312 551 7.0
312 556 3.0
312 557 4.0
312 558 18.0
312 559 48.0
312 560 12.0
312 562 2.0
312 567 1.0
312 568 23.0
312 569 100.0
312 570 8.0
312 571 1.0
312 578 2.0
312 579 137.0
312 580 23.0
312 589 963.0
312 590 10.0
312 591 20.0
312 592 1.0
312 598 793.0
312 599 1.0
312 607 5.0
312 664 3.0
312 679 1.0
312 682 3.0
312 686 1.0
312 687 1.0
312 688 1.0
312 689 3.0
312 690 5.0
312 697 2.0
312 698 5.0
312 699 1.0
312 700 16.0
312 701 10.0
312 710 2.0
312 711 122.0
312 712 23.0
312 713 5.0
312 714 1.0
312 715 1.0
312 720 9.0
312 721 620.0
312 722 33.0
312 723 18.0
312 730 5.0
312 731 678.0
312 732 140.0
312 740 3.0
312 741 6.0
312 769 8.0
312 780 1.0
312 792 10.0
312 793 16.0
312 804 69.0
312 816 64.0
312 817 2.0
312 818 10.0
312 826 18.0
312 827 66.0
312 829 4.0
312 836 4.0
312 837 312.0
312 838 107.0
312 839 1.0
312 847 189.0
312 848 39.0
312 856 14.0
312 863 24.0
312 864 1.0
312 906 15.0
312 925 2.0
312 926 1.0
312 934 2.0
312 936 4.0
312 944 6.0
312 945 25.0
312 952 8.0
312 953 22.0
312 988 1.0
312 989 16.0
312 998 2.0
312 1015 1.0
312 1045 1.0
312 1052 2.0
313 314 51.0
313 316 1.0
313 319 12.0
313 320 1063.0
313 321 1138.0
313 322 267.0
313 327 22.0
313 377 1.0
313 380 20.0
313 389 1.0
313 390 347.0
313 391 3.0
313 392 28.0
313 395 3.0
313 401 13.0
313 402 812.0
313 403 1345.0
313 404 50.0
313 405 7.0
313 406 245.0
313 407 7.0
313 413 3.0
313 414 65.0
313 415 1792.0
313 416 161.0
313 417 6.0
313 418 19.0
313 419 5.0
313 424 10.0
313 425 344.0
313 426 1828.0
313 427 69.0
313 428 33.0
313 429 4.0
313 430 2.0
313 431 2.0
313 435 68.0
313 436 4235.0
313 437 433.0
313 438 295.0
313 439 28.0
313 440 1.0
313 441 1.0
313 444 5.0
313 445 75.0
313 446 633.0
313 447 75.0
313 448 1.0
313 449 1.0
313 453 8.0
313 454 681.0
313 455 383.0
313 456 13.0
313 458 1.0
313 462 35.0
313 463 245.0
313 464 654.0
313 466 1.0
313 469 77.0
313 470 9.0
313 516 1.0
313 522 348.0
313 527 4.0
313 534 3.0
313 535 35.0
313 536 36.0
313 538 1.0
313 539 7.0
313 540 5.0
313 541 10.0
313 542 9.0
313 546 10.0
313 547 46.0
313 548 21.0
313 549 2.0
313 551 39.0
313 557 40.0
313 558 146.0
313 559 483.0
313 560 36.0
313 562 4.0
313 563 6.0
313 567 1.0
313 568 5.0
313 569 84.0
313 570 263.0
313 571 23.0
313 573 12.0
313 577 1.0
313 578 5.0
313 579 133.0
313 580 75.0
313 581 2.0
313 582 2.0
313 583 5.0
313 588 7.0
313 589 171.0
313 590 23.0
313 591 8.0
313 592 1.0
313 593 1.0
313 598 551.0
313 599 5.0
313 607 9.0
313 631 31.0
313 641 5.0
313 652 43.0
313 653 1.0
313 657 1.0
313 662 1.0
313 663 2.0
313 664 15.0
313 669 3.0
313 676 3.0
313 677 3.0
313 678 2.0
313 680 4.0
313 681 1.0
313 682 5.0
313 688 22.0
313 689 302.0
313 690 16.0
313 693 1.0
313 697 13.0
313 698 31.0
313 699 12.0
313 700 24.0
313 701 23.0
313 702 1.0
313 704 4.0
313 710 24.0
313 711 39.0
313 712 28.0
313 713 19.0
313 714 20.0
313 715 25.0
313 720 3.0
313 721 107.0
313 722 10.0
313 723 7.0
313 724 1.0
313 725 2.0
313 726 4.0
313 730 3.0
313 731 429.0
313 732 9.0
313 740 3.0
313 741 7.0
313 769 95.0
313 780 2.0
313 785 1.0
313 791 8.0
313 792 4.0
313 793 2.0
313 794 1.0
313 797 1.0
313 803 10.0
313 804 6.0
313 805 7.0
313 806 22.0
313 809 1.0
313 815 1.0
313 816 14.0
313 817 144.0
313 818 47.0
313 826 3.0
313 827 13.0
313 828 1.0
313 829 5.0
313 830 1.0
313 836 7.0
313 837 36.0
313 838 9.0
313 846 2.0
313 847 39.0
313 848 26.0
313 856 14.0
313 863 24.0
313 914 1.0
313 916 3.0
313 924 2.0
313 925 1.0
313 926 72.0
313 934 1.0
313 936 1.0
313 944 1.0
313 945 1.0
313 952 11.0
313 953 6.0
313 981 1.0
313 998 139.0
313 1007 12.0
313 1015 1.0
313 1052 54.0
313 1058 6.0
313 1063 1.0
314 316 4.0
314 317 6.0
314 321 231.0
314 322 27.0
314 324 3.0
314 341 1.0
314 379 9.0
314 380 7.0
314 390 3.0
314 391 7.0
314 392 17.0
314 393 1.0
314 395 2.0
314 401 1.0
314 402 6.0
314 403 169.0
314 404 16.0
314 405 5.0
314 406 4.0
314 407 16.0
314 414 5.0
314 415 170.0
314 416 234.0
314 418 6.0
314 419 12.0
314 420 1.0
314 425 2.0
314 426 34.0
314 427 15.0
314 428 3.0
314 429 4.0
314 430 1.0
314 431 1.0
314 435 17.0
314 436 201.0
314 437 48.0
314 438 28.0
314 439 22.0
314 440 4.0
314 445 4.0
314 446 317.0
314 447 77.0
314 448 8.0
314 449 1.0
314 450 14.0
314 451 8.0
314 452 7.0
314 454 2.0
314 455 13.0
314 456 89.0
314 463 3.0
314 469 2.0
314 494 2.0
314 522 2.0
314 524 6.0
314 525 1.0
314 527 4.0
314 536 165.0
314 539 14.0
314 540 3.0
314 541 12.0
314 542 9.0
314 547 4.0
314 548 100.0
314 549 1.0
314 551 17.0
314 557 1.0
314 558 3.0
314 559 21.0
314 560 23.0
314 563 11.0
314 569 1.0
314 570 36.0
314 573 26.0
314 574 4.0
314 580 63.0
314 583 24.0
314 584 7.0
314 590 58.0
314 591 14.0
314 592 10.0
314 594 1.0
314 599 6.0
314 600 2.0
314 607 5.0
314 646 2.0
314 657 3.0
314 669 8.0
314 678 17.0
314 681 1.0
314 690 3.0
314 693 1.0
314 694 1.0
314 701 6.0
314 704 1.0
314 712 6.0
314 713 4.0
314 715 3.0
314 723 14.0
314 732 1.0
314 741 1.0
314 806 6.0
314 818 13.0
314 829 13.0
314 839 4.0
314 945 2.0
315 316 6.0
315 324 86.0
315 405 1.0
315 406 6.0
315 417 2.0
315 418 9.0
315 419 5.0
315 428 6.0
315 429 46.0
315 430 9.0
315 438 9.0
315 439 7.0
315 449 12.0
315 457 1.0
315 458 6.0
315 466 6.0
315 472 46.0
315 551 2.0
315 563 1.0
315 572 2.0
315 573 2.0
315 583 5.0
315 584 1.0
315 591 1.0
315 592 1.0
315 593 5.0
315 602 3.0
315 680 1.0
315 692 1.0
315 704 7.0
315 713 1.0
315 714 1.0
315 727 1.0
315 751 2.0
315 830 1.0
316 317 764.0
316 321 1.0
316 322 1.0
316 324 1906.0
316 325 387.0
316 333 2.0
316 340 3.0
316 348 1.0
316 361 12.0
316 367 1.0
316 370 6.0
316 380 9.0
316 381 61.0
316 382 33.0
316 383 13.0
316 384 360.0
316 390 1.0
316 392 2.0
316 393 86.0
316 394 21.0
316 395 761.0
316 396 2.0
316 402 1.0
316 403 20.0
316 404 3.0
316 405 328.0
316 406 100.0
316 407 644.0
316 408 20.0
316 414 1.0
316 415 8.0
316 416 5.0
316 417 447.0
316 418 1067.0
316 419 3238.0
316 420 26.0
316 425 34.0
316 426 62.0
316 427 11.0
316 428 32.0
316 429 3457.0
316 430 546.0
316 431 19.0
316 435 2.0
316 436 43.0
316 437 35.0
316 438 76.0
316 439 4941.0
316 440 131.0
316 441 46.0
316 446 66.0
316 447 11.0
316 448 22.0
316 449 387.0
316 450 256.0
316 451 60.0
316 452 37.0
316 455 11.0
316 456 1.0
316 457 2.0
316 458 12.0
316 459 266.0
316 460 72.0
316 463 11.0
316 466 425.0
316 467 507.0
316 469 4.0
316 472 1.0
316 485 7.0
316 494 13.0
316 504 1.0
316 505 36.0
316 513 1.0
316 514 3.0
316 516 579.0
316 522 1.0
316 526 28.0
316 527 235.0
316 528 30.0
316 529 1.0
316 536 1.0
316 537 12.0
316 538 10.0
316 539 282.0
316 540 93.0
316 541 91.0
316 542 96.0
316 549 22.0
316 550 16.0
316 551 98.0
316 559 13.0
316 561 44.0
316 562 30.0
316 563 221.0
316 570 23.0
316 572 29.0
316 573 206.0
316 574 40.0
316 580 5.0
316 581 1.0
316 583 185.0
316 584 158.0
316 585 1.0
316 590 3.0
316 591 15.0
316 592 21.0
316 593 12.0
316 594 318.0
316 595 22.0
316 596 5.0
316 602 139.0
316 603 25.0
316 610 197.0
316 611 6.0
316 636 8.0
316 644 1.0
316 646 12.0
316 647 1.0
316 656 1.0
316 657 11.0
316 668 5.0
316 669 14.0
316 670 20.0
316 672 48.0
316 677 2.0
316 678 2.0
316 679 4.0
316 680 46.0
316 681 26.0
316 682 80.0
316 683 7.0
316 684 10.0
316 689 3.0
316 690 1.0
316 691 10.0
316 692 30.0
316 693 20.0
316 694 15.0
316 695 2.0
316 696 3.0
316 704 137.0
316 705 19.0
316 706 22.0
316 707 18.0
316 708 8.0
316 713 5.0
316 714 7.0
316 715 110.0
316 716 2.0
316 717 30.0
316 722 1.0
316 724 9.0
316 725 9.0
316 726 118.0
316 727 6.0
316 733 1.0
316 735 1.0
316 736 45.0
316 744 23.0
316 751 2.0
316 765 8.0
316 785 14.0
316 797 21.0
316 807 8.0
316 809 34.0
316 819 1.0
316 820 1.0
316 821 1.0
316 822 10.0
316 823 6.0
316 830 10.0
316 832 6.0
316 840 7.0
316 841 2.0
316 842 4.0
316 851 1.0
316 853 2.0
316 860 5.0
316 880 1.0
316 900 5.0
316 910 1.0
316 920 12.0
316 947 2.0
316 955 2.0
316 963 2.0
316 978 1.0
316 993 2.0
316 1002 10.0
316 1018 15.0
317 318 4.0
317 324 80.0
317 325 117.0
317 340 1.0
317 361 4.0
317 380 1.0
317 384 13.0
317 392 1.0
317 394 5.0
317 395 32.0
317 396 3.0
317 403 11.0
317 404 1.0
317 405 48.0
317 406 10.0
317 407 26.0
317 408 55.0
317 414 1.0
317 415 4.0
317 417 65.0
317 418 259.0
317 419 150.0
317 420 41.0
317 425 12.0
317 426 16.0
317 427 1.0
317 428 2.0
317 429 239.0
317 430 201.0
317 431 18.0
317 436 12.0
317 437 21.0
317 438 31.0
317 439 110.0
317 440 194.0
317 441 28.0
317 446 6.0
317 447 2.0
317 448 2.0
317 449 7.0
317 450 301.0
317 451 20.0
317 452 5.0
317 455 1.0
317 456 1.0
317 458 5.0
317 459 405.0
317 460 144.0
317 463 1.0
317 466 111.0
317 467 40.0
317 468 3.0
317 472 1.0
317 485 1.0
317 494 2.0
317 505 4.0
317 516 26.0
317 527 9.0
317 528 3.0
317 539 8.0
317 540 6.0
317 541 8.0
317 542 11.0
317 550 3.0
317 551 2.0
317 552 12.0
317 559 8.0
317 561 13.0
317 562 3.0
317 563 12.0
317 570 7.0
317 573 1.0
317 574 36.0
317 580 1.0
317 583 1.0
317 584 219.0
317 585 1.0
317 590 1.0
317 591 4.0
317 592 2.0
317 594 345.0
317 595 13.0
317 596 4.0
317 602 50.0
317 603 12.0
317 610 74.0
317 611 1.0
317 636 1.0
317 646 7.0
317 657 7.0
317 668 3.0
317 669 21.0
317 672 5.0
317 680 5.0
317 681 19.0
317 682 2.0
317 683 1.0
317 684 2.0
317 691 3.0
317 692 5.0
317 693 42.0
317 695 1.0
317 696 3.0
317 704 3.0
317 705 21.0
317 706 18.0
317 707 11.0
317 708 6.0
317 713 1.0
317 714 1.0
317 717 22.0
317 726 109.0
317 727 4.0
317 736 45.0
317 744 5.0
317 765 6.0
317 785 9.0
317 797 12.0
317 809 18.0
317 821 1.0
317 822 7.0
317 823 2.0
317 831 1.0
317 832 2.0
317 840 2.0
317 842 4.0
317 853 2.0
317 860 1.0
317 900 3.0
317 910 1.0
317 920 1.0
317 939 1.0
317 963 1.0
317 978 1.0
317 1002 1.0
317 1018 2.0
318 324 4.0
318 325 2.0
318 419 1.0
318 429 1.0
318 439 1.0
318 448 1.0
318 592 1.0
319 320 5.0
319 380 4.0
319 392 4.0
319 403 2.0
319 404 5.0
319 415 4.0
319 425 7.0
319 426 25.0
319 429 1.0
319 435 56.0
319 445 17.0
319 446 31.0
319 454 24.0
319 455 24.0
319 462 57.0
319 551 1.0
319 558 1.0
319 559 7.0
319 562 1.0
319 569 1.0
319 573 2.0
319 583 1.0
319 598 1.0
319 599 1.0
319 682 1.0
319 732 1.0
320 321 6.0
320 378 1.0
320 380 8.0
320 390 183.0
320 391 2.0
320 392 10.0
320 394 1.0
320 395 1.0
320 396 1.0
320 402 189.0
320 403 159.0
320 404 25.0
320 405 4.0
320 406 59.0
320 407 3.0
320 408 2.0
320 414 2.0
320 415 151.0
320 416 66.0
320 417 2.0
320 418 4.0
320 419 1.0
320 424 1.0
320 425 22.0
320 426 128.0
320 427 26.0
320 428 31.0
320 429 1.0
320 435 10.0
320 436 306.0
320 437 129.0
320 438 68.0
320 445 3.0
320 446 92.0
320 447 13.0
320 454 4.0
320 455 79.0
320 456 5.0
320 463 1.0
320 464 1.0
320 469 1.0
320 522 188.0
320 524 1.0
320 535 6.0
320 536 12.0
320 538 1.0
320 539 1.0
320 540 1.0
320 541 2.0
320 542 2.0
320 546 1.0
320 547 2.0
320 548 10.0
320 549 2.0
320 551 6.0
320 557 4.0
320 558 14.0
320 559 83.0
320 560 9.0
320 562 4.0
320 563 2.0
320 568 1.0
320 569 12.0
320 570 30.0
320 571 3.0
320 573 6.0
320 580 10.0
320 581 1.0
320 582 1.0
320 583 2.0
320 588 1.0
320 590 9.0
320 591 2.0
320 593 1.0
320 598 1.0
320 599 1.0
320 607 1.0
320 631 19.0
320 641 4.0
320 652 26.0
320 664 1.0
320 677 1.0
320 678 1.0
320 681 1.0
320 682 1.0
320 688 1.0
320 689 4.0
320 690 2.0
320 693 1.0
320 698 4.0
320 701 2.0
320 704 1.0
320 710 6.0
320 711 8.0
320 712 1.0
320 714 1.0
320 715 13.0
320 725 2.0
320 726 2.0
320 731 1.0
320 732 3.0
320 741 1.0
320 769 51.0
320 805 1.0
320 816 1.0
320 817 2.0
320 830 1.0
320 837 7.0
320 838 1.0
320 847 1.0
320 952 3.0
320 998 2.0
320 1052 2.0
321 322 299.0
321 327 26.0
321 390 7.0
321 391 1.0
321 393 1.0
321 402 15.0
321 403 141.0
321 404 2.0
321 405 1.0
321 406 6.0
321 407 2.0
321 414 11.0
321 415 209.0
321 416 51.0
321 418 2.0
321 419 1.0
321 424 1.0
321 425 46.0
321 426 261.0
321 427 4.0
321 428 3.0
321 429 3.0
321 435 27.0
321 436 812.0
321 437 29.0
321 438 9.0
321 439 5.0
321 440 2.0
321 444 3.0
321 445 6.0
321 446 95.0
321 447 19.0
321 449 2.0
321 453 3.0
321 454 65.0
321 455 10.0
321 456 1.0
321 458 1.0
321 463 3.0
321 464 27.0
321 466 1.0
321 469 46.0
321 470 9.0
321 522 7.0
321 527 1.0
321 536 31.0
321 539 2.0
321 547 1.0
321 548 8.0
321 557 7.0
321 558 42.0
321 559 78.0
321 560 4.0
321 562 1.0
321 568 1.0
321 569 14.0
321 570 62.0
321 571 2.0
321 573 1.0
321 579 2.0
321 580 17.0
321 583 1.0
321 589 48.0
321 590 1.0
321 592 1.0
321 598 4.0
321 652 1.0
321 663 1.0
321 664 2.0
321 678 1.0
321 688 2.0
321 689 2.0
321 690 2.0
321 697 1.0
321 698 7.0
321 699 2.0
321 700 4.0
321 701 1.0
321 710 6.0
321 712 1.0
321 713 2.0
321 714 2.0
321 720 7.0
321 721 9.0
321 730 7.0
321 731 1.0
321 732 35.0
321 769 2.0
321 780 1.0
321 803 3.0
321 806 1.0
321 815 1.0
321 816 1.0
321 817 1.0
321 827 4.0
321 848 2.0
321 926 1.0
321 952 3.0
321 998 2.0
321 1052 1.0
322 327 2.0
322 379 5.0
322 380 2.0
322 390 102.0
322 391 2.0
322 392 7.0
322 402 94.0
322 403 68.0
322 404 6.0
322 405 4.0
322 406 10.0
322 414 1.0
322 415 74.0
322 416 66.0
322 425 23.0
322 426 84.0
322 427 37.0
322 428 2.0
322 435 30.0
322 436 161.0
322 437 14.0
322 438 9.0
322 445 2.0
322 446 15.0
322 447 3.0
322 454 3.0
322 455 5.0
322 463 1.0
322 522 103.0
322 524 2.0
322 536 41.0
322 548 30.0
322 551 3.0
322 557 5.0
322 558 20.0
322 559 37.0
322 560 2.0
322 568 2.0
322 569 7.0
322 570 13.0
322 571 1.0
322 580 3.0
322 591 2.0
322 631 11.0
322 641 4.0
322 652 19.0
322 664 2.0
322 678 4.0
322 698 4.0
322 699 2.0
322 700 1.0
322 710 3.0
322 721 1.0
322 731 1.0
322 769 7.0
322 780 1.0
322 803 2.0
322 815 1.0
322 827 1.0
322 952 1.0
324 325 3.0
324 333 1.0
324 348 1.0
324 361 2.0
324 367 1.0
324 370 6.0
324 380 7.0
324 381 46.0
324 382 28.0
324 383 7.0
324 384 151.0
324 392 1.0
324 393 81.0
324 394 4.0
324 395 306.0
324 396 1.0
324 403 6.0
324 404 1.0
324 405 76.0
324 406 9.0
324 407 247.0
324 408 8.0
324 414 1.0
324 415 2.0
324 416 1.0
324 417 114.0
324 418 821.0
324 419 1305.0
324 420 9.0
324 425 1.0
324 426 1.0
324 428 13.0
324 429 1280.0
324 430 254.0
324 431 8.0
324 436 10.0
324 437 8.0
324 438 17.0
324 439 2088.0
324 440 420.0
324 441 10.0
324 446 19.0
324 447 1.0
324 448 6.0
324 449 1201.0
324 450 163.0
324 451 190.0
324 452 169.0
324 455 3.0
324 458 3.0
324 459 75.0
324 460 3.0
324 463 3.0
324 466 42.0
324 467 1.0
324 469 2.0
324 472 79.0
324 485 1.0
324 494 4.0
324 504 1.0
324 505 10.0
324 513 1.0
324 514 3.0
324 516 222.0
324 526 22.0
324 527 91.0
324 528 16.0
324 529 1.0
324 537 9.0
324 538 2.0
324 539 121.0
324 540 28.0
324 541 34.0
324 542 42.0
324 549 12.0
324 550 11.0
324 551 39.0
324 559 3.0
324 561 22.0
324 562 6.0
324 563 71.0
324 564 3.0
324 570 3.0
324 572 1.0
324 573 40.0
324 574 87.0
324 575 1.0
324 576 1.0
324 580 3.0
324 583 81.0
324 584 146.0
324 591 2.0
324 592 6.0
324 593 4.0
324 594 104.0
324 595 6.0
324 596 1.0
324 602 1.0
324 603 8.0
324 610 6.0
324 611 2.0
324 612 1.0
324 644 1.0
324 646 6.0
324 656 1.0
324 657 6.0
324 668 3.0
324 669 51.0
324 670 8.0
324 672 10.0
324 680 16.0
324 681 14.0
324 682 23.0
324 683 2.0
324 684 6.0
324 691 2.0
324 692 3.0
324 693 26.0
324 694 8.0
324 704 34.0
324 705 18.0
324 706 2.0
324 707 2.0
324 708 1.0
324 713 1.0
324 714 1.0
324 715 61.0
324 716 5.0
324 717 15.0
324 724 5.0
324 726 47.0
324 735 2.0
324 736 17.0
324 744 1.0
324 765 3.0
324 784 1.0
324 785 10.0
324 797 13.0
324 807 2.0
324 809 12.0
324 819 1.0
324 821 1.0
324 822 5.0
324 823 5.0
324 830 3.0
324 832 3.0
324 840 2.0
324 842 1.0
324 853 2.0
324 860 1.0
324 880 1.0
324 890 2.0
324 899 1.0
324 900 3.0
324 920 3.0
324 947 2.0
324 955 2.0
324 963 1.0
324 978 1.0
324 993 2.0
324 1002 2.0
324 1018 2.0
325 381 5.0
325 384 3.0
325 393 2.0
325 394 4.0
325 395 7.0
325 405 73.0
325 406 31.0
325 407 29.0
325 408 12.0
325 415 1.0
325 417 110.0
325 418 408.0
325 419 70.0
325 420 1.0
325 425 16.0
325 426 25.0
325 427 3.0
325 428 1.0
325 429 78.0
325 430 155.0
325 431 1.0
325 436 1.0
325 437 1.0
325 439 123.0
325 440 160.0
325 448 1.0
325 449 4.0
325 451 3.0
325 452 1.0
325 460 1.0
325 466 3.0
325 467 64.0
325 494 2.0
325 516 6.0
325 527 2.0
325 528 1.0
325 537 1.0
325 539 19.0
325 541 4.0
325 542 4.0
325 549 2.0
325 551 5.0
325 559 1.0
325 561 21.0
325 563 22.0
325 573 1.0
325 574 5.0
325 592 1.0
325 636 1.0
325 672 2.0
325 679 1.0
325 680 1.0
325 681 2.0
325 682 4.0
325 691 1.0
325 692 3.0
325 704 4.0
325 706 5.0
325 807 1.0
325 809 2.0
325 831 1.0
325 840 2.0
325 920 2.0
325 939 1.0
325 1002 2.0
325 1018 3.0
326 418 1.0
326 440 1.0
326 450 1.0
327 390 1.0
327 402 1.0
327 403 4.0
327 414 2.0
327 415 11.0
327 425 1.0
327 426 12.0
327 427 1.0
327 435 1.0
327 436 28.0
327 455 2.0
327 463 9.0
327 522 1.0
327 558 2.0
327 559 1.0
327 570 2.0
327 580 2.0
327 590 4.0
327 599 4.0
327 607 4.0
327 699 1.0
327 700 1.0
328 418 2.0
328 430 1.0
328 439 1.0
328 573 1.0
329 336 66.0
329 337 5.0
329 344 8.0
329 345 9.0
329 346 1.0
329 355 6.0
329 357 1.0
329 365 12.0
329 366 30.0
329 367 23.0
329 368 92.0
329 370 6.0
329 371 2.0
329 377 25.0
329 378 8.0
329 379 2.0
329 389 1.0
329 392 4.0
329 404 1.0
329 416 1.0
329 473 48.0
329 479 1.0
329 480 175.0
329 481 69.0
329 487 1.0
329 488 61.0
329 489 1.0
329 490 157.0
329 491 3.0
329 492 2.0
329 497 1.0
329 498 31.0
329 500 129.0
329 502 2.0
329 503 2.0
329 507 13.0
329 508 13.0
329 509 45.0
329 510 11.0
329 511 45.0
329 621 1.0
329 622 52.0
329 623 51.0
329 629 6.0
329 630 6.0
329 632 5.0
329 633 1.0
329 640 13.0
329 642 1.0
329 643 1.0
329 650 4.0
329 760 4.0
329 761 1.0
329 762 1.0
329 767 1.0
329 769 4.0
329 778 1.0
330 337 3.0
330 338 68.0
330 366 11.0
330 473 101.0
330 474 1.0
330 479 1.0
330 480 19.0
330 481 2.0
330 482 2.0
330 490 6.0
330 500 18.0
330 511 3.0
330 621 47.0
330 622 91.0
330 623 1.0
330 629 79.0
330 630 83.0
330 631 8.0
330 754 1.0
330 878 1.0
333 334 2.0
333 339 22.0
333 340 29.0
333 341 26.0
333 342 5.0
333 359 6.0
333 369 75.0
333 370 115.0
333 371 280.0
333 380 1.0
333 381 3.0
333 383 3.0
333 393 4.0
333 394 36.0
333 395 40.0
333 396 1.0
333 403 1.0
333 407 202.0
333 408 12.0
333 414 1.0
333 416 1.0
333 417 13.0
333 418 7.0
333 419 68.0
333 425 2.0
333 427 1.0
333 428 2.0
333 429 39.0
333 430 18.0
333 431 48.0
333 436 5.0
333 437 2.0
333 438 18.0
333 439 38.0
333 440 5.0
333 447 13.0
333 448 13.0
333 449 5.0
333 458 3.0
333 466 2.0
333 476 7.0
333 477 17.0
333 483 8.0
333 484 23.0
333 485 735.0
333 492 12.0
333 493 29.0
333 494 777.0
333 495 1.0
333 502 22.0
333 503 136.0
333 504 12.0
333 505 235.0
333 513 15.0
333 514 12.0
333 515 50.0
333 517 1.0
333 523 2.0
333 524 1.0
333 525 3.0
333 526 13.0
333 527 165.0
333 528 4.0
333 537 10.0
333 538 27.0
333 539 196.0
333 549 21.0
333 551 19.0
333 561 38.0
333 562 1.0
333 563 14.0
333 570 1.0
333 572 1.0
333 573 10.0
333 580 4.0
333 581 4.0
333 582 1.0
333 583 6.0
333 592 3.0
333 593 1.0
333 619 12.0
333 626 9.0
333 628 14.0
333 635 1.0
333 636 308.0
333 637 1.0
333 644 1.0
333 645 5.0
333 646 266.0
333 647 126.0
333 656 2.0
333 657 74.0
333 658 3.0
333 659 3.0
333 669 224.0
333 670 8.0
333 680 9.0
333 682 6.0
333 691 15.0
333 693 23.0
333 694 8.0
333 705 3.0
333 706 56.0
333 711 1.0
333 712 1.0
333 713 2.0
333 717 9.0
333 727 4.0
333 756 1.0
333 757 1.0
333 758 1.0
333 764 1.0
333 784 2.0
333 785 1.0
333 795 1.0
333 807 1.0
333 810 7.0
333 819 3.0
333 820 4.0
333 821 14.0
333 830 1.0
333 832 2.0
333 833 1.0
333 839 1.0
333 840 1.0
333 880 2.0
333 881 3.0
333 930 14.0
333 931 7.0
333 939 3.0
333 972 1.0
333 1011 2.0
333 1018 1.0
334 341 92.0
334 342 20.0
334 350 10.0
334 360 2.0
334 369 11.0
334 370 42.0
334 371 30.0
334 381 3.0
334 394 1.0
334 395 6.0
334 407 7.0
334 477 2.0
334 478 1.0
334 483 6.0
334 484 34.0
334 485 9.0
334 491 1.0
334 492 24.0
334 493 25.0
334 494 103.0
334 502 6.0
334 503 64.0
334 504 5.0
334 505 18.0
334 513 17.0
334 514 11.0
334 515 10.0
334 516 2.0
334 526 1.0
334 527 8.0
334 539 7.0
334 625 1.0
334 626 4.0
334 634 1.0
334 636 3.0
334 644 1.0
334 645 4.0
334 646 17.0
334 647 1.0
334 656 2.0
334 657 8.0
334 659 1.0
334 669 7.0
334 670 3.0
334 694 3.0
334 706 13.0
334 717 4.0
334 727 1.0
334 763 2.0
334 764 2.0
334 785 4.0
334 797 1.0
334 810 3.0
334 880 1.0
335 336 35.0
335 344 25.0
335 345 54.0
335 354 15.0
335 355 41.0
335 364 2.0
335 365 14.0
335 366 14.0
335 367 4.0
335 368 1.0
335 376 7.0
335 377 8.0
335 378 4.0
335 379 46.0
335 380 6.0
335 388 5.0
335 389 4.0
335 391 1.0
335 392 3.0
335 401 2.0
335 404 5.0
335 416 5.0
335 427 1.0
335 480 8.0
335 487 1.0
335 489 21.0
335 490 5.0
335 498 24.0
335 499 25.0
335 500 6.0
335 507 9.0
335 508 20.0
335 509 6.0
335 510 6.0
335 511 19.0
335 521 2.0
335 523 9.0
335 524 1.0
335 535 2.0
335 536 1.0
335 548 1.0
335 560 1.0
335 621 1.0
335 622 3.0
335 629 3.0
335 630 3.0
335 631 1.0
335 640 8.0
335 650 2.0
335 651 1.0
335 653 3.0
335 676 2.0
335 678 1.0
335 767 5.0
335 782 1.0
335 794 1.0
335 806 1.0
335 818 1.0
335 829 1.0
335 893 1.0
336 337 4.0
336 344 1.0
336 345 106.0
336 346 3.0
336 354 18.0
336 355 40.0
336 356 11.0
336 364 7.0
336 365 22.0
336 366 60.0
336 367 13.0
336 376 9.0
336 377 31.0
336 378 35.0
336 379 119.0
336 380 4.0
336 388 4.0
336 389 5.0
336 390 1.0
336 391 9.0
336 392 11.0
336 401 2.0
336 402 2.0
336 404 22.0
336 413 1.0
336 416 26.0
336 427 3.0
336 473 1.0
336 480 3.0
336 488 41.0
336 489 210.0
336 490 1.0
336 497 2.0
336 498 51.0
336 499 194.0
336 500 17.0
336 507 10.0
336 508 27.0
336 509 59.0
336 510 24.0
336 511 15.0
336 521 11.0
336 522 1.0
336 523 33.0
336 533 6.0
336 534 2.0
336 536 7.0
336 548 5.0
336 560 5.0
336 621 1.0
336 622 2.0
336 629 2.0
336 630 2.0
336 631 5.0
336 640 20.0
336 650 2.0
336 651 24.0
336 652 4.0
336 653 6.0
336 675 3.0
336 676 6.0
336 687 2.0
336 767 14.0
336 768 1.0
336 782 1.0
336 791 6.0
336 803 4.0
336 893 11.0
336 903 2.0
337 345 4.0
337 366 1.0
337 473 4.0
337 474 2.0
337 480 7.0
337 481 4.0
337 489 9.0
337 498 4.0
337 499 1.0
337 500 1.0
337 618 2.0
337 622 3.0
337 623 2.0
337 629 5.0
337 630 5.0
337 640 9.0
337 754 1.0
337 767 9.0
337 878 1.0
338 366 3.0
338 473 65.0
338 480 9.0
338 500 8.0
338 511 2.0
338 621 29.0
338 622 62.0
338 629 55.0
338 630 58.0
338 631 2.0
339 340 94.0
339 477 5.0
339 483 6.0
339 484 6.0
339 492 1.0
339 493 95.0
339 502 52.0
339 619 4.0
339 620 1.0
339 626 6.0
339 633 1.0
339 636 1.0
339 645 3.0
339 757 2.0
339 758 1.0
339 874 1.0
339 881 1.0
340 341 21.0
340 342 1.0
340 369 3.0
340 370 9.0
340 371 14.0
340 380 3.0
340 381 32.0
340 390 1.0
340 392 1.0
340 393 26.0
340 394 161.0
340 395 105.0
340 402 2.0
340 403 9.0
340 406 1.0
340 407 467.0
340 414 3.0
340 415 7.0
340 416 5.0
340 417 58.0
340 418 35.0
340 419 86.0
340 426 3.0
340 427 17.0
340 428 4.0
340 429 66.0
340 430 13.0
340 435 1.0
340 436 25.0
340 437 14.0
340 438 53.0
340 439 71.0
340 446 2.0
340 447 12.0
340 448 29.0
340 449 2.0
340 456 1.0
340 458 2.0
340 466 1.0
340 472 4.0
340 476 3.0
340 477 18.0
340 483 17.0
340 484 18.0
340 485 249.0
340 492 15.0
340 493 123.0
340 494 916.0
340 495 1.0
340 502 66.0
340 503 8.0
340 504 11.0
340 505 17.0
340 514 1.0
340 515 4.0
340 517 1.0
340 522 1.0
340 526 8.0
340 527 486.0
340 536 1.0
340 537 99.0
340 538 68.0
340 539 469.0
340 549 135.0
340 551 15.0
340 559 9.0
340 561 137.0
340 563 20.0
340 569 1.0
340 570 2.0
340 573 14.0
340 580 3.0
340 581 8.0
340 582 5.0
340 583 3.0
340 585 2.0
340 591 1.0
340 592 2.0
340 593 1.0
340 602 5.0
340 610 5.0
340 619 10.0
340 620 1.0
340 625 5.0
340 626 5.0
340 633 1.0
340 634 4.0
340 635 2.0
340 636 3.0
340 644 2.0
340 645 1.0
340 646 801.0
340 647 3.0
340 656 7.0
340 657 399.0
340 658 1.0
340 669 662.0
340 670 1.0
340 680 1.0
340 691 38.0
340 693 27.0
340 698 1.0
340 699 1.0
340 701 1.0
340 704 1.0
340 705 5.0
340 706 67.0
340 710 1.0
340 712 1.0
340 717 5.0
340 721 1.0
340 724 1.0
340 726 1.0
340 727 15.0
340 757 2.0
340 763 4.0
340 764 1.0
340 783 1.0
340 784 10.0
340 785 2.0
340 795 2.0
340 797 1.0
340 810 1.0
340 819 1.0
340 820 5.0
340 821 18.0
340 833 4.0
340 840 1.0
340 843 1.0
340 874 1.0
340 880 5.0
340 889 3.0
340 890 3.0
340 899 2.0
340 909 2.0
340 930 14.0
340 931 3.0
340 939 5.0
340 992 1.0
340 1011 1.0
340 1019 1.0
340 1020 1.0
340 1049 1.0
341 342 4.0
341 350 37.0
341 351 21.0
341 360 113.0
341 368 1.0
341 369 53.0
341 370 171.0
341 371 264.0
341 372 2.0
341 380 10.0
341 381 124.0
341 382 85.0
341 383 40.0
341 384 2.0
341 385 17.0
341 386 2.0
341 390 1.0
341 392 116.0
341 393 8.0
341 394 7.0
341 395 171.0
341 396 1.0
341 397 4.0
341 398 3.0
341 402 1.0
341 403 3.0
341 404 116.0
341 406 1.0
341 407 245.0
341 416 4.0
341 418 22.0
341 419 5.0
341 427 4.0
341 428 4.0
341 429 3.0
341 430 2.0
341 431 2.0
341 436 8.0
341 437 8.0
341 438 20.0
341 439 4.0
341 441 1.0
341 446 2.0
341 449 1.0
341 455 1.0
341 463 1.0
341 466 1.0
341 477 8.0
341 478 1.0
341 483 4.0
341 484 3.0
341 485 11.0
341 486 4.0
341 492 7.0
341 493 4.0
341 494 1160.0
341 495 1.0
341 502 21.0
341 503 198.0
341 504 372.0
341 505 188.0
341 513 39.0
341 514 137.0
341 515 304.0
341 516 5.0
341 517 2.0
341 522 1.0
341 523 9.0
341 524 3.0
341 525 9.0
341 526 14.0
341 527 255.0
341 528 44.0
341 529 1.0
341 530 1.0
341 537 2.0
341 538 3.0
341 539 245.0
341 549 9.0
341 551 1.0
341 559 1.0
341 560 1.0
341 561 3.0
341 563 2.0
341 573 1.0
341 575 1.0
341 581 1.0
341 582 1.0
341 593 2.0
341 602 2.0
341 619 5.0
341 626 1.0
341 627 1.0
341 635 58.0
341 636 32.0
341 644 11.0
341 645 5.0
341 646 334.0
341 647 9.0
341 648 1.0
341 655 4.0
341 656 27.0
341 657 288.0
341 658 5.0
341 659 5.0
341 666 1.0
341 669 207.0
341 670 71.0
341 681 1.0
341 682 37.0
341 691 1.0
341 694 75.0
341 705 1.0
341 706 325.0
341 717 76.0
341 724 3.0
341 727 15.0
341 764 24.0
341 773 41.0
341 783 4.0
341 784 31.0
341 785 32.0
341 795 1.0
341 797 17.0
341 809 2.0
341 810 45.0
341 821 3.0
341 831 1.0
341 833 1.0
341 840 3.0
341 880 19.0
341 882 1.0
341 890 9.0
341 908 2.0
341 909 3.0
341 929 2.0
341 939 1.0
341 972 2.0
341 992 3.0
341 1011 1.0
342 369 8.0
342 370 10.0
342 371 1.0
342 381 1.0
342 407 1.0
342 477 3.0
342 483 5.0
342 484 90.0
342 485 10.0
342 486 49.0
342 491 7.0
342 492 66.0
342 493 64.0
342 494 13.0
342 502 5.0
342 503 45.0
342 504 3.0
342 513 8.0
342 514 3.0
342 515 13.0
342 516 3.0
342 527 2.0
342 539 1.0
342 620 2.0
342 625 5.0
342 626 3.0
342 627 1.0
342 634 4.0
342 636 3.0
342 645 1.0
342 646 1.0
342 658 3.0
342 659 1.0
342 669 4.0
342 670 16.0
342 682 10.0
342 694 12.0
342 706 11.0
342 756 1.0
342 763 8.0
342 764 3.0
342 797 4.0
342 810 12.0
342 880 2.0
344 345 109.0
344 346 1.0
344 354 24.0
344 355 23.0
344 365 74.0
344 366 11.0
344 367 9.0
344 376 6.0
344 377 63.0
344 378 13.0
344 379 69.0
344 380 6.0
344 381 1.0
344 388 4.0
344 389 19.0
344 392 6.0
344 401 8.0
344 402 1.0
344 404 5.0
344 416 5.0
344 480 10.0
344 481 3.0
344 487 3.0
344 488 2.0
344 489 8.0
344 490 9.0
344 498 245.0
344 499 25.0
344 500 4.0
344 507 41.0
344 508 93.0
344 509 115.0
344 510 5.0
344 511 28.0
344 521 11.0
344 522 1.0
344 523 5.0
344 524 7.0
344 533 1.0
344 536 1.0
344 548 1.0
344 622 1.0
344 629 3.0
344 630 2.0
344 631 18.0
344 632 1.0
344 640 104.0
344 649 3.0
344 650 22.0
344 651 45.0
344 653 9.0
344 676 1.0
344 760 33.0
344 767 71.0
344 768 1.0
344 769 15.0
344 778 7.0
344 877 1.0
345 346 3.0
345 354 6.0
345 355 106.0
345 356 2.0
345 365 41.0
345 366 15.0
345 367 16.0
345 368 1.0
345 377 57.0
345 378 28.0
345 379 181.0
345 380 21.0
345 381 1.0
345 389 6.0
345 390 1.0
345 391 7.0
345 392 17.0
345 401 5.0
345 404 21.0
345 412 1.0
345 416 24.0
345 480 9.0
345 481 3.0
345 487 3.0
345 488 2.0
345 489 76.0
345 490 9.0
345 491 2.0
345 492 2.0
345 497 2.0
345 498 37.0
345 499 38.0
345 500 10.0
345 507 3.0
345 508 6.0
345 509 21.0
345 510 3.0
345 511 41.0
345 521 51.0
345 523 4.0
345 524 1.0
345 532 9.0
345 533 29.0
345 535 2.0
345 536 5.0
345 545 4.0
345 548 1.0
345 560 1.0
345 631 14.0
345 640 9.0
345 641 3.0
345 650 1.0
345 651 17.0
345 663 7.0
345 676 2.0
345 678 1.0
345 754 1.0
345 760 2.0
345 767 12.0
345 768 2.0
345 769 1.0
345 778 1.0
345 794 1.0
345 806 1.0
345 818 1.0
345 829 1.0
345 877 1.0
345 893 5.0
346 354 1.0
346 355 13.0
346 356 29.0
346 365 2.0
346 366 3.0
346 367 1.0
346 371 4.0
346 377 2.0
346 378 1.0
346 379 3.0
346 401 1.0
346 480 1.0
346 489 3.0
346 490 1.0
346 491 7.0
346 492 3.0
346 500 1.0
346 502 5.0
346 503 5.0
346 509 4.0
346 510 1.0
346 521 3.0
346 533 1.0
346 631 2.0
346 635 1.0
346 651 11.0
346 663 1.0
346 764 1.0
346 779 20.0
346 790 2.0
346 880 1.0
346 885 10.0
346 895 20.0
346 903 8.0
347 355 1.0
347 367 1.0
347 369 2.0
347 370 2.0
347 378 1.0
347 379 2.0
347 380 2.0
347 383 2.0
347 416 1.0
347 490 1.0
347 500 3.0
347 509 1.0
347 511 4.0
347 523 1.0
347 560 1.0
348 358 1.0
348 368 1.0
348 369 1.0
348 381 31.0
348 393 10.0
348 394 1.0
348 417 5.0
350 356 3.0
350 359 2.0
350 360 46.0
350 368 2.0
350 369 4.0
350 370 28.0
350 371 29.0
350 380 3.0
350 381 16.0
350 382 10.0
350 383 6.0
350 384 2.0
350 392 16.0
350 393 4.0
350 396 1.0
350 404 22.0
350 405 1.0
350 416 2.0
350 476 1.0
350 477 2.0
350 478 2.0
350 483 2.0
350 484 1.0
350 491 3.0
350 492 5.0
350 493 1.0
350 494 4.0
350 502 8.0
350 503 3.0
350 504 3.0
350 505 1.0
350 513 2.0
350 514 18.0
350 515 12.0
350 516 1.0
350 523 1.0
350 525 1.0
350 527 3.0
350 528 15.0
350 529 2.0
350 620 1.0
350 635 4.0
350 644 1.0
350 646 3.0
350 657 5.0
350 659 1.0
350 670 12.0
350 682 11.0
350 694 11.0
350 706 4.0
350 764 2.0
350 773 1.0
350 784 1.0
350 785 1.0
350 880 2.0
351 360 7.0
351 361 11.0
351 362 1.0
351 371 13.0
351 372 19.0
351 373 5.0
351 385 49.0
351 386 2.0
351 394 1.0
351 397 2.0
351 398 1.0
351 407 1.0
351 408 1.0
351 419 1.0
351 430 1.0
351 431 1.0
351 440 1.0
351 492 1.0
351 494 3.0
351 502 1.0
351 503 2.0
351 504 1.0
351 505 25.0
351 514 3.0
351 515 2.0
351 517 23.0
351 518 1.0
351 528 2.0
351 530 1.0
351 549 1.0
351 561 1.0
351 635 1.0
351 646 1.0
351 657 2.0
351 706 2.0
351 764 1.0
351 783 1.0
351 795 1.0
351 880 1.0
351 909 1.0
351 992 1.0
353 365 541.0
353 375 1.0
353 377 666.0
353 389 82.0
353 390 1.0
353 402 2.0
353 403 1.0
353 413 1.0
353 424 2.0
353 436 1.0
353 437 1.0
353 438 1.0
353 497 2.0
353 507 2.0
353 508 25.0
353 715 1.0
354 355 26.0
354 364 7.0
354 365 84.0
354 366 2.0
354 377 49.0
354 378 3.0
354 379 1.0
354 380 1.0
354 389 4.0
354 401 1.0
354 473 1.0
354 480 11.0
354 481 5.0
354 488 3.0
354 489 27.0
354 490 15.0
354 491 2.0
354 498 6.0
354 499 21.0
354 500 2.0
354 507 4.0
354 508 14.0
354 509 34.0
354 510 3.0
354 511 1.0
354 521 9.0
354 523 2.0
354 524 1.0
354 532 1.0
354 533 6.0
354 622 2.0
354 623 5.0
354 624 1.0
354 629 1.0
354 630 1.0
354 631 15.0
354 640 6.0
354 650 1.0
354 652 1.0
354 676 1.0
354 754 6.0
354 873 1.0
355 356 20.0
355 364 1.0
355 365 62.0
355 366 42.0
355 367 9.0
355 368 1.0
355 377 310.0
355 378 7.0
355 379 86.0
355 380 20.0
355 381 1.0
355 389 86.0
355 390 2.0
355 391 5.0
355 392 6.0
355 401 2.0
355 404 11.0
355 412 1.0
355 416 14.0
355 424 1.0
355 427 1.0
355 473 2.0
355 481 16.0
355 488 5.0
355 489 23.0
355 490 42.0
355 491 11.0
355 492 8.0
355 498 4.0
355 499 6.0
355 500 9.0
355 508 5.0
355 509 24.0
355 510 29.0
355 511 37.0
355 521 15.0
355 523 5.0
355 524 5.0
355 533 14.0
355 535 3.0
355 536 4.0
355 547 1.0
355 548 4.0
355 560 3.0
355 617 1.0
355 622 11.0
355 623 16.0
355 624 3.0
355 631 16.0
355 633 1.0
355 640 7.0
355 642 2.0
355 650 14.0
355 651 31.0
355 652 1.0
355 653 2.0
355 676 2.0
355 689 1.0
355 754 1.0
355 762 1.0
355 767 1.0
355 768 6.0
355 778 5.0
355 779 34.0
355 780 1.0
355 793 1.0
355 794 1.0
355 806 1.0
355 818 1.0
355 829 1.0
355 885 9.0
355 893 7.0
355 895 42.0
355 903 5.0
355 906 1.0
355 981 8.0
356 357 3.0
356 359 9.0
356 360 5.0
356 365 1.0
356 366 16.0
356 367 28.0
356 368 5.0
356 369 2.0
356 370 8.0
356 371 16.0
356 377 7.0
356 378 2.0
356 379 11.0
356 380 1.0
356 381 2.0
356 382 9.0
356 383 4.0
356 384 1.0
356 391 1.0
356 392 7.0
356 393 1.0
356 401 1.0
356 402 1.0
356 403 1.0
356 404 4.0
356 416 3.0
356 417 1.0
356 473 1.0
356 490 5.0
356 491 103.0
356 492 5.0
356 494 1.0
356 502 75.0
356 503 16.0
356 509 1.0
356 510 6.0
356 514 9.0
356 523 1.0
356 526 1.0
356 528 1.0
356 529 1.0
356 534 1.0
356 548 2.0
356 560 1.0
356 571 1.0
356 622 1.0
356 623 3.0
356 634 1.0
356 635 12.0
356 642 10.0
356 645 1.0
356 651 2.0
356 652 4.0
356 699 8.0
356 764 12.0
356 779 37.0
356 780 10.0
356 790 1.0
356 791 4.0
356 792 1.0
356 793 1.0
356 803 8.0
356 815 8.0
356 880 12.0
356 885 10.0
356 895 40.0
356 903 1.0
356 981 3.0
357 358 38.0
357 367 3.0
357 368 19.0
357 369 22.0
357 379 5.0
357 380 2.0
357 381 13.0
357 382 9.0
357 383 1.0
357 384 1.0
357 392 4.0
357 393 7.0
357 403 1.0
357 404 1.0
357 416 1.0
357 417 5.0
357 489 3.0
357 490 1.0
357 499 1.0
357 500 1.0
357 513 12.0
357 514 2.0
357 523 2.0
357 524 1.0
357 525 1.0
357 528 1.0
357 529 1.0
357 548 1.0
357 560 1.0
357 631 1.0
357 640 1.0
357 644 3.0
357 650 1.0
357 655 1.0
357 763 1.0
357 783 3.0
357 795 3.0
357 889 1.0
357 899 1.0
357 909 2.0
357 992 2.0
358 367 38.0
358 368 82.0
358 369 216.0
358 370 11.0
358 380 10.0
358 382 2.0
358 383 1.0
358 391 1.0
358 392 36.0
358 393 8.0
358 403 12.0
358 404 16.0
358 405 1.0
358 416 14.0
358 476 1.0
358 479 1.0
358 480 3.0
358 483 1.0
358 489 5.0
358 490 1.0
358 492 1.0
358 500 5.0
358 502 1.0
358 503 2.0
358 510 1.0
358 511 5.0
358 528 1.0
358 548 8.0
358 560 7.0
358 622 1.0
358 629 2.0
358 630 2.0
358 635 2.0
358 764 2.0
358 880 2.0
359 367 88.0
359 368 4.0
359 369 2.0
359 370 5.0
359 371 38.0
359 377 10.0
359 378 15.0
359 379 46.0
359 381 1.0
359 389 2.0
359 391 9.0
359 392 4.0
359 393 2.0
359 404 2.0
359 405 1.0
359 407 1.0
359 416 3.0
359 417 2.0
359 419 1.0
359 430 1.0
359 440 1.0
359 459 1.0
359 477 1.0
359 478 2.0
359 479 2.0
359 480 8.0
359 483 8.0
359 484 3.0
359 485 13.0
359 489 70.0
359 490 7.0
359 491 9.0
359 492 8.0
359 493 6.0
359 494 14.0
359 499 1.0
359 500 77.0
359 502 17.0
359 503 12.0
359 504 1.0
359 505 12.0
359 510 8.0
359 511 12.0
359 514 1.0
359 515 78.0
359 516 3.0
359 522 2.0
359 536 10.0
359 539 1.0
359 548 3.0
359 550 2.0
359 560 1.0
359 561 1.0
359 594 1.0
359 603 1.0
359 620 5.0
359 622 2.0
359 629 2.0
359 630 23.0
359 635 10.0
359 640 5.0
359 655 3.0
359 656 6.0
359 657 48.0
359 658 28.0
359 668 4.0
359 669 8.0
359 670 75.0
359 671 2.0
359 672 2.0
359 680 1.0
359 682 35.0
359 694 43.0
359 706 79.0
359 714 2.0
359 724 1.0
359 757 1.0
359 764 8.0
359 779 1.0
359 783 11.0
359 785 2.0
359 795 11.0
359 797 30.0
359 807 13.0
359 810 38.0
359 819 13.0
359 830 2.0
359 874 1.0
359 880 8.0
359 890 1.0
359 895 1.0
359 900 1.0
359 993 1.0
360 369 2.0
360 370 55.0
360 371 473.0
360 372 1.0
360 380 5.0
360 381 83.0
360 382 60.0
360 383 3.0
360 385 1.0
360 386 1.0
360 392 70.0
360 393 6.0
360 397 23.0
360 398 15.0
360 403 1.0
360 404 76.0
360 405 1.0
360 409 4.0
360 410 1.0
360 415 1.0
360 416 1.0
360 427 1.0
360 476 1.0
360 483 1.0
360 485 16.0
360 486 7.0
360 491 5.0
360 492 3.0
360 493 11.0
360 494 117.0
360 495 6.0
360 502 27.0
360 503 14.0
360 504 7.0
360 505 206.0
360 506 6.0
360 513 9.0
360 514 83.0
360 515 35.0
360 516 61.0
360 517 33.0
360 523 3.0
360 525 1.0
360 526 1.0
360 528 17.0
360 529 3.0
360 549 1.0
360 559 1.0
360 562 1.0
360 570 1.0
360 573 1.0
360 574 1.0
360 634 4.0
360 635 28.0
360 636 16.0
360 644 8.0
360 646 72.0
360 648 7.0
360 655 4.0
360 657 181.0
360 658 2.0
360 659 13.0
360 670 19.0
360 682 16.0
360 694 15.0
360 706 185.0
360 717 4.0
360 764 28.0
360 773 1.0
360 775 1.0
360 783 3.0
360 795 3.0
360 797 1.0
360 807 2.0
360 809 1.0
360 810 1.0
360 819 2.0
360 830 1.0
360 840 1.0
360 880 27.0
361 367 1.0
361 369 3.0
361 370 1.0
361 371 1.0
361 372 81.0
361 380 1.0
361 381 2.0
361 382 4.0
361 383 22.0
361 384 8.0
361 392 1.0
361 394 3.0
361 395 5.0
361 396 20.0
361 397 12.0
361 398 18.0
361 404 1.0
361 406 3.0
361 407 3.0
361 408 1.0
361 416 6.0
361 417 12.0
361 418 12.0
361 419 144.0
361 420 6.0
361 425 1.0
361 428 2.0
361 429 64.0
361 430 68.0
361 431 22.0
361 436 2.0
361 439 101.0
361 440 3.0
361 446 1.0
361 447 2.0
361 448 13.0
361 449 38.0
361 451 3.0
361 452 3.0
361 455 1.0
361 458 4.0
361 460 2.0
361 463 1.0
361 466 3.0
361 489 1.0
361 500 1.0
361 511 1.0
361 513 1.0
361 514 1.0
361 516 63.0
361 517 1.0
361 526 3.0
361 538 2.0
361 549 3.0
361 561 4.0
361 564 14.0
361 570 1.0
361 574 13.0
361 576 2.0
361 580 3.0
361 584 5.0
361 585 1.0
361 592 2.0
361 593 1.0
361 594 1.0
361 656 1.0
361 657 1.0
361 691 1.0
361 706 1.0
361 713 1.0
361 715 1.0
361 716 1.0
361 726 3.0
361 736 1.0
362 372 2.0
362 383 29.0
362 505 1.0
362 517 1.0
363 375 1.0
363 387 1.0
363 389 1.0
363 401 1.0
363 508 1.0
363 521 1.0
364 365 14.0
364 376 31.0
364 378 5.0
364 388 13.0
364 412 5.0
364 473 1.0
364 489 5.0
364 490 1.0
364 498 5.0
364 499 7.0
364 508 14.0
364 510 1.0
364 511 2.0
364 523 1.0
364 622 1.0
364 623 1.0
364 653 1.0
365 366 27.0
365 375 2.0
365 377 2083.0
365 378 27.0
365 389 399.0
365 390 5.0
365 401 2.0
365 402 10.0
365 403 3.0
365 406 2.0
365 412 1.0
365 413 2.0
365 414 1.0
365 424 6.0
365 436 3.0
365 437 3.0
365 438 3.0
365 480 8.0
365 481 2.0
365 488 19.0
365 489 32.0
365 490 11.0
365 491 1.0
365 497 103.0
365 498 33.0
365 499 54.0
365 500 1.0
365 507 49.0
365 508 162.0
365 509 145.0
365 510 55.0
365 511 17.0
365 521 2.0
365 522 17.0
365 523 5.0
365 524 1.0
365 532 2.0
365 533 1.0
365 538 1.0
365 548 1.0
365 559 1.0
365 622 6.0
365 623 6.0
365 629 1.0
365 630 1.0
365 631 45.0
365 640 48.0
365 641 1.0
365 650 12.0
365 651 20.0
365 652 1.0
365 653 9.0
365 676 1.0
365 699 1.0
365 715 1.0
365 753 1.0
365 754 27.0
365 769 1.0
365 780 1.0
365 791 1.0
365 803 1.0
365 815 1.0
365 893 8.0
365 895 1.0
365 903 3.0
366 367 1.0
366 377 17.0
366 378 26.0
366 379 11.0
366 380 3.0
366 389 12.0
366 390 1.0
366 391 3.0
366 392 1.0
366 401 2.0
366 402 5.0
366 404 3.0
366 413 3.0
366 416 20.0
366 427 53.0
366 473 55.0
366 480 274.0
366 488 6.0
366 489 58.0
366 490 8.0
366 491 15.0
366 492 19.0
366 499 67.0
366 500 293.0
366 508 2.0
366 509 26.0
366 510 336.0
366 511 40.0
366 522 1.0
366 523 138.0
366 524 21.0
366 534 4.0
366 535 1.0
366 536 81.0
366 538 2.0
366 548 73.0
366 560 79.0
366 621 20.0
366 622 208.0
366 629 143.0
366 630 159.0
366 631 5.0
366 633 2.0
366 635 2.0
366 640 14.0
366 650 3.0
366 651 174.0
366 652 3.0
366 653 35.0
366 676 6.0
366 678 7.0
366 753 2.0
366 762 2.0
366 764 4.0
366 769 6.0
366 779 109.0
366 780 13.0
366 781 6.0
366 782 2.0
366 790 4.0
366 791 17.0
366 792 2.0
366 793 5.0
366 877 4.0
366 885 15.0
366 893 22.0
366 895 201.0
366 903 16.0
366 906 4.0
366 981 109.0
367 368 252.0
367 369 37.0
367 370 4.0
367 377 25.0
367 378 38.0
367 379 109.0
367 380 49.0
367 381 9.0
367 382 4.0
367 383 6.0
367 384 2.0
367 389 14.0
367 390 2.0
367 391 15.0
367 392 238.0
367 393 1.0
367 394 2.0
367 401 3.0
367 402 3.0
367 403 40.0
367 404 54.0
367 405 1.0
367 413 1.0
367 416 63.0
367 417 1.0
367 428 9.0
367 435 1.0
367 436 1.0
367 439 1.0
367 473 1.0
367 479 30.0
367 480 315.0
367 481 2.0
367 488 1.0
367 489 735.0
367 490 181.0
367 499 41.0
367 500 804.0
367 501 4.0
367 507 1.0
367 510 7.0
367 511 323.0
367 522 12.0
367 523 8.0
367 524 5.0
367 526 3.0
367 527 1.0
367 528 4.0
367 529 1.0
367 534 2.0
367 535 3.0
367 536 11.0
367 548 162.0
367 560 156.0
367 561 1.0
367 571 1.0
367 621 4.0
367 622 53.0
367 629 118.0
367 630 186.0
367 631 18.0
367 633 3.0
367 640 45.0
367 642 1.0
367 650 9.0
367 652 3.0
367 653 4.0
367 654 6.0
367 670 2.0
367 678 1.0
367 682 2.0
367 691 1.0
367 694 1.0
367 762 3.0
367 791 1.0
367 794 177.0
367 795 16.0
367 806 175.0
367 807 7.0
367 818 173.0
367 819 7.0
367 829 28.0
367 909 1.0
367 992 1.0
367 1049 1.0
368 369 147.0
368 370 35.0
368 377 19.0
368 378 69.0
368 379 68.0
368 380 38.0
368 382 5.0
368 383 5.0
368 389 9.0
368 390 1.0
368 391 5.0
368 392 46.0
368 401 3.0
368 402 3.0
368 404 21.0
368 406 1.0
368 413 1.0
368 416 5.0
368 479 1.0
368 480 213.0
368 481 5.0
368 485 1.0
368 489 78.0
368 490 253.0
368 494 1.0
368 500 241.0
368 503 1.0
368 510 1.0
368 511 30.0
368 523 14.0
368 524 3.0
368 528 2.0
368 534 2.0
368 535 2.0
368 536 1.0
368 548 3.0
368 550 1.0
368 560 3.0
368 561 1.0
368 562 1.0
368 622 2.0
368 629 33.0
368 630 33.0
368 640 1.0
368 653 2.0
368 670 1.0
368 678 1.0
368 682 1.0
368 694 1.0
368 794 5.0
368 806 4.0
368 818 4.0
369 370 564.0
369 371 7.0
369 379 3.0
369 380 10.0
369 381 82.0
369 382 48.0
369 383 34.0
369 384 4.0
369 392 23.0
369 393 21.0
369 394 13.0
369 403 3.0
369 404 21.0
369 416 4.0
369 417 1.0
369 476 8.0
369 477 2.0
369 483 8.0
369 484 91.0
369 485 165.0
369 486 13.0
369 489 1.0
369 491 1.0
369 492 11.0
369 493 13.0
369 494 448.0
369 495 21.0
369 500 1.0
369 502 19.0
369 503 295.0
369 504 2.0
369 505 11.0
369 511 3.0
369 513 45.0
369 514 5.0
369 515 1.0
369 517 4.0
369 522 1.0
369 528 13.0
369 529 4.0
369 537 6.0
369 548 4.0
369 549 6.0
369 560 5.0
369 625 12.0
369 626 55.0
369 627 13.0
369 628 92.0
369 635 6.0
369 636 5.0
369 653 2.0
369 670 9.0
369 682 9.0
369 694 7.0
369 757 26.0
369 764 5.0
369 773 1.0
369 783 1.0
369 880 4.0
369 908 1.0
369 992 1.0
370 371 62.0
370 377 1.0
370 378 16.0
370 379 12.0
370 380 27.0
370 381 65.0
370 382 278.0
370 383 130.0
370 389 1.0
370 391 5.0
370 392 73.0
370 393 132.0
370 394 14.0
370 396 1.0
370 403 5.0
370 404 60.0
370 405 12.0
370 407 7.0
370 413 1.0
370 416 39.0
370 417 18.0
370 419 1.0
370 427 12.0
370 428 1.0
370 430 1.0
370 439 6.0
370 476 30.0
370 477 12.0
370 478 22.0
370 480 8.0
370 483 345.0
370 484 136.0
370 485 245.0
370 486 16.0
370 489 2.0
370 490 12.0
370 491 12.0
370 492 372.0
370 493 77.0
370 494 711.0
370 495 44.0
370 500 8.0
370 502 497.0
370 503 467.0
370 504 7.0
370 505 21.0
370 506 17.0
370 511 3.0
370 513 43.0
370 514 28.0
370 515 1.0
370 516 26.0
370 517 25.0
370 522 7.0
370 523 12.0
370 524 7.0
370 525 18.0
370 526 8.0
370 527 3.0
370 528 45.0
370 537 9.0
370 538 6.0
370 539 6.0
370 548 3.0
370 549 52.0
370 557 15.0
370 558 22.0
370 559 22.0
370 560 1.0
370 561 15.0
370 564 1.0
370 620 106.0
370 625 22.0
370 626 88.0
370 627 53.0
370 628 96.0
370 629 1.0
370 630 1.0
370 634 2.0
370 635 36.0
370 636 6.0
370 644 19.0
370 645 2.0
370 655 28.0
370 656 13.0
370 659 5.0
370 664 1.0
370 670 76.0
370 680 1.0
370 682 76.0
370 691 1.0
370 694 86.0
370 706 21.0
370 713 4.0
370 714 4.0
370 757 37.0
370 763 3.0
370 764 57.0
370 772 3.0
370 773 3.0
370 783 27.0
370 795 30.0
370 796 1.0
370 807 19.0
370 810 19.0
370 819 19.0
370 830 5.0
370 840 3.0
370 879 1.0
370 880 54.0
370 889 8.0
370 899 11.0
370 909 12.0
370 919 2.0
370 972 3.0
370 992 5.0
370 1001 1.0
370 1049 4.0
370 1054 1.0
370 1055 1.0
371 372 39.0
371 381 17.0
371 382 19.0
371 383 6.0
371 384 51.0
371 385 1.0
371 386 1.0
371 392 17.0
371 393 3.0
371 394 1.0
371 395 7.0
371 396 39.0
371 397 23.0
371 398 15.0
371 403 1.0
371 404 17.0
371 407 58.0
371 408 10.0
371 409 9.0
371 410 2.0
371 415 3.0
371 416 1.0
371 417 2.0
371 419 82.0
371 420 1.0
371 425 1.0
371 429 4.0
371 430 72.0
371 431 82.0
371 439 10.0
371 440 19.0
371 448 3.0
371 449 6.0
371 458 1.0
371 459 1.0
371 476 4.0
371 477 93.0
371 483 32.0
371 484 68.0
371 485 432.0
371 486 5.0
371 490 3.0
371 491 19.0
371 492 38.0
371 493 201.0
371 494 403.0
371 495 2.0
371 500 1.0
371 502 59.0
371 503 335.0
371 504 12.0
371 505 540.0
371 506 2.0
371 513 16.0
371 514 56.0
371 515 48.0
371 516 110.0
371 517 47.0
371 523 2.0
371 524 1.0
371 525 3.0
371 526 25.0
371 527 17.0
371 528 224.0
371 529 11.0
371 535 1.0
371 536 1.0
371 537 2.0
371 538 5.0
371 539 21.0
371 541 2.0
371 542 3.0
371 552 1.0
371 559 1.0
371 562 2.0
371 564 1.0
371 570 1.0
371 572 2.0
371 573 1.0
371 574 7.0
371 575 2.0
371 576 1.0
371 583 1.0
371 584 3.0
371 585 3.0
371 592 1.0
371 593 2.0
371 594 2.0
371 603 1.0
371 619 6.0
371 620 26.0
371 626 9.0
371 627 66.0
371 628 21.0
371 634 5.0
371 635 168.0
371 636 247.0
371 637 15.0
371 644 18.0
371 645 10.0
371 646 150.0
371 647 283.0
371 648 11.0
371 656 2.0
371 657 258.0
371 658 121.0
371 659 11.0
371 668 7.0
371 669 15.0
371 670 339.0
371 671 3.0
371 680 1.0
371 681 3.0
371 682 150.0
371 692 1.0
371 694 306.0
371 706 540.0
371 712 1.0
371 713 1.0
371 714 1.0
371 716 8.0
371 717 7.0
371 726 11.0
371 727 1.0
371 756 1.0
371 757 8.0
371 758 4.0
371 764 151.0
371 766 2.0
371 773 5.0
371 775 2.0
371 783 1.0
371 784 3.0
371 785 4.0
371 795 1.0
371 797 52.0
371 807 5.0
371 808 1.0
371 809 3.0
371 810 257.0
371 819 5.0
371 874 1.0
371 879 2.0
371 880 138.0
371 881 4.0
371 882 2.0
371 890 2.0
371 900 1.0
371 919 1.0
371 972 3.0
371 993 6.0
371 1049 1.0
372 383 3.0
372 384 565.0
372 385 40.0
372 386 5.0
372 393 2.0
372 394 11.0
372 395 7.0
372 396 373.0
372 397 13.0
372 398 18.0
372 405 1.0
372 406 8.0
372 407 9.0
372 408 8.0
372 409 26.0
372 410 8.0
372 416 1.0
372 420 2.0
372 421 1.0
372 427 2.0
372 505 18.0
372 506 2.0
372 516 270.0
372 517 80.0
372 518 28.0
372 527 4.0
372 528 4.0
372 537 1.0
372 538 4.0
372 539 4.0
372 541 1.0
372 549 11.0
372 561 4.0
372 562 3.0
372 572 3.0
372 648 1.0
372 659 114.0
372 682 1.0
372 715 1.0
372 716 1.0
373 385 16.0
373 398 4.0
373 407 1.0
373 408 4.0
373 419 1.0
373 430 2.0
373 431 1.0
373 440 2.0
373 505 5.0
373 517 6.0
375 376 14.0
375 377 4.0
375 378 1.0
375 387 1.0
375 388 1.0
375 389 2.0
375 401 1.0
375 412 3.0
375 424 1.0
375 498 1.0
375 507 42.0
375 508 6.0
375 509 4.0
375 511 1.0
375 521 3.0
375 650 1.0
375 778 1.0
376 377 3.0
376 378 1.0
376 388 71.0
376 389 1.0
376 401 2.0
376 412 8.0
376 489 9.0
376 498 23.0
376 500 9.0
376 508 87.0
376 509 12.0
376 511 1.0
376 521 2.0
376 522 1.0
376 631 1.0
376 640 2.0
376 650 1.0
376 754 1.0
377 378 497.0
377 379 83.0
377 380 1.0
377 388 4.0
377 389 5713.0
377 390 46.0
377 391 1.0
377 392 3.0
377 400 2.0
377 401 55.0
377 402 33.0
377 403 14.0
377 404 3.0
377 406 3.0
377 407 1.0
377 412 4.0
377 413 3.0
377 414 1.0
377 415 8.0
377 416 5.0
377 424 15.0
377 425 3.0
377 427 2.0
377 436 6.0
377 437 5.0
377 438 5.0
377 480 1.0
377 488 22.0
377 489 113.0
377 490 2.0
377 497 199.0
377 498 89.0
377 499 124.0
377 500 17.0
377 507 145.0
377 508 2708.0
377 509 2948.0
377 510 48.0
377 511 254.0
377 519 2.0
377 520 8.0
377 521 15.0
377 522 24.0
377 523 39.0
377 524 7.0
377 525 1.0
377 526 1.0
377 532 1.0
377 533 1.0
377 534 1.0
377 535 3.0
377 536 5.0
377 537 1.0
377 538 4.0
377 539 1.0
377 547 3.0
377 548 12.0
377 559 2.0
377 560 9.0
377 622 1.0
377 623 1.0
377 630 2.0
377 631 112.0
377 639 155.0
377 640 136.0
377 642 2.0
377 649 584.0
377 650 1582.0
377 651 15.0
377 652 3.0
377 653 206.0
377 663 1.0
377 678 1.0
377 680 1.0
377 689 3.0
377 690 1.0
377 699 1.0
377 715 2.0
377 753 7.0
377 754 62.0
377 760 3.0
377 767 8.0
377 768 2.0
377 769 15.0
377 770 4.0
377 778 26.0
377 779 6.0
377 780 1.0
377 782 7.0
377 791 1.0
377 803 1.0
377 815 1.0
377 873 2.0
377 885 2.0
377 893 4.0
377 895 7.0
377 903 2.0
377 981 1.0
378 379 741.0
378 380 18.0
378 381 2.0
378 389 263.0
378 390 43.0
378 391 242.0
378 392 18.0
378 393 1.0
378 401 11.0
378 402 3.0
378 403 4.0
378 404 15.0
378 407 4.0
378 413 2.0
378 414 2.0
378 415 6.0
378 416 114.0
378 417 3.0
378 424 3.0
378 426 2.0
378 427 130.0
378 428 5.0
378 438 2.0
378 480 3.0
378 488 1.0
378 489 138.0
378 490 5.0
378 491 1.0
378 492 1.0
378 498 50.0
378 499 126.0
378 500 29.0
378 501 1.0
378 507 12.0
378 508 9.0
378 509 59.0
378 510 3.0
378 511 1030.0
378 512 1.0
378 522 1.0
378 523 408.0
378 524 22.0
378 525 5.0
378 526 4.0
378 535 254.0
378 536 366.0
378 537 10.0
378 538 17.0
378 539 4.0
378 547 1.0
378 548 317.0
378 550 6.0
378 560 404.0
378 561 36.0
378 630 5.0
378 631 90.0
378 640 104.0
378 642 6.0
378 649 7.0
378 650 18.0
378 651 1.0
378 652 1.0
378 653 983.0
378 654 4.0
378 666 1.0
378 676 2.0
378 677 1.0
378 678 163.0
378 679 50.0
378 680 14.0
378 681 1.0
378 689 2.0
378 690 27.0
378 692 1.0
378 701 1.0
378 702 3.0
378 713 2.0
378 714 2.0
378 753 1.0
378 754 37.0
378 770 5.0
378 771 29.0
378 779 1.0
378 782 116.0
378 794 3.0
378 805 2.0
378 806 3.0
378 818 2.0
378 873 7.0
378 887 2.0
378 895 1.0
378 903 1.0
379 380 691.0
379 381 10.0
379 382 1.0
379 389 64.0
379 390 42.0
379 391 331.0
379 392 314.0
379 393 1.0
379 401 8.0
379 402 6.0
379 403 15.0
379 404 326.0
379 413 4.0
379 414 1.0
379 416 480.0
379 417 7.0
379 419 1.0
379 424 5.0
379 426 1.0
379 427 30.0
379 428 3.0
379 429 1.0
379 435 1.0
379 447 1.0
379 473 1.0
379 479 5.0
379 480 56.0
379 487 2.0
379 488 2.0
379 489 754.0
379 490 18.0
379 498 3.0
379 499 277.0
379 500 409.0
379 501 5.0
379 507 1.0
379 509 4.0
379 510 42.0
379 511 1482.0
379 512 3.0
379 516 1.0
379 521 2.0
379 522 2.0
379 523 336.0
379 524 9.0
379 525 2.0
379 526 3.0
379 534 6.0
379 535 17.0
379 536 234.0
379 547 3.0
379 548 133.0
379 549 1.0
379 550 4.0
379 557 3.0
379 558 3.0
379 559 3.0
379 560 124.0
379 561 5.0
379 573 3.0
379 621 5.0
379 622 45.0
379 629 18.0
379 630 38.0
379 631 75.0
379 633 4.0
379 640 186.0
379 642 3.0
379 643 6.0
379 649 1.0
379 650 40.0
379 652 9.0
379 653 1265.0
379 654 7.0
379 666 2.0
379 668 2.0
379 676 1.0
379 678 9.0
379 679 6.0
379 680 9.0
379 690 6.0
379 691 3.0
379 692 1.0
379 702 1.0
379 703 2.0
379 713 8.0
379 714 2.0
379 715 3.0
379 762 4.0
379 767 2.0
379 770 2.0
379 771 35.0
379 779 4.0
379 780 1.0
379 781 3.0
379 782 192.0
379 794 74.0
379 803 1.0
379 804 1.0
379 805 1.0
379 806 72.0
379 818 55.0
379 829 5.0
379 840 1.0
379 885 1.0
379 895 4.0
379 916 1.0
379 998 1.0
379 1052 1.0
380 381 640.0
380 382 59.0
380 383 19.0
380 384 3.0
380 390 6.0
380 391 24.0
380 392 3164.0
380 393 4.0
380 394 6.0
380 395 2.0
380 401 1.0
380 402 1.0
380 403 74.0
380 404 3026.0
380 405 27.0
380 406 5.0
380 407 15.0
380 413 4.0
380 414 30.0
380 415 7.0
380 416 506.0
380 417 45.0
380 418 11.0
380 419 12.0
380 424 4.0
380 425 56.0
380 426 4.0
380 427 12.0
380 428 26.0
380 429 19.0
380 430 6.0
380 431 2.0
380 435 174.0
380 436 260.0
380 437 49.0
380 438 31.0
380 439 93.0
380 445 61.0
380 446 120.0
380 447 193.0
380 448 76.0
380 449 1.0
380 454 73.0
380 455 86.0
380 456 27.0
380 461 2.0
380 462 19.0
380 463 27.0
380 464 5.0
380 469 7.0
380 470 1.0
380 478 4.0
380 479 1.0
380 480 8.0
380 483 6.0
380 489 144.0
380 490 1.0
380 492 11.0
380 493 1.0
380 494 14.0
380 498 1.0
380 499 30.0
380 500 126.0
380 501 1.0
380 502 35.0
380 503 4.0
380 504 6.0
380 510 10.0
380 511 415.0
380 512 1.0
380 513 2.0
380 514 241.0
380 515 19.0
380 516 3.0
380 521 2.0
380 522 4.0
380 523 73.0
380 524 1.0
380 525 3.0
380 526 153.0
380 527 15.0
380 528 13.0
380 529 2.0
380 535 3.0
380 536 79.0
380 537 4.0
380 538 9.0
380 539 10.0
380 540 21.0
380 541 37.0
380 542 26.0
380 548 251.0
380 549 5.0
380 551 82.0
380 557 7.0
380 558 13.0
380 559 15.0
380 560 252.0
380 561 12.0
380 563 16.0
380 568 1.0
380 569 119.0
380 570 6.0
380 571 2.0
380 572 1.0
380 573 33.0
380 574 1.0
380 577 1.0
380 578 6.0
380 579 15.0
380 580 580.0
380 581 7.0
380 582 3.0
380 583 75.0
380 589 3.0
380 590 8.0
380 591 235.0
380 592 33.0
380 597 3.0
380 598 5.0
380 599 6.0
380 600 2.0
380 607 5.0
380 621 3.0
380 622 13.0
380 629 5.0
380 630 7.0
380 631 11.0
380 634 2.0
380 640 12.0
380 643 2.0
380 644 7.0
380 645 1.0
380 646 8.0
380 650 3.0
380 652 1.0
380 653 352.0
380 654 2.0
380 655 11.0
380 656 225.0
380 657 7.0
380 667 1.0
380 669 11.0
380 670 8.0
380 676 2.0
380 678 3.0
380 680 1.0
380 682 11.0
380 684 2.0
380 691 11.0
380 693 6.0
380 694 6.0
380 697 1.0
380 698 11.0
380 699 2.0
380 703 3.0
380 704 1.0
380 705 1.0
380 710 18.0
380 711 1.0
380 713 1.0
380 714 8.0
380 715 3.0
380 721 11.0
380 722 105.0
380 723 1.0
380 724 2.0
380 726 1.0
380 730 2.0
380 731 13.0
380 732 62.0
380 741 17.0
380 753 1.0
380 763 1.0
380 764 1.0
380 765 2.0
380 767 1.0
380 771 7.0
380 772 3.0
380 773 2.0
380 780 2.0
380 782 38.0
380 783 92.0
380 784 1.0
380 785 2.0
380 791 1.0
380 794 25.0
380 795 376.0
380 797 3.0
380 803 1.0
380 805 1.0
380 806 25.0
380 807 324.0
380 815 1.0
380 818 19.0
380 819 305.0
380 821 2.0
380 830 18.0
380 832 1.0
380 836 2.0
380 837 4.0
380 838 1.0
380 840 8.0
380 857 15.0
380 880 1.0
380 889 8.0
380 900 1.0
380 908 1.0
380 909 19.0
380 918 15.0
380 919 2.0
380 920 1.0
380 930 1.0
380 992 19.0
380 1002 3.0
380 1011 1.0
380 1049 5.0
381 382 1017.0
381 383 160.0
381 384 32.0
381 390 2.0
381 391 35.0
381 392 2130.0
381 393 438.0
381 394 39.0
381 395 1.0
381 402 1.0
381 403 11.0
381 404 2120.0
381 405 226.0
381 406 7.0
381 407 66.0
381 414 2.0
381 415 21.0
381 416 269.0
381 417 480.0
381 418 11.0
381 419 27.0
381 420 8.0
381 424 1.0
381 425 5.0
381 427 9.0
381 428 2.0
381 429 22.0
381 431 16.0
381 435 26.0
381 436 31.0
381 438 5.0
381 439 33.0
381 445 1.0
381 446 3.0
381 447 7.0
381 448 8.0
381 449 3.0
381 450 1.0
381 451 12.0
381 452 11.0
381 454 1.0
381 455 3.0
381 463 1.0
381 467 5.0
381 476 1.0
381 478 4.0
381 480 1.0
381 483 21.0
381 485 20.0
381 486 2.0
381 489 4.0
381 490 1.0
381 491 1.0
381 492 30.0
381 493 4.0
381 494 203.0
381 495 1.0
381 499 3.0
381 500 1.0
381 502 92.0
381 503 18.0
381 504 66.0
381 505 1.0
381 511 8.0
381 513 5.0
381 514 941.0
381 515 35.0
381 516 14.0
381 517 2.0
381 522 5.0
381 523 5.0
381 525 20.0
381 526 246.0
381 527 92.0
381 528 64.0
381 529 37.0
381 536 23.0
381 537 7.0
381 538 74.0
381 539 70.0
381 540 3.0
381 541 1.0
381 542 2.0
381 548 55.0
381 549 47.0
381 551 6.0
381 552 1.0
381 557 22.0
381 558 56.0
381 559 57.0
381 560 90.0
381 561 38.0
381 562 2.0
381 563 8.0
381 568 1.0
381 569 3.0
381 570 5.0
381 571 3.0
381 573 10.0
381 574 1.0
381 580 12.0
381 581 1.0
381 582 1.0
381 583 6.0
381 584 2.0
381 591 6.0
381 592 2.0
381 597 1.0
381 620 2.0
381 626 1.0
381 627 1.0
381 629 1.0
381 630 1.0
381 631 2.0
381 634 4.0
381 635 7.0
381 636 5.0
381 640 1.0
381 641 1.0
381 644 18.0
381 645 6.0
381 646 50.0
381 653 6.0
381 655 108.0
381 656 615.0
381 657 65.0
381 659 2.0
381 664 1.0
381 667 12.0
381 669 71.0
381 670 23.0
381 678 1.0
381 680 12.0
381 681 3.0
381 682 19.0
381 683 1.0
381 690 7.0
381 691 11.0
381 693 1.0
381 694 12.0
381 695 1.0
381 696 1.0
381 703 2.0
381 704 1.0
381 705 1.0
381 713 5.0
381 714 23.0
381 715 3.0
381 721 1.0
381 722 2.0
381 724 2.0
381 732 1.0
381 764 9.0
381 765 12.0
381 772 6.0
381 773 2.0
381 774 9.0
381 780 2.0
381 783 403.0
381 784 2.0
381 785 12.0
381 795 1025.0
381 796 10.0
381 797 23.0
381 800 2.0
381 807 895.0
381 808 3.0
381 809 2.0
381 819 858.0
381 830 68.0
381 832 1.0
381 840 30.0
381 880 10.0
381 888 1.0
381 889 13.0
381 898 5.0
381 899 1.0
381 900 1.0
381 908 1.0
381 909 83.0
381 910 4.0
381 918 22.0
381 919 4.0
381 929 2.0
381 955 1.0
381 985 1.0
381 992 57.0
381 993 2.0
381 1049 14.0
381 1055 12.0
382 383 590.0
382 384 85.0
382 389 1.0
382 391 8.0
382 392 1019.0
382 393 709.0
382 394 325.0
382 395 10.0
382 401 1.0
382 402 1.0
382 403 20.0
382 404 947.0
382 405 84.0
382 406 7.0
382 407 4.0
382 413 1.0
382 415 14.0
382 416 195.0
382 417 226.0
382 418 2.0
382 425 4.0
382 427 31.0
382 428 4.0
382 429 8.0
382 431 1.0
382 435 1.0
382 436 2.0
382 437 1.0
382 438 1.0
382 439 29.0
382 447 1.0
382 448 3.0
382 449 2.0
382 451 2.0
382 452 2.0
382 453 1.0
382 455 4.0
382 467 1.0
382 476 12.0
382 478 2.0
382 483 53.0
382 484 2.0
382 485 4.0
382 486 1.0
382 491 9.0
382 492 67.0
382 493 19.0
382 494 127.0
382 495 1.0
382 502 609.0
382 503 28.0
382 504 33.0
382 505 1.0
382 511 1.0
382 513 192.0
382 514 1408.0
382 515 4.0
382 516 7.0
382 522 9.0
382 523 6.0
382 524 12.0
382 525 29.0
382 526 435.0
382 527 31.0
382 528 242.0
382 529 96.0
382 534 2.0
382 535 10.0
382 536 11.0
382 537 156.0
382 538 110.0
382 539 3.0
382 540 5.0
382 541 5.0
382 542 1.0
382 548 22.0
382 549 526.0
382 550 1.0
382 551 2.0
382 552 1.0
382 557 60.0
382 558 100.0
382 559 117.0
382 560 40.0
382 561 275.0
382 562 4.0
382 563 11.0
382 564 1.0
382 570 16.0
382 571 3.0
382 573 13.0
382 581 2.0
382 582 1.0
382 583 2.0
382 620 15.0
382 626 4.0
382 627 6.0
382 634 88.0
382 635 258.0
382 636 10.0
382 644 174.0
382 645 30.0
382 646 6.0
382 655 50.0
382 656 177.0
382 657 6.0
382 666 2.0
382 667 1.0
382 669 20.0
382 670 119.0
382 677 1.0
382 678 5.0
382 679 3.0
382 680 34.0
382 682 107.0
382 689 2.0
382 690 3.0
382 691 164.0
382 692 6.0
382 694 77.0
382 703 1.0
382 704 8.0
382 706 1.0
382 713 37.0
382 714 43.0
382 715 1.0
382 724 1.0
382 756 2.0
382 763 14.0
382 764 561.0
382 765 4.0
382 772 4.0
382 773 6.0
382 783 173.0
382 784 9.0
382 785 9.0
382 786 1.0
382 795 208.0
382 796 2.0
382 797 15.0
382 807 168.0
382 808 1.0
382 809 1.0
382 810 1.0
382 819 168.0
382 820 1.0
382 830 36.0
382 840 36.0
382 879 5.0
382 880 562.0
382 888 1.0
382 889 2.0
382 890 5.0
382 898 1.0
382 899 3.0
382 900 5.0
382 909 46.0
382 919 5.0
382 929 4.0
382 938 1.0
382 939 3.0
382 948 2.0
382 972 44.0
382 984 1.0
382 992 32.0
382 993 3.0
382 1026 2.0
382 1049 20.0
382 1055 1.0
383 384 174.0
383 385 1.0
383 391 1.0
383 392 180.0
383 393 109.0
383 394 224.0
383 395 287.0
383 396 64.0
383 397 2.0
383 398 2.0
383 401 15.0
383 402 24.0
383 403 67.0
383 404 165.0
383 405 22.0
383 406 4.0
383 407 28.0
383 408 5.0
383 413 24.0
383 414 4.0
383 415 24.0
383 416 47.0
383 417 104.0
383 418 9.0
383 419 6.0
383 420 5.0
383 424 1.0
383 425 1.0
383 427 16.0
383 428 3.0
383 429 17.0
383 430 9.0
383 431 14.0
383 436 6.0
383 437 5.0
383 438 5.0
383 439 56.0
383 440 1.0
383 447 1.0
383 448 3.0
383 455 3.0
383 458 2.0
383 483 1.0
383 485 3.0
383 489 2.0
383 491 3.0
383 492 1.0
383 493 1.0
383 494 21.0
383 500 2.0
383 502 72.0
383 503 3.0
383 504 35.0
383 505 6.0
383 511 1.0
383 513 25.0
383 514 113.0
383 515 26.0
383 516 12.0
383 517 1.0
383 522 9.0
383 523 18.0
383 524 65.0
383 525 85.0
383 526 406.0
383 527 335.0
383 528 1058.0
383 529 191.0
383 534 8.0
383 535 25.0
383 536 23.0
383 537 106.0
383 538 459.0
383 539 5.0
383 540 1.0
383 541 3.0
383 542 3.0
383 547 2.0
383 548 8.0
383 549 221.0
383 550 40.0
383 551 5.0
383 552 35.0
383 557 5.0
383 558 7.0
383 559 73.0
383 560 10.0
383 561 287.0
383 562 19.0
383 563 7.0
383 564 8.0
383 570 61.0
383 571 2.0
383 572 1.0
383 573 17.0
383 576 1.0
383 580 1.0
383 581 3.0
383 582 3.0
383 583 1.0
383 585 1.0
383 590 1.0
383 600 1.0
383 620 1.0
383 627 1.0
383 634 24.0
383 635 21.0
383 636 6.0
383 644 31.0
383 645 1.0
383 646 1.0
383 655 2.0
383 656 3.0
383 657 1.0
383 670 806.0
383 672 4.0
383 677 8.0
383 678 3.0
383 679 5.0
383 680 185.0
383 681 9.0
383 682 738.0
383 689 6.0
383 690 6.0
383 691 129.0
383 692 19.0
383 694 611.0
383 695 1.0
383 701 4.0
383 702 12.0
383 704 87.0
383 706 29.0
383 712 6.0
383 713 139.0
383 714 160.0
383 724 1.0
383 763 1.0
383 764 68.0
383 783 1.0
383 795 2.0
383 797 3.0
383 807 2.0
383 809 1.0
383 810 23.0
383 819 2.0
383 822 2.0
383 823 2.0
383 830 19.0
383 831 3.0
383 832 3.0
383 840 56.0
383 842 1.0
383 880 67.0
383 972 4.0
384 385 198.0
384 386 77.0
384 392 37.0
384 393 18.0
384 394 17.0
384 395 1681.0
384 396 840.0
384 397 32.0
384 398 21.0
384 401 2.0
384 403 21.0
384 404 36.0
384 405 4.0
384 406 3.0
384 407 227.0
384 408 93.0
384 409 33.0
384 410 10.0
384 413 1.0
384 414 2.0
384 415 5.0
384 416 8.0
384 417 13.0
384 418 5.0
384 419 1213.0
384 420 9.0
384 422 1.0
384 425 2.0
384 427 3.0
384 428 8.0
384 429 756.0
384 430 495.0
384 431 230.0
384 436 15.0
384 438 3.0
384 439 1086.0
384 440 21.0
384 446 3.0
384 447 15.0
384 448 45.0
384 449 477.0
384 450 6.0
384 452 1.0
384 455 2.0
384 457 32.0
384 458 37.0
384 459 7.0
384 460 2.0
384 463 1.0
384 466 15.0
384 467 2.0
384 494 2.0
384 502 1.0
384 503 1.0
384 504 2.0
384 505 15.0
384 513 2.0
384 514 1.0
384 515 1.0
384 516 2144.0
384 517 58.0
384 518 7.0
384 523 1.0
384 525 1.0
384 526 43.0
384 527 5.0
384 528 343.0
384 529 243.0
384 530 15.0
384 534 4.0
384 535 1.0
384 536 2.0
384 537 13.0
384 538 46.0
384 539 17.0
384 540 1.0
384 542 1.0
384 547 2.0
384 548 1.0
384 549 21.0
384 550 7.0
384 551 7.0
384 557 2.0
384 558 2.0
384 559 22.0
384 560 1.0
384 561 25.0
384 562 45.0
384 563 2.0
384 564 5.0
384 570 22.0
384 571 2.0
384 572 43.0
384 573 20.0
384 574 22.0
384 575 2.0
384 580 9.0
384 581 16.0
384 582 17.0
384 583 7.0
384 584 17.0
384 585 7.0
384 590 2.0
384 591 2.0
384 592 9.0
384 593 4.0
384 594 4.0
384 595 1.0
384 602 3.0
384 603 2.0
384 610 3.0
384 636 1.0
384 644 1.0
384 659 82.0
384 664 3.0
384 669 1.0
384 670 46.0
384 675 1.0
384 676 1.0
384 680 26.0
384 681 3.0
384 682 47.0
384 690 1.0
384 691 7.0
384 692 5.0
384 693 3.0
384 694 46.0
384 701 3.0
384 702 7.0
384 704 30.0
384 705 2.0
384 712 2.0
384 713 7.0
384 714 6.0
384 715 1.0
384 721 1.0
384 726 9.0
384 736 4.0
384 763 1.0
384 792 2.0
384 797 2.0
384 821 1.0
384 822 3.0
384 823 3.0
384 830 3.0
384 831 5.0
384 832 5.0
384 840 11.0
384 841 2.0
384 930 1.0
384 939 1.0
384 955 3.0
384 1011 1.0
384 1062 1.0
385 386 69.0
385 393 1.0
385 394 1.0
385 395 1.0
385 396 61.0
385 397 249.0
385 398 66.0
385 403 3.0
385 407 9.0
385 408 28.0
385 409 3.0
385 410 3.0
385 417 2.0
385 418 1.0
385 419 6.0
385 421 1.0
385 429 1.0
385 430 5.0
385 431 114.0
385 439 1.0
385 440 7.0
385 448 1.0
385 449 1.0
385 450 1.0
385 459 1.0
385 466 1.0
385 505 14.0
385 516 1.0
385 517 35.0
385 518 4.0
385 528 101.0
385 529 111.0
385 530 31.0
385 539 4.0
385 551 2.0
385 559 3.0
385 562 10.0
385 563 4.0
385 564 8.0
385 572 10.0
385 573 2.0
385 583 2.0
385 592 1.0
385 593 1.0
385 682 8.0
386 396 1.0
386 397 8.0
386 398 4.0
386 408 4.0
386 419 1.0
386 431 1.0
386 439 1.0
386 449 1.0
386 505 1.0
386 530 37.0
387 389 1.0
387 401 1.0
387 521 2.0
388 389 2.0
388 390 9.0
388 391 3.0
388 399 1.0
388 401 3.0
388 427 2.0
388 445 1.0
388 489 5.0
388 497 1.0
388 498 12.0
388 500 4.0
388 507 6.0
388 508 70.0
388 509 6.0
388 511 3.0
388 519 2.0
388 520 1.0
388 521 67.0
388 522 22.0
388 523 10.0
388 524 1.0
388 532 2.0
388 533 437.0
388 534 8.0
388 535 27.0
388 536 1.0
388 538 2.0
388 548 11.0
388 560 19.0
388 561 1.0
388 631 222.0
388 640 10.0
388 641 38.0
388 652 52.0
388 653 3.0
388 662 7.0
388 663 143.0
388 664 19.0
388 666 1.0
388 668 1.0
388 676 7.0
388 678 2.0
388 679 1.0
388 687 2.0
388 688 2.0
388 690 14.0
388 691 1.0
388 699 1.0
388 700 3.0
388 769 18.0
388 780 5.0
388 781 4.0
388 791 96.0
388 792 97.0
388 793 4.0
388 794 2.0
388 802 11.0
388 803 13.0
388 804 2.0
388 816 2.0
388 895 87.0
388 903 2.0
388 974 1.0
388 981 90.0
389 390 206.0
389 391 16.0
389 392 1.0
389 395 1.0
389 400 2.0
389 401 1736.0
389 402 19.0
389 403 4.0
389 404 3.0
389 406 9.0
389 407 2.0
389 412 1.0
389 415 3.0
389 416 7.0
389 419 1.0
389 424 1.0
389 427 10.0
389 428 1.0
389 429 1.0
389 436 13.0
389 437 12.0
389 438 12.0
389 488 2.0
389 489 14.0
389 497 159.0
389 498 22.0
389 499 16.0
389 507 1189.0
389 508 2996.0
389 509 5814.0
389 510 6.0
389 511 172.0
389 516 1.0
389 519 1.0
389 520 27.0
389 521 2018.0
389 522 39.0
389 523 143.0
389 524 6.0
389 525 5.0
389 531 3.0
389 532 2.0
389 533 1.0
389 534 1.0
389 535 38.0
389 536 27.0
389 537 1.0
389 538 1.0
389 539 1.0
389 547 12.0
389 548 28.0
389 550 2.0
389 559 1.0
389 560 25.0
389 561 16.0
389 562 1.0
389 570 1.0
389 573 1.0
389 581 1.0
389 582 1.0
389 630 1.0
389 631 62.0
389 639 136.0
389 640 75.0
389 649 584.0
389 650 3190.0
389 651 71.0
389 653 146.0
389 654 1.0
389 661 2.0
389 662 38.0
389 663 161.0
389 664 1.0
389 676 1.0
389 678 25.0
389 679 14.0
389 680 2.0
389 689 12.0
389 690 2.0
389 691 2.0
389 701 2.0
389 702 1.0
389 703 1.0
389 704 1.0
389 714 1.0
389 715 2.0
389 753 2.0
389 754 16.0
389 760 7.0
389 767 66.0
389 768 13.0
389 769 51.0
389 778 261.0
389 779 1.0
389 781 1.0
389 782 16.0
389 791 90.0
389 792 4.0
389 793 6.0
389 794 5.0
389 802 1.0
389 806 4.0
389 818 4.0
389 828 2.0
389 829 3.0
389 873 1.0
389 877 2.0
389 893 5.0
389 895 81.0
389 903 6.0
389 981 41.0
390 391 146.0
390 392 4.0
390 394 2.0
390 395 4.0
390 396 1.0
390 401 132.0
390 402 3518.0
390 403 109.0
390 404 4.0
390 405 2.0
390 406 185.0
390 407 10.0
390 408 3.0
390 413 62.0
390 414 54.0
390 415 94.0
390 416 42.0
390 417 2.0
390 418 5.0
390 419 1.0
390 424 42.0
390 425 188.0
390 426 961.0
390 427 117.0
390 428 72.0
390 429 5.0
390 435 25.0
390 436 291.0
390 437 305.0
390 438 264.0
390 439 10.0
390 444 4.0
390 445 16.0
390 446 64.0
390 447 39.0
390 448 4.0
390 453 9.0
390 454 24.0
390 455 89.0
390 456 18.0
390 463 72.0
390 464 12.0
390 469 14.0
390 470 11.0
390 485 1.0
390 489 4.0
390 494 3.0
390 497 1.0
390 499 4.0
390 507 7.0
390 508 7.0
390 509 34.0
390 511 94.0
390 512 1.0
390 516 1.0
390 521 64.0
390 522 3769.0
390 523 197.0
390 524 2.0
390 527 3.0
390 528 1.0
390 532 6.0
390 533 5.0
390 534 12.0
390 535 537.0
390 536 136.0
390 537 1.0
390 538 2.0
390 539 6.0
390 540 2.0
390 541 2.0
390 542 1.0
390 546 127.0
390 547 51.0
390 548 373.0
390 549 5.0
390 550 9.0
390 551 18.0
390 558 100.0
390 559 18.0
390 560 384.0
390 561 66.0
390 562 30.0
390 563 7.0
390 567 1.0
390 568 4.0
390 569 7.0
390 570 7.0
390 571 7.0
390 572 1.0
390 573 11.0
390 579 6.0
390 580 526.0
390 583 12.0
390 589 32.0
390 590 32.0
390 591 53.0
390 592 3.0
390 599 1.0
390 600 2.0
390 607 2.0
390 631 260.0
390 640 12.0
390 641 37.0
390 646 3.0
390 649 1.0
390 650 11.0
390 652 303.0
390 653 69.0
390 654 1.0
390 657 3.0
390 663 19.0
390 664 208.0
390 669 3.0
390 677 3.0
390 678 101.0
390 679 78.0
390 680 33.0
390 681 1.0
390 689 1.0
390 690 73.0
390 691 54.0
390 692 4.0
390 693 1.0
390 697 2.0
390 698 4.0
390 699 56.0
390 700 72.0
390 701 12.0
390 702 7.0
390 703 16.0
390 704 8.0
390 711 12.0
390 712 61.0
390 713 31.0
390 714 10.0
390 715 45.0
390 721 55.0
390 722 8.0
390 723 3.0
390 730 1.0
390 731 3.0
390 732 54.0
390 733 2.0
390 741 32.0
390 742 2.0
390 748 1.0
390 754 2.0
390 769 1030.0
390 779 1.0
390 780 2.0
390 781 1.0
390 782 18.0
390 791 77.0
390 792 1.0
390 794 10.0
390 803 77.0
390 806 10.0
390 809 1.0
390 814 5.0
390 815 9.0
390 816 6.0
390 818 10.0
390 827 30.0
390 828 2.0
390 837 2.0
390 838 3.0
390 839 7.0
390 846 1.0
390 864 10.0
390 873 1.0
390 886 1.0
390 895 19.0
390 945 2.0
390 981 9.0
391 392 492.0
391 393 7.0
391 394 7.0
391 395 5.0
391 401 3.0
391 402 14.0
391 403 4.0
391 404 808.0
391 405 1.0
391 406 2.0
391 407 7.0
391 408 1.0
391 414 10.0
391 415 35.0
391 416 1645.0
391 417 12.0
391 419 5.0
391 424 10.0
391 426 16.0
391 427 562.0
391 428 77.0
391 429 5.0
391 430 1.0
391 435 6.0
391 436 7.0
391 438 9.0
391 447 3.0
391 448 1.0
391 455 1.0
391 456 2.0
391 464 2.0
391 480 1.0
391 488 2.0
391 489 24.0
391 498 2.0
391 499 20.0
391 500 7.0
391 502 1.0
391 509 1.0
391 510 8.0
391 511 177.0
391 512 36.0
391 514 1.0
391 516 3.0
391 522 320.0
391 523 57.0
391 524 232.0
391 525 1.0
391 526 3.0
391 527 1.0
391 532 2.0
391 533 4.0
391 534 23.0
391 535 451.0
391 536 1256.0
391 537 5.0
391 538 4.0
391 539 3.0
391 540 2.0
391 541 2.0
391 542 1.0
391 548 1678.0
391 550 16.0
391 557 3.0
391 558 3.0
391 559 3.0
391 560 1477.0
391 561 36.0
391 562 1.0
391 571 4.0
391 573 15.0
391 580 1.0
391 581 1.0
391 582 1.0
391 622 1.0
391 631 7.0
391 640 9.0
391 642 1.0
391 650 1.0
391 652 1.0
391 653 201.0
391 654 67.0
391 656 1.0
391 657 1.0
391 663 1.0
391 664 24.0
391 666 1.0
391 668 1.0
391 669 1.0
391 678 93.0
391 679 68.0
391 680 57.0
391 687 7.0
391 689 1.0
391 690 52.0
391 692 2.0
391 701 1.0
391 702 16.0
391 703 1.0
391 704 8.0
391 713 9.0
391 714 10.0
391 715 3.0
391 725 1.0
391 770 3.0
391 771 19.0
391 774 1.0
391 780 8.0
391 782 39.0
391 783 1.0
391 792 2.0
391 794 389.0
391 795 2.0
391 803 3.0
391 804 1.0
391 805 1.0
391 806 357.0
391 807 1.0
391 818 279.0
391 819 1.0
391 829 11.0
391 830 1.0
391 851 1.0
391 963 1.0
392 393 122.0
392 394 22.0
392 395 5.0
392 401 2.0
392 402 5.0
392 403 168.0
392 404 9121.0
392 405 7.0
392 406 7.0
392 407 25.0
392 413 2.0
392 414 2.0
392 415 10.0
392 416 2059.0
392 417 29.0
392 418 8.0
392 419 11.0
392 424 1.0
392 425 64.0
392 426 10.0
392 427 65.0
392 428 67.0
392 429 15.0
392 430 3.0
392 431 1.0
392 435 180.0
392 436 282.0
392 437 60.0
392 438 39.0
392 439 97.0
392 445 64.0
392 446 133.0
392 447 225.0
392 448 85.0
392 449 2.0
392 454 75.0
392 455 114.0
392 456 33.0
392 461 2.0
392 462 20.0
392 463 33.0
392 464 5.0
392 469 9.0
392 470 1.0
392 476 1.0
392 478 3.0
392 479 6.0
392 480 12.0
392 483 15.0
392 485 6.0
392 486 1.0
392 489 145.0
392 490 8.0
392 491 1.0
392 492 30.0
392 493 7.0
392 494 159.0
392 495 1.0
392 499 10.0
392 500 141.0
392 501 1.0
392 502 93.0
392 503 16.0
392 504 65.0
392 510 3.0
392 511 68.0
392 512 16.0
392 513 11.0
392 514 940.0
392 515 34.0
392 516 4.0
392 522 32.0
392 523 27.0
392 524 103.0
392 525 24.0
392 526 336.0
392 527 17.0
392 528 75.0
392 529 39.0
392 534 2.0
392 536 200.0
392 537 1.0
392 538 4.0
392 539 6.0
392 540 40.0
392 541 49.0
392 542 37.0
392 547 1.0
392 548 1207.0
392 549 4.0
392 551 90.0
392 557 3.0
392 558 5.0
392 559 7.0
392 560 1111.0
392 561 6.0
392 562 2.0
392 563 21.0
392 568 1.0
392 569 132.0
392 570 36.0
392 571 24.0
392 573 65.0
392 574 2.0
392 577 1.0
392 578 6.0
392 579 15.0
392 580 652.0
392 581 27.0
392 582 22.0
392 583 83.0
392 589 3.0
392 590 9.0
392 591 263.0
392 592 33.0
392 593 1.0
392 597 3.0
392 598 5.0
392 599 8.0
392 600 2.0
392 607 7.0
392 620 1.0
392 621 3.0
392 622 5.0
392 626 1.0
392 627 1.0
392 629 6.0
392 630 27.0
392 631 5.0
392 634 19.0
392 635 5.0
392 636 4.0
392 640 11.0
392 641 2.0
392 644 26.0
392 645 14.0
392 646 10.0
392 650 1.0
392 652 1.0
392 653 68.0
392 654 33.0
392 655 90.0
392 656 380.0
392 657 7.0
392 664 3.0
392 667 6.0
392 668 2.0
392 669 14.0
392 670 24.0
392 676 1.0
392 678 9.0
392 679 1.0
392 680 4.0
392 681 1.0
392 682 17.0
392 684 2.0
392 690 4.0
392 691 2.0
392 693 7.0
392 694 11.0
392 697 1.0
392 698 13.0
392 699 4.0
392 703 1.0
392 704 1.0
392 706 1.0
392 710 22.0
392 711 3.0
392 713 4.0
392 714 14.0
392 715 3.0
392 716 1.0
392 721 14.0
392 722 110.0
392 723 2.0
392 724 1.0
392 726 1.0
392 730 2.0
392 731 13.0
392 732 63.0
392 741 18.0
392 753 1.0
392 763 3.0
392 764 13.0
392 765 4.0
392 769 1.0
392 770 2.0
392 771 10.0
392 772 6.0
392 773 13.0
392 780 6.0
392 782 15.0
392 783 257.0
392 784 2.0
392 785 4.0
392 791 2.0
392 792 1.0
392 794 209.0
392 795 478.0
392 797 4.0
392 803 2.0
392 804 1.0
392 806 197.0
392 807 365.0
392 808 1.0
392 810 1.0
392 815 2.0
392 816 1.0
392 818 150.0
392 819 340.0
392 820 1.0
392 821 2.0
392 827 1.0
392 829 9.0
392 830 37.0
392 836 4.0
392 837 8.0
392 838 1.0
392 840 15.0
392 841 1.0
392 856 1.0
392 857 17.0
392 880 14.0
392 888 1.0
392 889 10.0
392 895 1.0
392 898 5.0
392 908 1.0
392 909 54.0
392 918 14.0
392 920 1.0
392 929 1.0
392 930 1.0
392 972 1.0
392 980 1.0
392 981 1.0
392 992 39.0
392 1002 3.0
392 1011 1.0
392 1049 16.0
392 1055 4.0
392 1062 1.0
393 394 436.0
393 395 52.0
393 396 1.0
393 402 1.0
393 403 9.0
393 404 88.0
393 405 232.0
393 406 4.0
393 407 87.0
393 413 1.0
393 414 3.0
393 415 10.0
393 416 303.0
393 417 573.0
393 418 13.0
393 419 2.0
393 420 1.0
393 424 1.0
393 425 2.0
393 427 35.0
393 428 3.0
393 431 1.0
393 435 1.0
393 436 10.0
393 437 1.0
393 438 11.0
393 439 40.0
393 446 5.0
393 447 4.0
393 448 1.0
393 455 2.0
393 463 2.0
393 480 1.0
393 483 7.0
393 485 29.0
393 486 3.0
393 489 1.0
393 490 1.0
393 492 14.0
393 493 12.0
393 494 66.0
393 500 1.0
393 502 80.0
393 503 6.0
393 511 1.0
393 513 105.0
393 514 340.0
393 516 15.0
393 517 1.0
393 525 1.0
393 526 354.0
393 527 207.0
393 528 49.0
393 529 16.0
393 535 1.0
393 536 7.0
393 537 198.0
393 538 66.0
393 539 107.0
393 540 3.0
393 548 7.0
393 549 653.0
393 551 1.0
393 552 1.0
393 557 173.0
393 558 262.0
393 559 263.0
393 560 6.0
393 561 312.0
393 562 19.0
393 563 3.0
393 569 2.0
393 570 4.0
393 571 3.0
393 573 4.0
393 580 7.0
393 591 2.0
393 620 4.0
393 629 1.0
393 630 1.0
393 634 24.0
393 635 13.0
393 636 9.0
393 644 76.0
393 645 6.0
393 646 55.0
393 655 7.0
393 656 107.0
393 657 86.0
393 666 2.0
393 669 112.0
393 670 29.0
393 678 4.0
393 679 5.0
393 681 1.0
393 682 22.0
393 683 2.0
393 684 1.0
393 689 3.0
393 690 1.0
393 691 45.0
393 694 24.0
393 703 5.0
393 706 7.0
393 707 1.0
393 713 1.0
393 714 1.0
393 722 2.0
393 732 1.0
393 763 11.0
393 764 57.0
393 765 14.0
393 773 3.0
393 774 18.0
393 783 40.0
393 784 1.0
393 785 19.0
393 795 55.0
393 797 19.0
393 807 42.0
393 810 7.0
393 819 41.0
393 830 19.0
393 840 14.0
393 880 57.0
393 889 1.0
393 899 1.0
393 900 3.0
393 909 10.0
393 972 7.0
393 992 9.0
393 993 3.0
393 1049 2.0
394 395 266.0
394 402 5.0
394 403 17.0
394 404 9.0
394 405 237.0
394 406 6.0
394 407 71.0
394 408 1.0
394 413 5.0
394 415 2.0
394 416 225.0
394 417 986.0
394 418 5.0
394 419 30.0
394 424 1.0
394 425 1.0
394 426 2.0
394 427 167.0
394 428 45.0
394 429 20.0
394 430 41.0
394 431 12.0
394 436 9.0
394 437 4.0
394 438 7.0
394 439 26.0
394 440 1.0
394 446 3.0
394 447 2.0
394 448 9.0
394 449 21.0
394 451 1.0
394 452 1.0
394 455 1.0
394 457 1.0
394 460 1.0
394 463 1.0
394 466 2.0
394 467 1.0
394 480 1.0
394 483 2.0
394 485 151.0
394 486 8.0
394 489 1.0
394 490 1.0
394 492 2.0
394 493 2.0
394 494 326.0
394 500 1.0
394 502 34.0
394 503 1.0
394 511 1.0
394 513 10.0
394 514 245.0
394 516 59.0
394 517 5.0
394 522 1.0
394 525 2.0
394 526 155.0
394 527 1124.0
394 528 92.0
394 529 8.0
394 535 9.0
394 536 10.0
394 537 519.0
394 538 620.0
394 539 59.0
394 540 19.0
394 541 18.0
394 542 3.0
394 548 13.0
394 549 2177.0
394 550 2.0
394 551 1.0
394 552 2.0
394 557 71.0
394 558 114.0
394 559 122.0
394 560 6.0
394 561 1562.0
394 562 5.0
394 563 19.0
394 570 2.0
394 571 4.0
394 573 21.0
394 574 2.0
394 580 1.0
394 581 3.0
394 584 3.0
394 592 1.0
394 594 1.0
394 629 1.0
394 630 1.0
394 634 31.0
394 635 4.0
394 636 31.0
394 644 39.0
394 645 1.0
394 646 290.0
394 655 5.0
394 656 56.0
394 657 425.0
394 659 2.0
394 669 486.0
394 670 73.0
394 672 3.0
394 677 1.0
394 678 7.0
394 679 1.0
394 680 8.0
394 682 50.0
394 683 1.0
394 684 2.0
394 690 4.0
394 691 269.0
394 692 1.0
394 694 53.0
394 703 8.0
394 704 3.0
394 706 10.0
394 712 1.0
394 713 3.0
394 714 2.0
394 715 2.0
394 716 1.0
394 724 2.0
394 736 1.0
394 764 24.0
394 765 21.0
394 774 95.0
394 783 99.0
394 785 31.0
394 795 103.0
394 797 12.0
394 807 50.0
394 810 10.0
394 819 49.0
394 830 13.0
394 840 13.0
394 842 1.0
394 880 25.0
394 898 1.0
394 899 2.0
394 909 51.0
394 972 2.0
394 992 13.0
394 1049 6.0
395 401 6.0
395 402 13.0
395 403 113.0
395 404 17.0
395 405 5.0
395 406 44.0
395 407 3731.0
395 408 21.0
395 413 5.0
395 414 14.0
395 415 49.0
395 416 75.0
395 417 98.0
395 418 224.0
395 419 3265.0
395 420 29.0
395 425 4.0
395 426 3.0
395 427 28.0
395 428 111.0
395 429 1539.0
395 430 1985.0
395 431 259.0
395 435 16.0
395 436 114.0
395 437 107.0
395 438 225.0
395 439 2401.0
395 440 154.0
395 441 20.0
395 446 18.0
395 447 26.0
395 448 144.0
395 449 977.0
395 450 30.0
395 452 7.0
395 455 7.0
395 456 1.0
395 457 59.0
395 458 72.0
395 459 22.0
395 460 7.0
395 463 7.0
395 466 59.0
395 467 9.0
395 469 1.0
395 472 11.0
395 484 1.0
395 485 657.0
395 486 109.0
395 494 1090.0
395 495 26.0
395 502 3.0
395 503 1.0
395 505 164.0
395 513 1.0
395 514 6.0
395 515 1.0
395 516 3542.0
395 517 37.0
395 522 6.0
395 524 31.0
395 525 98.0
395 526 40.0
395 527 3109.0
395 528 349.0
395 529 4.0
395 534 18.0
395 535 38.0
395 536 7.0
395 537 92.0
395 538 243.0
395 539 2441.0
395 547 4.0
395 548 7.0
395 549 248.0
395 550 99.0
395 551 290.0
395 552 2.0
395 557 6.0
395 558 11.0
395 559 129.0
395 561 264.0
395 562 53.0
395 563 180.0
395 569 1.0
395 570 143.0
395 571 26.0
395 572 11.0
395 573 414.0
395 574 88.0
395 575 4.0
395 576 8.0
395 580 82.0
395 581 267.0
395 582 288.0
395 583 73.0
395 584 114.0
395 585 49.0
395 590 5.0
395 591 23.0
395 592 51.0
395 593 9.0
395 594 18.0
395 595 9.0
395 600 1.0
395 602 21.0
395 603 8.0
395 610 18.0
395 634 2.0
395 635 1.0
395 636 417.0
395 644 3.0
395 645 1.0
395 646 379.0
395 647 5.0
395 655 11.0
395 657 569.0
395 658 92.0
395 659 49.0
395 662 1.0
395 664 9.0
395 667 1.0
395 669 706.0
395 670 230.0
395 672 1.0
395 675 1.0
395 676 6.0
395 677 1.0
395 678 4.0
395 679 1.0
395 680 282.0
395 681 1.0
395 682 169.0
395 683 2.0
395 689 4.0
395 691 17.0
395 692 7.0
395 693 138.0
395 694 187.0
395 695 2.0
395 701 10.0
395 702 42.0
395 704 348.0
395 705 38.0
395 706 33.0
395 712 33.0
395 713 19.0
395 714 15.0
395 715 30.0
395 716 1.0
395 717 2.0
395 721 3.0
395 722 13.0
395 723 1.0
395 724 20.0
395 726 78.0
395 727 1.0
395 732 1.0
395 733 4.0
395 736 4.0
395 741 1.0
395 744 7.0
395 764 2.0
395 765 5.0
395 774 167.0
395 775 4.0
395 776 1.0
395 783 11.0
395 785 7.0
395 792 4.0
395 793 4.0
395 795 14.0
395 797 2.0
395 804 1.0
395 807 1.0
395 809 3.0
395 810 27.0
395 816 1.0
395 819 8.0
395 820 7.0
395 821 107.0
395 822 30.0
395 823 29.0
395 827 1.0
395 830 75.0
395 831 157.0
395 832 35.0
395 833 2.0
395 837 6.0
395 838 3.0
395 839 2.0
395 840 146.0
395 841 24.0
395 851 1.0
395 860 6.0
395 880 1.0
395 891 3.0
395 895 1.0
395 896 2.0
395 906 1.0
395 909 11.0
395 925 1.0
395 929 3.0
395 930 97.0
395 931 12.0
395 939 53.0
395 940 2.0
395 941 2.0
395 944 1.0
395 947 2.0
395 948 23.0
395 955 13.0
395 956 1.0
395 963 2.0
395 980 1.0
395 981 2.0
395 992 5.0
395 1011 52.0
395 1018 3.0
395 1019 1.0
395 1020 1.0
395 1026 18.0
395 1033 1.0
395 1049 2.0
395 1062 17.0
395 1066 4.0
396 397 39.0
396 398 9.0
396 401 9.0
396 402 13.0
396 403 80.0
396 404 6.0
396 405 5.0
396 406 3.0
396 407 1321.0
396 408 316.0
396 409 35.0
396 410 19.0
396 414 3.0
396 415 54.0
396 416 34.0
396 417 22.0
396 418 12.0
396 419 1458.0
396 420 5.0
396 421 8.0
396 422 6.0
396 425 2.0
396 426 4.0
396 427 3.0
396 430 279.0
396 431 244.0
396 435 6.0
396 436 4.0
396 439 69.0
396 440 401.0
396 445 5.0
396 449 486.0
396 450 16.0
396 454 5.0
396 457 42.0
396 458 271.0
396 459 27.0
396 460 7.0
396 463 1.0
396 466 135.0
396 467 12.0
396 472 60.0
396 485 1.0
396 494 1.0
396 502 3.0
396 505 16.0
396 514 10.0
396 515 1.0
396 516 660.0
396 517 27.0
396 518 5.0
396 522 1.0
396 527 2.0
396 528 146.0
396 529 23.0
396 535 1.0
396 539 10.0
396 540 480.0
396 541 1031.0
396 542 1946.0
396 547 1.0
396 548 2.0
396 549 3.0
396 551 12.0
396 553 11.0
396 558 1.0
396 559 101.0
396 560 6.0
396 561 1.0
396 562 34.0
396 563 42.0
396 564 86.0
396 570 76.0
396 571 24.0
396 572 3.0
396 573 254.0
396 574 87.0
396 575 1.0
396 576 38.0
396 580 32.0
396 581 104.0
396 582 59.0
396 583 4.0
396 585 1.0
396 593 21.0
396 594 6.0
396 602 185.0
396 609 19.0
396 610 43.0
396 611 5.0
396 634 1.0
396 644 1.0
396 658 1.0
396 659 71.0
396 669 3.0
396 670 18.0
396 678 1.0
396 682 49.0
396 684 1.0
396 689 1.0
396 694 18.0
396 701 7.0
396 704 11.0
396 706 3.0
396 707 3.0
396 711 1.0
396 712 24.0
396 713 8.0
396 714 17.0
396 715 8.0
396 716 18.0
396 717 9.0
396 721 13.0
396 722 1.0
396 723 2.0
396 724 12.0
396 725 4.0
396 726 9.0
396 727 9.0
396 735 1.0
396 751 10.0
396 752 2.0
396 785 1.0
396 797 5.0
396 809 4.0
396 821 4.0
396 837 4.0
396 838 2.0
396 839 2.0
396 840 2.0
396 842 2.0
396 851 4.0
396 853 1.0
396 860 1.0
396 867 1.0
396 900 1.0
396 910 2.0
396 920 1.0
396 956 1.0
396 963 2.0
396 993 4.0
397 398 56.0
397 403 3.0
397 407 17.0
397 408 28.0
397 417 2.0
397 418 1.0
397 419 14.0
397 429 2.0
397 430 10.0
397 431 1.0
397 439 4.0
397 440 14.0
397 448 1.0
397 449 4.0
397 450 2.0
397 459 2.0
397 466 1.0
397 494 4.0
397 495 1.0
397 505 27.0
397 516 2.0
397 517 7.0
397 528 1.0
397 551 2.0
397 559 3.0
397 561 1.0
397 562 13.0
397 563 3.0
397 564 1.0
397 572 13.0
397 573 2.0
397 582 2.0
397 583 2.0
397 592 1.0
397 593 1.0
398 407 2.0
398 408 10.0
398 409 2.0
398 410 1.0
398 421 2.0
398 422 2.0
398 430 1.0
398 440 1.0
398 450 1.0
398 459 1.0
398 467 1.0
398 494 2.0
398 505 17.0
398 516 2.0
398 517 3.0
398 528 1.0
399 507 1.0
399 508 1.0
399 509 1.0
399 511 2.0
399 521 10.0
399 522 6.0
399 523 3.0
399 532 2.0
399 533 15.0
399 653 1.0
399 662 6.0
399 663 13.0
399 791 9.0
399 792 6.0
399 895 5.0
399 981 5.0
400 489 1.0
400 508 2.0
400 521 79.0
400 522 1.0
400 532 1.0
400 533 95.0
400 631 56.0
400 641 44.0
400 652 16.0
400 663 35.0
400 769 1.0
400 780 2.0
400 781 1.0
400 791 21.0
400 792 16.0
400 793 9.0
400 794 1.0
400 803 1.0
400 895 19.0
400 906 2.0
400 981 22.0
401 402 1820.0
401 403 8.0
401 404 3.0
401 405 3.0
401 406 30.0
401 407 43.0
401 408 8.0
401 412 2.0
401 413 881.0
401 414 352.0
401 415 17.0
401 416 24.0
401 417 4.0
401 418 3.0
401 419 4.0
401 424 7.0
401 425 10.0
401 426 17.0
401 427 34.0
401 428 9.0
401 429 2.0
401 436 148.0
401 437 55.0
401 438 43.0
401 439 24.0
401 445 1.0
401 446 32.0
401 447 69.0
401 448 28.0
401 449 1.0
401 455 8.0
401 456 12.0
401 463 5.0
401 469 2.0
401 485 3.0
401 486 1.0
401 489 11.0
401 494 5.0
401 497 40.0
401 498 8.0
401 499 1.0
401 500 1.0
401 507 464.0
401 508 541.0
401 509 1303.0
401 510 7.0
401 511 21.0
401 512 4.0
401 516 4.0
401 520 19.0
401 521 1253.0
401 522 412.0
401 523 114.0
401 524 293.0
401 525 138.0
401 526 119.0
401 527 8.0
401 528 7.0
401 529 1.0
401 531 3.0
401 533 26.0
401 534 655.0
401 535 773.0
401 536 101.0
401 537 7.0
401 538 61.0
401 539 66.0
401 540 38.0
401 541 60.0
401 542 39.0
401 545 2.0
401 546 35.0
401 547 19.0
401 548 91.0
401 549 1.0
401 550 38.0
401 551 60.0
401 558 329.0
401 559 569.0
401 560 375.0
401 561 29.0
401 562 49.0
401 563 108.0
401 569 2.0
401 570 471.0
401 571 8.0
401 572 10.0
401 573 171.0
401 574 1.0
401 580 490.0
401 581 164.0
401 582 116.0
401 583 26.0
401 589 1.0
401 590 204.0
401 591 26.0
401 592 1.0
401 599 12.0
401 600 25.0
401 607 7.0
401 613 1.0
401 631 187.0
401 636 4.0
401 639 15.0
401 640 108.0
401 641 10.0
401 646 5.0
401 649 13.0
401 650 428.0
401 651 83.0
401 652 9.0
401 653 25.0
401 654 7.0
401 657 1.0
401 658 1.0
401 661 2.0
401 662 32.0
401 663 123.0
401 664 145.0
401 665 1.0
401 666 6.0
401 668 6.0
401 669 11.0
401 670 2.0
401 676 363.0
401 677 276.0
401 678 201.0
401 679 26.0
401 680 66.0
401 681 7.0
401 682 21.0
401 684 6.0
401 689 25.0
401 690 444.0
401 691 30.0
401 692 43.0
401 694 6.0
401 699 108.0
401 700 95.0
401 701 207.0
401 702 37.0
401 703 2.0
401 704 30.0
401 710 1.0
401 711 1.0
401 712 636.0
401 713 156.0
401 714 185.0
401 715 13.0
401 716 2.0
401 722 38.0
401 723 2.0
401 724 12.0
401 727 1.0
401 732 15.0
401 741 63.0
401 742 5.0
401 748 3.0
401 767 18.0
401 769 83.0
401 771 3.0
401 778 80.0
401 779 1.0
401 780 5.0
401 782 7.0
401 791 229.0
401 792 8.0
401 793 4.0
401 794 39.0
401 795 9.0
401 796 2.0
401 802 1.0
401 803 140.0
401 804 156.0
401 805 312.0
401 806 223.0
401 815 12.0
401 816 7.0
401 817 32.0
401 818 25.0
401 828 2.0
401 829 2.0
401 831 5.0
401 836 1.0
401 837 11.0
401 838 13.0
401 839 1.0
401 840 2.0
401 842 5.0
401 846 1.0
401 847 6.0
401 848 30.0
401 857 2.0
401 858 1.0
401 886 25.0
401 893 1.0
401 895 88.0
401 896 9.0
401 903 14.0
401 905 11.0
401 906 148.0
401 907 3.0
401 909 7.0
401 916 343.0
401 917 1.0
401 919 2.0
401 925 48.0
401 926 7.0
401 929 2.0
401 936 3.0
401 939 2.0
401 944 31.0
401 945 9.0
401 948 1.0
401 953 32.0
401 960 4.0
401 969 20.0
401 980 9.0
401 981 78.0
401 988 14.0
401 989 200.0
401 990 9.0
401 992 1.0
401 995 2.0
401 996 1.0
401 998 375.0
401 1007 9.0
401 1026 1.0
401 1030 2.0
401 1031 1.0
401 1045 12.0
401 1046 81.0
401 1049 1.0
401 1051 2.0
401 1052 317.0
401 1057 8.0
401 1058 12.0
401 1063 5.0
402 403 491.0
402 404 11.0
402 405 2.0
402 406 1374.0
402 407 58.0
402 408 14.0
402 413 2732.0
402 414 7475.0
402 415 455.0
402 416 25.0
402 417 6.0
402 418 6.0
402 419 2.0
402 424 544.0
402 425 1076.0
402 426 1020.0
402 427 114.0
402 428 75.0
402 429 5.0
402 435 80.0
402 436 3142.0
402 437 2875.0
402 438 2827.0
402 439 44.0
402 444 5.0
402 445 23.0
402 446 98.0
402 447 118.0
402 448 48.0
402 449 2.0
402 453 19.0
402 454 25.0
402 455 188.0
402 456 23.0
402 463 130.0
402 464 12.0
402 466 1.0
402 469 22.0
402 470 12.0
402 485 4.0
402 486 1.0
402 489 3.0
402 494 8.0
402 499 3.0
402 509 7.0
402 510 9.0
402 511 14.0
402 512 5.0
402 516 1.0
402 519 5.0
402 520 57.0
402 521 23.0
402 522 3939.0
402 523 208.0
402 524 447.0
402 525 145.0
402 526 136.0
402 527 9.0
402 528 4.0
402 531 5.0
402 532 5.0
402 533 127.0
402 534 3534.0
402 535 2210.0
402 536 173.0
402 537 8.0
402 538 144.0
402 539 67.0
402 540 30.0
402 541 34.0
402 542 17.0
402 545 2.0
402 546 2310.0
402 547 2542.0
402 548 76.0
402 549 3.0
402 550 187.0
402 551 70.0
402 556 1.0
402 557 4.0
402 558 615.0
402 559 277.0
402 560 242.0
402 561 53.0
402 562 93.0
402 563 114.0
402 567 2.0
402 568 22.0
402 569 94.0
402 570 159.0
402 571 44.0
402 572 6.0
402 573 147.0
402 578 2.0
402 579 60.0
402 580 962.0
402 581 126.0
402 582 81.0
402 583 21.0
402 587 2.0
402 589 70.0
402 590 339.0
402 591 68.0
402 592 4.0
402 598 6.0
402 599 20.0
402 600 23.0
402 607 9.0
402 631 225.0
402 636 2.0
402 640 1.0
402 641 44.0
402 646 8.0
402 650 2.0
402 652 326.0
402 653 56.0
402 654 7.0
402 657 3.0
402 661 15.0
402 662 67.0
402 663 153.0
402 664 689.0
402 665 89.0
402 666 17.0
402 668 13.0
402 669 11.0
402 675 66.0
402 676 5039.0
402 677 878.0
402 678 300.0
402 679 129.0
402 680 279.0
402 681 7.0
402 682 21.0
402 683 2.0
402 684 2.0
402 685 1.0
402 686 1.0
402 687 14.0
402 688 965.0
402 689 3601.0
402 690 1542.0
402 691 235.0
402 692 85.0
402 693 2.0
402 694 5.0
402 697 17.0
402 698 43.0
402 699 364.0
402 700 459.0
402 701 1890.0
402 702 90.0
402 703 41.0
402 704 124.0
402 705 1.0
402 709 4.0
402 710 23.0
402 711 15.0
402 712 1633.0
402 713 95.0
402 714 70.0
402 715 429.0
402 716 2.0
402 721 74.0
402 722 196.0
402 723 53.0
402 724 7.0
402 730 1.0
402 731 18.0
402 732 177.0
402 733 13.0
402 740 1.0
402 741 220.0
402 742 11.0
402 748 1.0
402 754 1.0
402 769 1146.0
402 770 8.0
402 771 3.0
402 779 88.0
402 780 260.0
402 781 79.0
402 782 8.0
402 790 150.0
402 791 420.0
402 792 380.0
402 793 727.0
402 794 308.0
402 795 11.0
402 796 3.0
402 802 5.0
402 803 386.0
402 804 2046.0
402 805 2594.0
402 806 583.0
402 808 1.0
402 814 113.0
402 815 49.0
402 816 705.0
402 817 1893.0
402 818 308.0
402 826 10.0
402 827 178.0
402 828 97.0
402 829 75.0
402 831 4.0
402 836 22.0
402 837 59.0
402 838 222.0
402 839 70.0
402 840 36.0
402 842 6.0
402 846 10.0
402 847 24.0
402 848 164.0
402 849 3.0
402 856 1.0
402 857 19.0
402 864 11.0
402 877 1.0
402 886 282.0
402 895 189.0
402 896 115.0
402 903 2.0
402 904 10.0
402 905 84.0
402 906 366.0
402 907 169.0
402 909 8.0
402 913 54.0
402 914 123.0
402 915 935.0
402 916 1627.0
402 917 64.0
402 919 4.0
402 923 5.0
402 924 178.0
402 925 414.0
402 926 1535.0
402 929 1.0
402 934 1.0
402 935 50.0
402 936 2.0
402 939 1.0
402 944 99.0
402 945 88.0
402 952 2.0
402 953 91.0
402 960 19.0
402 965 1.0
402 969 248.0
402 974 60.0
402 980 46.0
402 981 237.0
402 987 2.0
402 988 63.0
402 989 315.0
402 990 20.0
402 992 2.0
402 995 6.0
402 996 4.0
402 997 269.0
402 998 2523.0
402 999 2.0
402 1002 1.0
402 1005 9.0
402 1006 141.0
402 1007 1386.0
402 1008 1.0
402 1013 36.0
402 1014 7.0
402 1015 99.0
402 1021 1.0
402 1022 49.0
402 1023 1.0
402 1024 1.0
402 1030 8.0
402 1045 32.0
402 1046 117.0
402 1049 1.0
402 1051 44.0
402 1052 1952.0
402 1057 49.0
402 1058 232.0
402 1063 85.0
402 1064 1.0
403 404 5.0
403 405 52.0
403 406 917.0
403 407 719.0
403 408 221.0
403 413 4.0
403 414 1678.0
403 415 7543.0
403 416 24.0
403 417 39.0
403 418 69.0
403 419 194.0
403 420 24.0
403 424 17.0
403 425 114.0
403 426 1109.0
403 427 1001.0
403 428 304.0
403 429 99.0
403 430 31.0
403 431 59.0
403 435 118.0
403 436 6013.0
403 437 1998.0
403 438 1218.0
403 439 581.0
403 440 13.0
403 441 1.0
403 445 5.0
403 446 1797.0
403 447 1253.0
403 448 545.0
403 449 71.0
403 450 2.0
403 451 9.0
403 452 2.0
403 453 28.0
403 454 32.0
403 455 1326.0
403 456 968.0
403 458 3.0
403 459 2.0
403 460 2.0
403 462 27.0
403 463 1282.0
403 464 97.0
403 466 1.0
403 467 2.0
403 469 130.0
403 470 42.0
403 478 1.0
403 480 2.0
403 483 1.0
403 485 6.0
403 489 20.0
403 492 1.0
403 493 1.0
403 494 21.0
403 499 2.0
403 500 17.0
403 502 2.0
403 503 1.0
403 504 2.0
403 505 1.0
403 509 1.0
403 510 1.0
403 511 9.0
403 514 4.0
403 515 10.0
403 516 22.0
403 521 5.0
403 522 76.0
403 523 6.0
403 524 1.0
403 526 43.0
403 527 33.0
403 528 38.0
403 529 10.0
403 534 3.0
403 535 36.0
403 536 15.0
403 537 13.0
403 538 84.0
403 539 288.0
403 540 477.0
403 541 739.0
403 542 540.0
403 546 63.0
403 547 394.0
403 548 7.0
403 549 24.0
403 550 195.0
403 551 1053.0
403 552 1.0
403 554 1.0
403 555 1.0
403 557 11.0
403 558 1342.0
403 559 5981.0
403 560 43.0
403 561 53.0
403 562 1147.0
403 563 670.0
403 564 3.0
403 568 10.0
403 569 59.0
403 570 3470.0
403 571 244.0
403 572 256.0
403 573 1870.0
403 574 55.0
403 577 2.0
403 578 2.0
403 579 222.0
403 580 1611.0
403 581 1149.0
403 582 901.0
403 583 413.0
403 584 5.0
403 589 30.0
403 590 4439.0
403 591 419.0
403 592 56.0
403 593 3.0
403 594 2.0
403 596 1.0
403 598 76.0
403 599 1599.0
403 600 261.0
403 602 3.0
403 607 721.0
403 610 5.0
403 613 1.0
403 614 1.0
403 621 2.0
403 622 2.0
403 629 3.0
403 630 3.0
403 631 4.0
403 635 1.0
403 636 6.0
403 640 3.0
403 641 7.0
403 645 1.0
403 646 27.0
403 649 1.0
403 652 2.0
403 653 9.0
403 656 5.0
403 657 34.0
403 658 11.0
403 659 2.0
403 661 1.0
403 662 1.0
403 663 1.0
403 664 4.0
403 666 1.0
403 667 1.0
403 669 44.0
403 670 30.0
403 672 10.0
403 675 1.0
403 676 11.0
403 677 5.0
403 678 56.0
403 679 49.0
403 680 117.0
403 681 19.0
403 682 257.0
403 683 11.0
403 684 59.0
403 685 1.0
403 686 1.0
403 687 1.0
403 688 18.0
403 689 159.0
403 690 10.0
403 691 12.0
403 692 105.0
403 693 3.0
403 694 11.0
403 697 48.0
403 698 131.0
403 699 171.0
403 700 15.0
403 701 106.0
403 702 110.0
403 703 351.0
403 704 295.0
403 705 2.0
403 706 26.0
403 707 3.0
403 708 1.0
403 710 22.0
403 711 9.0
403 712 102.0
403 713 390.0
403 714 393.0
403 715 225.0
403 716 18.0
403 717 6.0
403 720 2.0
403 721 21.0
403 722 788.0
403 723 328.0
403 724 60.0
403 725 3.0
403 726 13.0
403 727 9.0
403 730 1.0
403 731 14.0
403 732 398.0
403 733 34.0
403 740 23.0
403 741 173.0
403 742 2.0
403 748 11.0
403 753 5.0
403 760 3.0
403 764 2.0
403 765 8.0
403 769 3.0
403 771 1.0
403 774 3.0
403 780 11.0
403 784 12.0
403 785 25.0
403 791 18.0
403 792 3.0
403 793 3.0
403 794 5.0
403 795 8.0
403 797 26.0
403 803 24.0
403 804 9.0
403 805 30.0
403 806 22.0
403 807 15.0
403 809 11.0
403 810 2.0
403 814 51.0
403 815 32.0
403 816 17.0
403 817 49.0
403 818 63.0
403 819 5.0
403 820 4.0
403 821 4.0
403 822 1.0
403 823 1.0
403 825 2.0
403 827 6.0
403 828 3.0
403 829 53.0
403 830 20.0
403 831 3.0
403 836 4.0
403 837 7.0
403 838 6.0
403 839 32.0
403 842 9.0
403 847 1.0
403 848 30.0
403 849 5.0
403 857 397.0
403 858 1.0
403 860 1.0
403 863 4.0
403 864 3.0
403 880 3.0
403 886 20.0
403 895 4.0
403 896 2.0
403 907 1.0
403 913 1.0
403 914 1.0
403 915 6.0
403 916 17.0
403 918 1.0
403 923 1.0
403 924 2.0
403 925 13.0
403 926 46.0
403 930 2.0
403 933 1.0
403 935 3.0
403 939 2.0
403 944 8.0
403 945 4.0
403 953 10.0
403 960 64.0
403 965 13.0
403 969 19.0
403 980 2.0
403 981 3.0
403 989 6.0
403 993 1.0
403 997 2.0
403 998 65.0
403 1006 2.0
403 1007 21.0
403 1018 1.0
403 1030 14.0
403 1052 32.0
403 1057 1.0
403 1058 1.0
403 1063 1.0
404 405 16.0
404 406 21.0
404 407 87.0
404 408 5.0
404 413 2.0
404 414 11.0
404 415 46.0
404 416 3975.0
404 417 90.0
404 418 16.0
404 419 44.0
404 420 6.0
404 424 6.0
404 425 1802.0
404 426 15.0
404 427 129.0
404 428 60.0
404 429 35.0
404 430 12.0
404 431 4.0
404 434 2.0
404 435 333.0
404 436 553.0
404 437 87.0
404 438 77.0
404 439 151.0
404 440 1.0
404 445 122.0
404 446 176.0
404 447 368.0
404 448 130.0
404 449 5.0
404 453 1.0
404 454 211.0
404 455 148.0
404 456 61.0
404 461 2.0
404 462 26.0
404 463 55.0
404 464 12.0
404 469 13.0
404 470 2.0
404 476 1.0
404 478 2.0
404 480 5.0
404 483 12.0
404 485 5.0
404 486 1.0
404 489 39.0
404 490 3.0
404 491 1.0
404 492 24.0
404 493 6.0
404 494 156.0
404 495 1.0
404 498 2.0
404 499 23.0
404 500 16.0
404 501 1.0
404 502 79.0
404 503 12.0
404 504 64.0
404 510 13.0
404 511 86.0
404 512 29.0
404 513 11.0
404 514 910.0
404 515 32.0
404 516 9.0
404 522 12.0
404 523 53.0
404 524 200.0
404 525 47.0
404 526 308.0
404 527 21.0
404 528 71.0
404 529 36.0
404 534 1.0
404 535 6.0
404 536 181.0
404 537 1.0
404 538 4.0
404 539 35.0
404 540 175.0
404 541 234.0
404 542 141.0
404 548 289.0
404 549 5.0
404 550 2.0
404 551 217.0
404 556 1.0
404 557 2.0
404 558 6.0
404 559 4.0
404 560 2341.0
404 561 189.0
404 562 62.0
404 563 251.0
404 567 4.0
404 568 48.0
404 569 2068.0
404 570 612.0
404 571 144.0
404 572 7.0
404 573 434.0
404 574 3.0
404 577 10.0
404 578 25.0
404 579 126.0
404 580 1623.0
404 581 310.0
404 582 354.0
404 583 288.0
404 584 1.0
404 587 1.0
404 588 4.0
404 589 60.0
404 590 24.0
404 591 455.0
404 592 61.0
404 593 1.0
404 594 1.0
404 597 5.0
404 598 51.0
404 599 15.0
404 600 12.0
404 606 1.0
404 607 16.0
404 620 1.0
404 622 2.0
404 626 1.0
404 627 1.0
404 629 1.0
404 630 1.0
404 631 5.0
404 634 12.0
404 635 3.0
404 636 4.0
404 640 9.0
404 642 1.0
404 644 22.0
404 645 10.0
404 646 6.0
404 650 1.0
404 652 3.0
404 653 104.0
404 654 56.0
404 655 79.0
404 656 374.0
404 657 5.0
404 664 2.0
404 666 2.0
404 667 4.0
404 669 17.0
404 670 22.0
404 672 4.0
404 676 1.0
404 678 21.0
404 679 2.0
404 680 11.0
404 681 2.0
404 682 32.0
404 683 1.0
404 684 11.0
404 690 3.0
404 691 110.0
404 692 14.0
404 693 12.0
404 694 11.0
404 697 14.0
404 698 136.0
404 699 13.0
404 700 1.0
404 701 1.0
404 703 24.0
404 704 31.0
404 709 2.0
404 710 179.0
404 711 9.0
404 712 2.0
404 713 3.0
404 714 24.0
404 715 87.0
404 716 1.0
404 721 149.0
404 722 194.0
404 723 14.0
404 724 3.0
404 726 2.0
404 730 13.0
404 731 237.0
404 732 1264.0
404 733 3.0
404 740 2.0
404 741 304.0
404 742 1.0
404 753 1.0
404 763 3.0
404 764 6.0
404 765 1.0
404 769 1.0
404 770 3.0
404 771 15.0
404 772 5.0
404 773 6.0
404 774 1.0
404 780 4.0
404 782 23.0
404 783 235.0
404 784 3.0
404 785 3.0
404 791 3.0
404 792 2.0
404 794 347.0
404 795 453.0
404 797 3.0
404 803 6.0
404 804 2.0
404 806 322.0
404 807 355.0
404 808 1.0
404 814 6.0
404 815 2.0
404 816 2.0
404 818 252.0
404 819 328.0
404 820 12.0
404 821 5.0
404 825 2.0
404 827 2.0
404 829 14.0
404 830 38.0
404 831 2.0
404 835 22.0
404 836 16.0
404 837 18.0
404 838 1.0
404 839 1.0
404 840 47.0
404 841 1.0
404 846 1.0
404 856 1.0
404 857 57.0
404 858 2.0
404 863 6.0
404 864 46.0
404 880 8.0
404 888 1.0
404 889 10.0
404 895 2.0
404 898 5.0
404 909 41.0
404 918 14.0
404 920 1.0
404 929 3.0
404 930 1.0
404 944 2.0
404 972 1.0
404 980 1.0
404 981 2.0
404 992 34.0
404 1002 5.0
404 1011 1.0
404 1019 2.0
404 1020 1.0
404 1049 14.0
404 1062 1.0
405 406 215.0
405 407 30.0
405 408 3.0
405 413 4.0
405 414 89.0
405 415 129.0
405 416 229.0
405 417 2326.0
405 418 19.0
405 419 27.0
405 420 9.0
405 424 7.0
405 425 63.0
405 426 24.0
405 427 25.0
405 428 13.0
405 429 20.0
405 430 3.0
405 431 5.0
405 435 13.0
405 436 52.0
405 437 3.0
405 438 12.0
405 439 100.0
405 440 3.0
405 444 2.0
405 445 6.0
405 446 20.0
405 447 27.0
405 448 27.0
405 449 32.0
405 450 2.0
405 451 112.0
405 452 107.0
405 453 2.0
405 454 2.0
405 455 19.0
405 456 1.0
405 457 5.0
405 458 8.0
405 459 1.0
405 460 5.0
405 461 1.0
405 462 3.0
405 463 7.0
405 464 3.0
405 466 9.0
405 467 20.0
405 469 2.0
405 470 1.0
405 485 1.0
405 494 2.0
405 502 10.0
405 513 6.0
405 514 21.0
405 522 4.0
405 525 3.0
405 526 79.0
405 527 14.0
405 528 12.0
405 529 5.0
405 534 1.0
405 535 2.0
405 536 3.0
405 537 162.0
405 538 19.0
405 539 58.0
405 540 101.0
405 541 94.0
405 542 34.0
405 546 1.0
405 548 2.0
405 549 284.0
405 550 11.0
405 551 18.0
405 557 13.0
405 558 25.0
405 559 54.0
405 560 16.0
405 561 878.0
405 562 80.0
405 563 161.0
405 568 1.0
405 569 26.0
405 570 73.0
405 571 16.0
405 572 2.0
405 573 175.0
405 574 8.0
405 577 1.0
405 578 2.0
405 579 11.0
405 580 113.0
405 581 66.0
405 582 14.0
405 583 27.0
405 584 4.0
405 589 3.0
405 590 1.0
405 591 23.0
405 592 9.0
405 593 5.0
405 594 5.0
405 602 2.0
405 610 1.0
405 634 1.0
405 635 3.0
405 636 1.0
405 644 4.0
405 646 5.0
405 656 5.0
405 657 4.0
405 669 10.0
405 670 4.0
405 672 1.0
405 678 7.0
405 679 28.0
405 682 25.0
405 684 1.0
405 688 2.0
405 689 5.0
405 690 2.0
405 691 462.0
405 692 1.0
405 693 1.0
405 694 3.0
405 697 1.0
405 698 4.0
405 699 1.0
405 700 1.0
405 701 1.0
405 703 31.0
405 704 2.0
405 706 3.0
405 707 1.0
405 710 4.0
405 713 1.0
405 714 1.0
405 715 7.0
405 716 5.0
405 717 2.0
405 721 1.0
405 722 18.0
405 723 8.0
405 724 7.0
405 726 3.0
405 727 2.0
405 732 7.0
405 736 3.0
405 764 8.0
405 765 3.0
405 783 7.0
405 785 4.0
405 786 1.0
405 795 8.0
405 797 2.0
405 798 1.0
405 807 7.0
405 810 1.0
405 819 7.0
405 822 3.0
405 823 1.0
405 830 1.0
405 833 1.0
405 834 3.0
405 840 1.0
405 852 1.0
405 853 1.0
405 857 5.0
405 880 8.0
405 891 1.0
405 900 1.0
405 901 1.0
405 972 2.0
405 1002 1.0
406 407 75.0
406 408 3.0
406 413 16.0
406 414 61.0
406 415 360.0
406 416 245.0
406 417 739.0
406 418 319.0
406 419 45.0
406 420 30.0
406 424 5.0
406 425 172.0
406 426 601.0
406 427 961.0
406 428 333.0
406 429 139.0
406 430 25.0
406 431 1.0
406 435 373.0
406 436 1469.0
406 437 5772.0
406 438 6508.0
406 439 48.0
406 440 66.0
406 444 5.0
406 445 12.0
406 446 150.0
406 447 199.0
406 448 27.0
406 449 30.0
406 450 55.0
406 451 107.0
406 452 100.0
406 453 72.0
406 454 8.0
406 455 91.0
406 456 72.0
406 457 1.0
406 458 8.0
406 459 9.0
406 460 3.0
406 462 2.0
406 463 44.0
406 464 2.0
406 466 8.0
406 467 11.0
406 469 4.0
406 470 1.0
406 472 3.0
406 485 2.0
406 493 1.0
406 494 6.0
406 503 1.0
406 505 2.0
406 509 1.0
406 514 1.0
406 515 6.0
406 516 16.0
406 522 152.0
406 524 1.0
406 525 6.0
406 526 8.0
406 527 40.0
406 528 4.0
406 535 17.0
406 536 6.0
406 537 3.0
406 538 2.0
406 539 36.0
406 540 14.0
406 541 23.0
406 542 17.0
406 546 25.0
406 547 693.0
406 548 3.0
406 549 10.0
406 550 132.0
406 551 15.0
406 557 5.0
406 558 24.0
406 559 914.0
406 560 31.0
406 561 260.0
406 562 2345.0
406 563 196.0
406 565 1.0
406 567 1.0
406 568 2.0
406 569 68.0
406 570 1175.0
406 571 5.0
406 572 79.0
406 573 85.0
406 574 56.0
406 575 5.0
406 576 3.0
406 578 3.0
406 579 77.0
406 580 110.0
406 581 39.0
406 582 22.0
406 583 65.0
406 584 7.0
406 585 1.0
406 587 1.0
406 589 53.0
406 590 23.0
406 591 96.0
406 592 15.0
406 593 32.0
406 594 9.0
406 595 2.0
406 597 8.0
406 598 42.0
406 599 11.0
406 602 6.0
406 603 4.0
406 606 3.0
406 607 2.0
406 610 4.0
406 631 4.0
406 635 1.0
406 636 2.0
406 641 1.0
406 644 1.0
406 645 1.0
406 646 10.0
406 650 1.0
406 652 7.0
406 653 2.0
406 656 2.0
406 657 25.0
406 658 6.0
406 659 2.0
406 664 10.0
406 667 1.0
406 669 25.0
406 670 5.0
406 676 13.0
406 678 27.0
406 679 33.0
406 680 3.0
406 682 4.0
406 684 1.0
406 688 11.0
406 689 761.0
406 690 14.0
406 691 53.0
406 692 2.0
406 693 5.0
406 694 2.0
406 696 1.0
406 697 7.0
406 698 20.0
406 699 5.0
406 700 6.0
406 701 164.0
406 702 39.0
406 703 88.0
406 704 61.0
406 705 42.0
406 706 24.0
406 707 6.0
406 708 1.0
406 710 27.0
406 711 2.0
406 712 270.0
406 713 77.0
406 714 70.0
406 715 91.0
406 716 37.0
406 717 15.0
406 719 2.0
406 720 6.0
406 721 12.0
406 722 12.0
406 723 16.0
406 724 5.0
406 725 8.0
406 726 9.0
406 727 4.0
406 730 4.0
406 731 2.0
406 732 10.0
406 741 2.0
406 742 1.0
406 751 1.0
406 764 1.0
406 765 3.0
406 769 30.0
406 774 8.0
406 780 2.0
406 784 2.0
406 785 4.0
406 786 2.0
406 791 3.0
406 793 3.0
406 794 12.0
406 795 1.0
406 797 3.0
406 798 3.0
406 803 5.0
406 804 4.0
406 805 78.0
406 806 33.0
406 807 2.0
406 809 2.0
406 810 8.0
406 815 1.0
406 816 6.0
406 817 428.0
406 818 87.0
406 821 3.0
406 822 10.0
406 823 1.0
406 827 3.0
406 828 4.0
406 829 27.0
406 831 59.0
406 832 2.0
406 833 1.0
406 835 1.0
406 836 5.0
406 837 7.0
406 838 15.0
406 839 6.0
406 840 1.0
406 841 6.0
406 842 2.0
406 847 2.0
406 848 14.0
406 851 11.0
406 852 3.0
406 860 6.0
406 867 1.0
406 880 1.0
406 886 33.0
406 891 2.0
406 896 4.0
406 900 2.0
406 901 5.0
406 907 3.0
406 909 1.0
406 910 1.0
406 915 2.0
406 916 63.0
406 917 4.0
406 924 2.0
406 925 4.0
406 926 325.0
406 929 1.0
406 930 1.0
406 935 1.0
406 939 28.0
406 940 6.0
406 944 1.0
406 945 4.0
406 947 2.0
406 948 28.0
406 949 2.0
406 950 2.0
406 953 1.0
406 955 4.0
406 962 2.0
406 963 9.0
406 969 33.0
406 993 1.0
406 996 1.0
406 997 1.0
406 998 198.0
406 1005 1.0
406 1006 25.0
406 1007 291.0
406 1013 4.0
406 1015 24.0
406 1018 6.0
406 1022 1.0
406 1026 20.0
406 1027 1.0
406 1032 1.0
406 1033 2.0
406 1052 104.0
406 1055 1.0
406 1057 1.0
406 1058 27.0
406 1063 10.0
407 408 1059.0
407 409 29.0
407 410 43.0
407 413 4.0
407 414 97.0
407 415 407.0
407 416 209.0
407 417 192.0
407 418 422.0
407 419 20761.0
407 420 1113.0
407 421 10.0
407 422 23.0
407 424 1.0
407 425 39.0
407 426 98.0
407 427 40.0
407 428 108.0
407 429 895.0
407 430 5707.0
407 431 142.0
407 435 129.0
407 436 937.0
407 437 633.0
407 438 569.0
407 439 5801.0
407 440 592.0
407 441 368.0
407 445 13.0
407 446 98.0
407 447 517.0
407 448 1754.0
407 449 2842.0
407 450 93.0
407 452 8.0
407 454 16.0
407 455 40.0
407 456 7.0
407 457 85.0
407 458 560.0
407 459 63.0
407 460 3.0
407 462 1.0
407 463 42.0
407 466 236.0
407 467 37.0
407 469 4.0
407 472 55.0
407 484 1.0
407 485 1510.0
407 486 328.0
407 493 2.0
407 494 2874.0
407 495 41.0
407 502 3.0
407 503 9.0
407 504 2.0
407 505 61.0
407 513 9.0
407 514 8.0
407 515 13.0
407 516 910.0
407 517 72.0
407 521 1.0
407 522 15.0
407 523 1.0
407 524 80.0
407 525 159.0
407 526 129.0
407 527 3657.0
407 528 2701.0
407 529 30.0
407 530 1.0
407 534 32.0
407 535 108.0
407 536 12.0
407 537 179.0
407 538 455.0
407 539 13728.0
407 540 3938.0
407 541 2304.0
407 542 4160.0
407 546 1.0
407 547 25.0
407 548 15.0
407 549 228.0
407 550 46.0
407 551 6464.0
407 552 110.0
407 553 17.0
407 554 50.0
407 557 1.0
407 558 12.0
407 559 773.0
407 560 34.0
407 561 360.0
407 562 353.0
407 563 1672.0
407 565 1.0
407 569 4.0
407 570 711.0
407 571 165.0
407 572 258.0
407 573 1913.0
407 574 549.0
407 576 128.0
407 580 415.0
407 581 832.0
407 582 682.0
407 583 470.0
407 584 512.0
407 585 288.0
407 586 7.0
407 590 18.0
407 591 113.0
407 592 202.0
407 593 2103.0
407 594 95.0
407 595 14.0
407 599 2.0
407 601 27.0
407 602 1275.0
407 603 77.0
407 604 1.0
407 607 1.0
407 609 23.0
407 610 160.0
407 611 7.0
407 627 2.0
407 634 3.0
407 635 1.0
407 636 1293.0
407 644 96.0
407 645 178.0
407 646 2763.0
407 647 23.0
407 648 2.0
407 655 18.0
407 656 2.0
407 657 2416.0
407 658 177.0
407 659 54.0
407 662 1.0
407 663 1.0
407 664 13.0
407 666 1.0
407 667 7.0
407 668 1.0
407 669 4513.0
407 670 2198.0
407 671 157.0
407 672 795.0
407 675 2.0
407 676 11.0
407 677 19.0
407 678 23.0
407 679 20.0
407 680 841.0
407 681 3273.0
407 682 2995.0
407 683 441.0
407 684 297.0
407 688 1.0
407 689 13.0
407 690 7.0
407 691 12.0
407 692 321.0
407 693 3392.0
407 694 1264.0
407 695 7.0
407 696 3.0
407 698 2.0
407 699 1.0
407 701 59.0
407 702 111.0
407 703 3.0
407 704 514.0
407 705 554.0
407 706 127.0
407 707 44.0
407 708 4.0
407 710 2.0
407 711 16.0
407 712 133.0
407 713 114.0
407 714 107.0
407 715 670.0
407 716 97.0
407 717 20.0
407 721 50.0
407 722 35.0
407 723 17.0
407 724 142.0
407 725 285.0
407 726 466.0
407 727 65.0
407 732 1.0
407 733 3.0
407 734 4.0
407 735 12.0
407 736 7.0
407 738 17.0
407 741 3.0
407 744 7.0
407 745 20.0
407 751 272.0
407 752 31.0
407 756 9.0
407 763 9.0
407 764 3.0
407 765 725.0
407 769 1.0
407 772 18.0
407 773 17.0
407 774 301.0
407 775 7.0
407 776 1.0
407 783 25.0
407 784 331.0
407 785 1389.0
407 791 1.0
407 792 7.0
407 793 5.0
407 795 60.0
407 796 70.0
407 797 1291.0
407 798 91.0
407 799 28.0
407 800 2.0
407 803 4.0
407 804 3.0
407 807 252.0
407 808 476.0
407 809 1469.0
407 810 21.0
407 811 36.0
407 812 2.0
407 816 1.0
407 818 4.0
407 819 240.0
407 820 3322.0
407 821 1595.0
407 822 357.0
407 823 237.0
407 824 27.0
407 827 1.0
407 829 2.0
407 830 132.0
407 831 937.0
407 832 294.0
407 833 51.0
407 834 39.0
407 836 2.0
407 837 32.0
407 838 20.0
407 839 4.0
407 840 70.0
407 841 177.0
407 842 157.0
407 843 3.0
407 847 16.0
407 848 1.0
407 850 2.0
407 851 399.0
407 852 154.0
407 853 9.0
407 860 21.0
407 867 7.0
407 879 1.0
407 880 77.0
407 881 163.0
407 888 14.0
407 889 31.0
407 890 21.0
407 891 5.0
407 895 4.0
407 896 2.0
407 899 100.0
407 900 99.0
407 906 1.0
407 908 7.0
407 909 67.0
407 910 9.0
407 911 1.0
407 918 24.0
407 919 349.0
407 920 1718.0
407 921 26.0
407 925 2.0
407 928 82.0
407 929 2784.0
407 930 1486.0
407 931 165.0
407 932 1.0
407 938 21.0
407 939 1090.0
407 940 48.0
407 941 13.0
407 944 1.0
407 945 2.0
407 947 22.0
407 948 298.0
407 949 34.0
407 952 1.0
407 953 2.0
407 955 113.0
407 956 157.0
407 957 1.0
407 962 124.0
407 963 392.0
407 980 1.0
407 981 6.0
407 984 4.0
407 985 4.0
407 989 1.0
407 992 36.0
407 993 46.0
407 1000 42.0
407 1001 99.0
407 1002 1745.0
407 1003 13.0
407 1009 10.0
407 1010 333.0
407 1011 1184.0
407 1012 27.0
407 1018 126.0
407 1019 190.0
407 1020 110.0
407 1026 269.0
407 1027 9.0
407 1032 2.0
407 1033 21.0
407 1043 1.0
407 1049 14.0
407 1054 33.0
407 1055 43.0
407 1056 16.0
407 1060 79.0
407 1061 48.0
407 1062 667.0
407 1065 5.0
407 1066 213.0
407 1068 3.0
408 414 8.0
408 415 89.0
408 416 37.0
408 417 10.0
408 418 3.0
408 419 144.0
408 420 242.0
408 425 2.0
408 426 6.0
408 427 3.0
408 428 4.0
408 429 3.0
408 430 149.0
408 431 146.0
408 435 13.0
408 436 8.0
408 437 1.0
408 438 3.0
408 439 92.0
408 440 941.0
408 445 11.0
408 446 28.0
408 447 2.0
408 448 3.0
408 449 89.0
408 450 444.0
408 451 3.0
408 452 3.0
408 454 11.0
408 457 3.0
408 458 39.0
408 459 269.0
408 460 6.0
408 463 3.0
408 466 35.0
408 467 29.0
408 472 174.0
408 485 17.0
408 493 1.0
408 494 19.0
408 503 1.0
408 505 11.0
408 515 3.0
408 516 27.0
408 517 3.0
408 522 2.0
408 527 14.0
408 528 99.0
408 529 1.0
408 535 2.0
408 536 1.0
408 537 1.0
408 539 5.0
408 540 1.0
408 541 68.0
408 542 96.0
408 547 5.0
408 548 8.0
408 549 13.0
408 551 113.0
408 557 1.0
408 558 2.0
408 559 272.0
408 560 11.0
408 561 2.0
408 562 336.0
408 563 104.0
408 565 2.0
408 570 196.0
408 571 62.0
408 572 260.0
408 573 492.0
408 574 58.0
408 575 1.0
408 576 10.0
408 580 40.0
408 581 208.0
408 582 138.0
408 583 36.0
408 584 5.0
408 592 2.0
408 593 48.0
408 594 1.0
408 602 34.0
408 603 21.0
408 604 1.0
408 610 48.0
408 611 15.0
408 635 1.0
408 636 33.0
408 646 10.0
408 657 11.0
408 658 2.0
408 669 3.0
408 670 39.0
408 672 80.0
408 678 3.0
408 682 109.0
408 683 31.0
408 684 20.0
408 689 2.0
408 690 1.0
408 693 2.0
408 694 31.0
408 701 14.0
408 704 20.0
408 705 14.0
408 706 17.0
408 707 3.0
408 711 1.0
408 712 42.0
408 713 11.0
408 714 23.0
408 715 40.0
408 716 22.0
408 717 10.0
408 721 15.0
408 722 2.0
408 723 3.0
408 724 21.0
408 725 27.0
408 727 7.0
408 735 1.0
408 736 1.0
408 751 2.0
408 764 1.0
408 785 2.0
408 797 6.0
408 809 5.0
408 810 5.0
408 818 1.0
408 820 7.0
408 821 7.0
408 822 1.0
408 823 1.0
408 829 1.0
408 831 1.0
408 832 2.0
408 834 1.0
408 837 9.0
408 838 5.0
408 839 2.0
408 840 4.0
408 841 6.0
408 842 4.0
408 851 27.0
408 860 4.0
408 867 2.0
408 880 1.0
408 900 1.0
408 910 2.0
408 920 1.0
408 929 4.0
408 930 2.0
408 939 11.0
408 947 1.0
408 948 3.0
408 956 3.0
408 963 20.0
408 993 4.0
408 1010 1.0
408 1011 1.0
408 1026 3.0
408 1066 4.0
409 410 24.0
409 419 22.0
409 421 22.0
409 430 14.0
409 431 23.0
409 505 4.0
409 516 3.0
409 517 2.0
409 529 1.0
409 530 1.0
409 539 13.0
409 540 15.0
409 541 56.0
409 542 27.0
409 553 13.0
409 564 2.0
409 584 9.0
409 585 1.0
409 726 9.0
410 418 1.0
410 419 35.0
410 421 3.0
410 422 40.0
410 430 23.0
410 431 12.0
410 441 1.0
410 516 1.0
410 539 15.0
410 540 23.0
410 541 69.0
410 542 51.0
410 551 2.0
410 553 5.0
410 554 5.0
410 584 9.0
410 682 4.0
410 726 9.0
412 489 1.0
412 497 1.0
412 508 1.0
412 509 1.0
412 521 12.0
412 522 1.0
412 533 6.0
412 534 1.0
412 535 1.0
412 536 2.0
412 538 1.0
412 560 1.0
412 631 3.0
412 640 4.0
412 651 1.0
412 663 7.0
412 664 1.0
412 678 1.0
412 791 6.0
412 792 3.0
412 793 1.0
412 895 5.0
412 981 5.0
413 414 177.0
413 415 3.0
413 416 50.0
413 417 7.0
413 418 4.0
413 419 1.0
413 424 157.0
413 425 7.0
413 426 6.0
413 427 21.0
413 429 2.0
413 436 30.0
413 437 22.0
413 438 24.0
413 439 5.0
413 446 21.0
413 447 16.0
413 448 4.0
413 456 2.0
413 464 2.0
413 489 2.0
413 499 2.0
413 509 1.0
413 510 4.0
413 511 34.0
413 516 1.0
413 521 1.0
413 522 507.0
413 523 228.0
413 524 338.0
413 525 157.0
413 526 133.0
413 527 4.0
413 528 2.0
413 533 54.0
413 534 497.0
413 535 708.0
413 536 177.0
413 537 10.0
413 538 92.0
413 539 6.0
413 540 16.0
413 541 21.0
413 542 9.0
413 545 30.0
413 547 20.0
413 548 52.0
413 549 1.0
413 550 24.0
413 551 8.0
413 558 17.0
413 559 88.0
413 560 196.0
413 561 30.0
413 562 14.0
413 563 11.0
413 569 2.0
413 570 83.0
413 571 2.0
413 572 4.0
413 573 14.0
413 580 35.0
413 581 14.0
413 582 14.0
413 583 9.0
413 590 1.0
413 591 1.0
413 600 4.0
413 631 10.0
413 641 8.0
413 652 14.0
413 653 31.0
413 662 1.0
413 663 18.0
413 664 222.0
413 665 1.0
413 666 30.0
413 668 25.0
413 675 24.0
413 676 561.0
413 677 528.0
413 678 171.0
413 679 37.0
413 680 122.0
413 681 6.0
413 682 1.0
413 684 2.0
413 687 1.0
413 688 234.0
413 689 7.0
413 690 372.0
413 691 65.0
413 692 35.0
413 699 165.0
413 700 144.0
413 701 14.0
413 702 33.0
413 703 4.0
413 704 14.0
413 710 1.0
413 712 9.0
413 713 30.0
413 714 24.0
413 715 9.0
413 716 1.0
413 723 2.0
413 724 1.0
413 732 4.0
413 741 4.0
413 753 2.0
413 769 77.0
413 770 1.0
413 780 21.0
413 791 223.0
413 792 19.0
413 793 33.0
413 794 76.0
413 795 7.0
413 803 229.0
413 804 21.0
413 805 659.0
413 806 387.0
413 807 3.0
413 808 1.0
413 815 18.0
413 816 401.0
413 817 34.0
413 818 59.0
413 827 2.0
413 828 4.0
413 829 2.0
413 840 5.0
413 842 1.0
413 886 28.0
413 895 2.0
413 896 7.0
413 905 2.0
413 906 92.0
413 907 12.0
413 909 4.0
413 914 4.0
413 915 7.0
413 916 301.0
413 917 5.0
413 919 3.0
413 924 331.0
413 925 2.0
413 929 1.0
413 936 4.0
413 939 1.0
413 969 23.0
413 981 10.0
413 989 84.0
413 990 2.0
413 992 1.0
413 995 1.0
413 997 6.0
413 998 292.0
413 1002 1.0
413 1006 3.0
413 1015 5.0
413 1046 37.0
413 1049 1.0
413 1052 311.0
413 1057 4.0
413 1058 20.0
413 1063 7.0
414 415 344.0
414 416 149.0
414 417 13.0
414 418 16.0
414 419 60.0
414 424 226.0
414 425 3108.0
414 426 65.0
414 427 459.0
414 428 34.0
414 429 33.0
414 430 5.0
414 431 7.0
414 435 34.0
414 436 673.0
414 437 154.0
414 438 134.0
414 439 169.0
414 440 1.0
414 445 7.0
414 446 147.0
414 447 297.0
414 448 131.0
414 449 9.0
414 453 1.0
414 454 11.0
414 455 42.0
414 456 41.0
414 462 1.0
414 463 40.0
414 464 1.0
414 469 7.0
414 470 1.0
414 494 5.0
414 498 3.0
414 507 1.0
414 508 1.0
414 509 2.0
414 511 3.0
414 512 1.0
414 516 8.0
414 519 15.0
414 520 200.0
414 521 12.0
414 522 67.0
414 523 37.0
414 524 32.0
414 525 16.0
414 526 13.0
414 527 11.0
414 528 4.0
414 531 10.0
414 532 3.0
414 533 72.0
414 534 3005.0
414 535 374.0
414 536 13.0
414 537 1.0
414 538 17.0
414 539 95.0
414 540 48.0
414 541 73.0
414 542 51.0
414 545 10.0
414 546 2756.0
414 547 31.0
414 548 11.0
414 549 1.0
414 550 87.0
414 551 157.0
414 555 1.0
414 556 1.0
414 557 16.0
414 558 1668.0
414 559 821.0
414 560 33.0
414 561 10.0
414 562 93.0
414 563 84.0
414 567 2.0
414 568 22.0
414 569 139.0
414 570 1007.0
414 571 24.0
414 572 21.0
414 573 119.0
414 574 3.0
414 577 1.0
414 578 4.0
414 579 30.0
414 580 1169.0
414 581 97.0
414 582 79.0
414 583 33.0
414 584 1.0
414 589 7.0
414 590 371.0
414 591 82.0
414 592 18.0
414 598 11.0
414 599 287.0
414 600 27.0
414 607 109.0
414 623 1.0
414 624 1.0
414 630 5.0
414 631 31.0
414 636 1.0
414 640 7.0
414 641 236.0
414 646 6.0
414 650 1.0
414 652 2.0
414 653 17.0
414 657 4.0
414 661 39.0
414 662 159.0
414 663 387.0
414 664 369.0
414 665 94.0
414 669 9.0
414 670 2.0
414 675 119.0
414 676 4712.0
414 677 244.0
414 678 73.0
414 679 48.0
414 680 93.0
414 681 1.0
414 682 14.0
414 683 2.0
414 684 4.0
414 685 2.0
414 686 2.0
414 687 50.0
414 688 1731.0
414 689 138.0
414 690 375.0
414 691 74.0
414 692 30.0
414 693 1.0
414 694 2.0
414 697 60.0
414 698 153.0
414 699 946.0
414 700 117.0
414 701 301.0
414 702 13.0
414 703 6.0
414 704 59.0
414 709 4.0
414 710 38.0
414 711 15.0
414 712 182.0
414 713 240.0
414 714 268.0
414 715 24.0
414 716 1.0
414 719 1.0
414 721 32.0
414 722 924.0
414 723 197.0
414 724 40.0
414 726 2.0
414 727 1.0
414 730 2.0
414 731 20.0
414 732 439.0
414 733 15.0
414 740 2.0
414 741 115.0
414 748 6.0
414 753 148.0
414 754 21.0
414 759 1.0
414 760 98.0
414 761 42.0
414 762 1.0
414 769 56.0
414 770 9.0
414 779 92.0
414 780 843.0
414 781 83.0
414 790 200.0
414 791 946.0
414 792 486.0
414 793 709.0
414 794 125.0
414 802 5.0
414 803 783.0
414 804 2305.0
414 805 1351.0
414 806 24.0
414 807 4.0
414 814 152.0
414 815 677.0
414 816 1227.0
414 817 142.0
414 818 14.0
414 825 2.0
414 826 7.0
414 827 72.0
414 828 404.0
414 829 14.0
414 836 5.0
414 837 37.0
414 838 33.0
414 839 4.0
414 840 28.0
414 842 1.0
414 846 1.0
414 847 8.0
414 848 30.0
414 849 2.0
414 851 4.0
414 857 453.0
414 858 1.0
414 863 4.0
414 864 5.0
414 873 2.0
414 877 1.0
414 878 1.0
414 885 2.0
414 886 142.0
414 895 165.0
414 896 104.0
414 903 2.0
414 904 11.0
414 905 82.0
414 906 288.0
414 907 146.0
414 913 4.0
414 914 166.0
414 915 1122.0
414 916 402.0
414 917 52.0
414 923 3.0
414 924 437.0
414 925 624.0
414 926 62.0
414 927 8.0
414 933 1.0
414 934 3.0
414 935 12.0
414 936 63.0
414 944 3.0
414 945 18.0
414 952 2.0
414 953 15.0
414 960 78.0
414 963 4.0
414 965 15.0
414 969 121.0
414 974 47.0
414 980 41.0
414 981 213.0
414 987 2.0
414 988 50.0
414 989 212.0
414 990 16.0
414 995 2.0
414 997 351.0
414 998 393.0
414 1002 1.0
414 1005 4.0
414 1006 62.0
414 1007 243.0
414 1008 1.0
414 1013 26.0
414 1014 5.0
414 1015 112.0
414 1021 1.0
414 1023 2.0
414 1024 2.0
414 1030 6.0
414 1031 2.0
414 1045 20.0
414 1046 76.0
414 1051 45.0
414 1052 420.0
414 1057 31.0
414 1058 80.0
414 1063 287.0
414 1064 2.0
415 416 1337.0
415 417 218.0
415 418 131.0
415 419 263.0
415 420 56.0
415 424 2.0
415 425 728.0
415 426 3514.0
415 427 913.0
415 428 134.0
415 429 103.0
415 430 26.0
415 431 32.0
415 435 1173.0
415 436 5265.0
415 437 1325.0
415 438 1074.0
415 439 551.0
415 440 23.0
415 444 7.0
415 445 76.0
415 446 1774.0
415 447 979.0
415 448 402.0
415 449 59.0
415 451 1.0
415 453 15.0
415 454 93.0
415 455 1596.0
415 456 566.0
415 457 1.0
415 458 4.0
415 459 2.0
415 462 29.0
415 463 1407.0
415 464 144.0
415 466 1.0
415 467 2.0
415 469 229.0
415 470 36.0
415 485 9.0
415 486 3.0
415 494 16.0
415 504 1.0
415 505 1.0
415 513 1.0
415 514 1.0
415 515 5.0
415 516 9.0
415 521 4.0
415 522 85.0
415 523 5.0
415 524 8.0
415 525 3.0
415 526 19.0
415 527 16.0
415 528 28.0
415 529 4.0
415 534 9.0
415 535 86.0
415 536 32.0
415 537 5.0
415 538 41.0
415 539 176.0
415 540 350.0
415 541 450.0
415 542 278.0
415 546 64.0
415 547 81.0
415 548 56.0
415 549 3.0
415 550 6.0
415 551 574.0
415 556 1.0
415 557 8.0
415 558 38.0
415 559 1690.0
415 560 79.0
415 561 40.0
415 562 445.0
415 563 397.0
415 568 6.0
415 569 347.0
415 570 2429.0
415 571 53.0
415 572 93.0
415 573 950.0
415 574 37.0
415 577 10.0
415 578 6.0
415 579 375.0
415 580 1460.0
415 581 629.0
415 582 540.0
415 583 174.0
415 584 1.0
415 587 6.0
415 588 3.0
415 589 60.0
415 590 2956.0
415 591 262.0
415 592 58.0
415 593 12.0
415 594 2.0
415 598 109.0
415 599 1444.0
415 600 175.0
415 602 4.0
415 607 1035.0
415 613 1.0
415 614 2.0
415 631 1.0
415 636 9.0
415 646 17.0
415 652 1.0
415 653 2.0
415 655 1.0
415 657 12.0
415 658 9.0
415 659 2.0
415 663 1.0
415 664 5.0
415 669 23.0
415 670 21.0
415 672 13.0
415 676 11.0
415 677 1.0
415 678 26.0
415 679 10.0
415 680 54.0
415 681 8.0
415 682 128.0
415 683 14.0
415 684 37.0
415 688 17.0
415 689 165.0
415 690 8.0
415 691 10.0
415 692 68.0
415 693 6.0
415 694 5.0
415 697 4.0
415 698 89.0
415 699 5.0
415 700 10.0
415 701 34.0
415 702 2.0
415 703 5.0
415 704 57.0
415 705 1.0
415 706 21.0
415 707 1.0
415 709 12.0
415 710 129.0
415 711 4.0
415 712 49.0
415 713 38.0
415 714 207.0
415 715 136.0
415 716 5.0
415 717 2.0
415 720 1.0
415 721 112.0
415 722 93.0
415 723 171.0
415 724 23.0
415 725 5.0
415 726 12.0
415 727 5.0
415 731 21.0
415 732 47.0
415 733 36.0
415 740 26.0
415 741 54.0
415 742 3.0
415 751 2.0
415 765 1.0
415 769 5.0
415 784 1.0
415 785 4.0
415 791 4.0
415 792 3.0
415 793 3.0
415 794 5.0
415 795 2.0
415 797 7.0
415 803 18.0
415 804 5.0
415 805 30.0
415 806 13.0
415 807 7.0
415 809 5.0
415 810 2.0
415 814 3.0
415 816 16.0
415 817 54.0
415 818 59.0
415 819 2.0
415 820 6.0
415 821 3.0
415 822 2.0
415 823 1.0
415 824 1.0
415 827 3.0
415 828 3.0
415 829 47.0
415 830 2.0
415 831 3.0
415 832 1.0
415 835 4.0
415 836 2.0
415 837 4.0
415 838 7.0
415 839 28.0
415 840 1.0
415 841 1.0
415 846 2.0
415 847 4.0
415 848 9.0
415 849 1.0
415 851 1.0
415 857 16.0
415 860 1.0
415 864 2.0
415 886 20.0
415 895 2.0
415 896 2.0
415 904 2.0
415 907 1.0
415 910 1.0
415 913 1.0
415 914 1.0
415 915 5.0
415 916 17.0
415 918 1.0
415 924 2.0
415 925 8.0
415 926 49.0
415 929 1.0
415 930 1.0
415 935 3.0
415 939 1.0
415 944 1.0
415 945 2.0
415 953 9.0
415 960 2.0
415 963 1.0
415 969 19.0
415 981 2.0
415 988 1.0
415 993 1.0
415 997 1.0
415 998 66.0
415 1002 1.0
415 1006 2.0
415 1007 23.0
415 1018 1.0
415 1030 6.0
415 1045 1.0
415 1052 32.0
415 1057 1.0
415 1058 1.0
415 1063 1.0
416 417 722.0
416 418 193.0
416 419 234.0
416 420 72.0
416 424 3.0
416 425 383.0
416 426 43.0
416 427 339.0
416 428 354.0
416 429 79.0
416 430 34.0
416 431 28.0
416 435 176.0
416 436 618.0
416 437 194.0
416 438 248.0
416 439 40.0
416 440 11.0
416 441 1.0
416 444 5.0
416 445 18.0
416 446 98.0
416 447 140.0
416 448 37.0
416 449 8.0
416 450 3.0
416 451 45.0
416 452 20.0
416 453 7.0
416 454 5.0
416 455 107.0
416 456 24.0
416 458 1.0
416 459 4.0
416 462 4.0
416 463 88.0
416 464 22.0
416 466 1.0
416 467 1.0
416 469 36.0
416 470 8.0
416 478 1.0
416 479 1.0
416 480 6.0
416 483 3.0
416 485 5.0
416 486 1.0
416 489 65.0
416 490 2.0
416 491 1.0
416 492 5.0
416 493 4.0
416 494 16.0
416 499 31.0
416 500 36.0
416 501 1.0
416 502 25.0
416 503 8.0
416 504 2.0
416 509 1.0
416 510 32.0
416 511 124.0
416 512 36.0
416 513 10.0
416 514 160.0
416 515 7.0
416 516 22.0
416 522 251.0
416 523 93.0
416 524 270.0
416 525 46.0
416 526 162.0
416 527 44.0
416 528 38.0
416 529 7.0
416 532 1.0
416 534 22.0
416 535 245.0
416 536 1985.0
416 537 46.0
416 538 13.0
416 539 113.0
416 540 158.0
416 541 157.0
416 542 98.0
416 546 3.0
416 548 1954.0
416 549 144.0
416 550 9.0
416 551 146.0
416 557 326.0
416 558 537.0
416 559 594.0
416 560 2838.0
416 561 113.0
416 562 46.0
416 563 335.0
416 568 1.0
416 569 76.0
416 570 818.0
416 571 130.0
416 572 60.0
416 573 580.0
416 574 13.0
416 577 2.0
416 578 1.0
416 579 31.0
416 580 507.0
416 581 428.0
416 582 242.0
416 583 51.0
416 584 3.0
416 587 5.0
416 589 15.0
416 590 7.0
416 591 41.0
416 592 8.0
416 593 1.0
416 594 2.0
416 596 2.0
416 598 1.0
416 599 4.0
416 600 2.0
416 603 1.0
416 607 3.0
416 610 1.0
416 620 1.0
416 622 4.0
416 629 1.0
416 630 4.0
416 631 8.0
416 634 9.0
416 635 4.0
416 636 5.0
416 640 9.0
416 641 1.0
416 642 1.0
416 644 8.0
416 645 7.0
416 646 17.0
416 650 1.0
416 652 2.0
416 653 132.0
416 654 64.0
416 655 73.0
416 656 51.0
416 657 10.0
416 662 2.0
416 663 2.0
416 664 18.0
416 666 2.0
416 669 28.0
416 670 23.0
416 672 13.0
416 676 1.0
416 678 159.0
416 679 104.0
416 680 10.0
416 681 2.0
416 682 68.0
416 683 6.0
416 684 13.0
416 685 1.0
416 687 1.0
416 688 1.0
416 689 2.0
416 690 106.0
416 691 7.0
416 692 32.0
416 693 3.0
416 694 16.0
416 697 16.0
416 698 37.0
416 699 6.0
416 701 2.0
416 704 79.0
416 705 4.0
416 706 3.0
416 707 1.0
416 709 1.0
416 710 27.0
416 712 9.0
416 713 2.0
416 714 18.0
416 715 279.0
416 716 6.0
416 721 18.0
416 722 19.0
416 723 18.0
416 724 7.0
416 725 9.0
416 726 18.0
416 727 7.0
416 731 1.0
416 732 9.0
416 733 1.0
416 741 5.0
416 754 1.0
416 763 1.0
416 764 9.0
416 765 3.0
416 770 3.0
416 771 18.0
416 773 7.0
416 780 11.0
416 782 22.0
416 783 87.0
416 784 1.0
416 785 6.0
416 791 3.0
416 792 2.0
416 794 379.0
416 795 221.0
416 797 6.0
416 803 5.0
416 806 349.0
416 807 155.0
416 808 1.0
416 810 3.0
416 814 1.0
416 815 4.0
416 818 276.0
416 819 134.0
416 820 4.0
416 821 1.0
416 822 1.0
416 828 1.0
416 829 18.0
416 830 1.0
416 831 1.0
416 839 4.0
416 840 15.0
416 841 2.0
416 847 1.0
416 851 4.0
416 857 7.0
416 873 1.0
416 880 11.0
416 909 34.0
416 918 3.0
416 920 1.0
416 963 4.0
416 972 2.0
416 992 26.0
416 1015 1.0
416 1018 1.0
416 1049 10.0
416 1063 1.0
417 418 778.0
417 419 402.0
417 420 39.0
417 424 5.0
417 425 280.0
417 426 106.0
417 427 68.0
417 428 54.0
417 429 122.0
417 430 271.0
417 431 78.0
417 435 13.0
417 436 45.0
417 437 27.0
417 438 184.0
417 439 162.0
417 440 58.0
417 445 2.0
417 446 11.0
417 447 30.0
417 448 27.0
417 449 60.0
417 450 37.0
417 451 232.0
417 452 220.0
417 455 5.0
417 457 5.0
417 458 9.0
417 459 18.0
417 460 8.0
417 462 3.0
417 463 4.0
417 464 2.0
417 466 7.0
417 467 41.0
417 472 4.0
417 485 54.0
417 486 2.0
417 492 1.0
417 494 108.0
417 502 6.0
417 511 3.0
417 513 21.0
417 514 43.0
417 516 65.0
417 517 1.0
417 522 25.0
417 523 2.0
417 524 10.0
417 525 10.0
417 526 144.0
417 527 396.0
417 528 55.0
417 529 9.0
417 534 3.0
417 535 42.0
417 536 52.0
417 537 164.0
417 538 359.0
417 539 73.0
417 540 66.0
417 541 54.0
417 542 56.0
417 546 2.0
417 548 19.0
417 549 1051.0
417 550 75.0
417 551 60.0
417 557 1.0
417 558 4.0
417 559 51.0
417 560 63.0
417 561 1931.0
417 562 153.0
417 563 220.0
417 568 7.0
417 569 21.0
417 570 226.0
417 571 8.0
417 572 162.0
417 573 287.0
417 574 197.0
417 575 1.0
417 576 9.0
417 580 153.0
417 581 133.0
417 582 84.0
417 583 75.0
417 584 60.0
417 585 10.0
417 590 3.0
417 591 7.0
417 592 19.0
417 593 49.0
417 594 25.0
417 595 2.0
417 596 1.0
417 598 1.0
417 599 2.0
417 602 14.0
417 603 4.0
417 607 1.0
417 610 6.0
417 611 2.0
417 634 2.0
417 635 3.0
417 636 10.0
417 644 5.0
417 646 96.0
417 653 3.0
417 655 2.0
417 656 8.0
417 657 137.0
417 667 1.0
417 669 155.0
417 670 30.0
417 672 19.0
417 678 67.0
417 679 130.0
417 680 9.0
417 682 46.0
417 683 5.0
417 684 4.0
417 688 1.0
417 689 29.0
417 690 19.0
417 691 645.0
417 692 8.0
417 693 29.0
417 694 37.0
417 697 4.0
417 698 13.0
417 699 2.0
417 701 12.0
417 702 6.0
417 703 59.0
417 704 53.0
417 705 25.0
417 706 68.0
417 707 10.0
417 708 3.0
417 710 9.0
417 712 1.0
417 713 30.0
417 714 73.0
417 715 390.0
417 716 24.0
417 717 8.0
417 721 4.0
417 722 3.0
417 723 5.0
417 724 8.0
417 725 30.0
417 726 120.0
417 727 20.0
417 731 1.0
417 734 1.0
417 735 10.0
417 736 3.0
417 744 3.0
417 751 2.0
417 763 1.0
417 764 3.0
417 765 7.0
417 774 20.0
417 783 3.0
417 784 2.0
417 785 11.0
417 786 12.0
417 795 5.0
417 797 3.0
417 798 21.0
417 807 13.0
417 810 34.0
417 814 1.0
417 818 1.0
417 819 2.0
417 820 7.0
417 821 3.0
417 822 43.0
417 823 12.0
417 829 1.0
417 831 57.0
417 834 1.0
417 836 1.0
417 837 1.0
417 839 1.0
417 840 30.0
417 841 4.0
417 842 1.0
417 843 5.0
417 851 12.0
417 852 6.0
417 857 1.0
417 860 2.0
417 867 10.0
417 880 3.0
417 890 1.0
417 891 12.0
417 900 1.0
417 901 22.0
417 909 3.0
417 910 1.0
417 939 5.0
417 948 18.0
417 955 6.0
417 956 2.0
417 963 11.0
417 992 1.0
417 1018 2.0
417 1026 8.0
417 1033 1.0
417 1049 1.0
417 1055 1.0
417 1062 1.0
418 419 857.0
418 420 189.0
418 422 1.0
418 424 4.0
418 425 142.0
418 426 18.0
418 427 80.0
418 428 125.0
418 429 2291.0
418 430 5745.0
418 431 80.0
418 435 40.0
418 436 215.0
418 437 270.0
418 438 628.0
418 439 818.0
418 440 4468.0
418 441 5.0
418 442 2.0
418 445 1.0
418 446 77.0
418 447 61.0
418 448 41.0
418 449 1732.0
418 450 844.0
418 451 50.0
418 452 51.0
418 453 1.0
418 454 1.0
418 455 23.0
418 457 5.0
418 458 660.0
418 459 1171.0
418 460 179.0
418 462 5.0
418 463 23.0
418 466 500.0
418 467 295.0
418 468 7.0
418 469 5.0
418 472 388.0
418 485 33.0
418 486 2.0
418 494 149.0
418 505 2.0
418 516 45.0
418 522 8.0
418 526 4.0
418 527 306.0
418 528 5.0
418 534 1.0
418 535 7.0
418 536 7.0
418 537 2.0
418 538 1.0
418 539 380.0
418 540 34.0
418 541 117.0
418 542 123.0
418 548 2.0
418 549 4.0
418 550 42.0
418 551 263.0
418 553 1.0
418 554 4.0
418 558 1.0
418 559 82.0
418 560 11.0
418 561 244.0
418 562 125.0
418 563 394.0
418 565 1.0
418 568 5.0
418 569 27.0
418 570 66.0
418 571 2.0
418 572 5.0
418 573 70.0
418 574 1623.0
418 575 13.0
418 576 70.0
418 580 43.0
418 581 7.0
418 582 22.0
418 583 240.0
418 584 1594.0
418 585 197.0
418 586 16.0
418 590 2.0
418 591 20.0
418 592 22.0
418 593 354.0
418 594 832.0
418 595 46.0
418 596 11.0
418 599 1.0
418 602 881.0
418 603 462.0
418 604 4.0
418 607 1.0
418 609 37.0
418 610 983.0
418 611 31.0
418 612 2.0
418 636 11.0
418 646 139.0
418 647 5.0
418 648 1.0
418 657 225.0
418 658 24.0
418 659 9.0
418 666 1.0
418 667 1.0
418 669 273.0
418 670 8.0
418 680 7.0
418 681 15.0
418 682 108.0
418 683 3.0
418 684 5.0
418 690 3.0
418 691 118.0
418 693 35.0
418 694 63.0
418 696 1.0
418 698 17.0
418 699 3.0
418 704 55.0
418 705 24.0
418 706 264.0
418 707 45.0
418 708 16.0
418 710 16.0
418 712 1.0
418 713 62.0
418 714 95.0
418 715 86.0
418 716 178.0
418 717 82.0
418 721 1.0
418 722 1.0
418 723 9.0
418 724 17.0
418 725 43.0
418 726 796.0
418 727 288.0
418 728 21.0
418 734 1.0
418 735 80.0
418 736 320.0
418 744 142.0
418 745 33.0
418 750 1.0
418 751 187.0
418 752 30.0
418 765 2.0
418 769 1.0
418 774 51.0
418 775 1.0
418 784 2.0
418 785 10.0
418 786 33.0
418 795 1.0
418 796 1.0
418 797 12.0
418 798 62.0
418 807 6.0
418 808 2.0
418 809 9.0
418 810 123.0
418 814 2.0
418 818 4.0
418 820 2.0
418 821 9.0
418 822 145.0
418 823 40.0
418 824 5.0
418 829 4.0
418 831 46.0
418 832 11.0
418 833 13.0
418 834 15.0
418 840 62.0
418 841 5.0
418 842 24.0
418 843 30.0
418 850 1.0
418 851 18.0
418 852 21.0
418 853 2.0
418 857 1.0
418 860 96.0
418 867 75.0
418 890 1.0
418 891 30.0
418 900 3.0
418 901 89.0
418 910 3.0
418 911 1.0
418 920 6.0
418 929 1.0
418 930 4.0
418 939 5.0
418 948 10.0
418 955 5.0
418 956 2.0
418 963 18.0
418 968 5.0
418 985 3.0
418 986 2.0
418 993 2.0
418 1002 5.0
418 1011 1.0
418 1018 2.0
418 1026 4.0
418 1062 1.0
419 420 314.0
419 421 8.0
419 422 19.0
419 424 4.0
419 425 128.0
419 426 71.0
419 427 53.0
419 428 72.0
419 429 5720.0
419 430 8325.0
419 431 333.0
419 435 60.0
419 436 583.0
419 437 149.0
419 438 131.0
419 439 10399.0
419 440 1251.0
419 441 363.0
419 445 1.0
419 446 47.0
419 447 377.0
419 448 1058.0
419 449 4233.0
419 450 146.0
419 451 5.0
419 452 13.0
419 454 1.0
419 455 21.0
419 456 3.0
419 457 157.0
419 458 776.0
419 459 149.0
419 460 25.0
419 462 5.0
419 463 18.0
419 464 1.0
419 465 2.0
419 466 730.0
419 467 74.0
419 469 1.0
419 472 112.0
419 485 491.0
419 486 169.0
419 494 713.0
419 495 20.0
419 503 2.0
419 504 2.0
419 505 118.0
419 514 1.0
419 515 7.0
419 516 2449.0
419 517 65.0
419 524 5.0
419 525 15.0
419 526 7.0
419 527 1062.0
419 528 1068.0
419 529 32.0
419 530 1.0
419 534 5.0
419 535 6.0
419 536 11.0
419 537 25.0
419 538 64.0
419 539 5250.0
419 540 3097.0
419 541 2423.0
419 542 3567.0
419 546 1.0
419 547 4.0
419 548 12.0
419 549 103.0
419 550 54.0
419 551 1670.0
419 552 57.0
419 553 12.0
419 554 6.0
419 556 1.0
419 558 4.0
419 559 145.0
419 560 2.0
419 561 265.0
419 562 96.0
419 563 2104.0
419 568 5.0
419 569 29.0
419 570 184.0
419 571 4.0
419 572 19.0
419 573 301.0
419 574 662.0
419 575 10.0
419 576 204.0
419 580 173.0
419 581 122.0
419 582 122.0
419 583 217.0
419 584 529.0
419 585 297.0
419 586 6.0
419 590 22.0
419 591 83.0
419 592 103.0
419 593 207.0
419 594 50.0
419 595 15.0
419 599 1.0
419 601 1.0
419 602 491.0
419 603 20.0
419 607 1.0
419 609 23.0
419 610 197.0
419 611 12.0
419 627 3.0
419 636 468.0
419 644 3.0
419 645 3.0
419 646 186.0
419 647 2.0
419 655 2.0
419 656 1.0
419 657 70.0
419 658 82.0
419 659 1.0
419 664 1.0
419 666 1.0
419 669 436.0
419 670 918.0
419 671 31.0
419 672 291.0
419 675 1.0
419 676 2.0
419 680 283.0
419 681 2205.0
419 682 1555.0
419 683 316.0
419 684 302.0
419 685 1.0
419 688 1.0
419 691 93.0
419 692 223.0
419 693 876.0
419 694 489.0
419 696 1.0
419 697 2.0
419 698 19.0
419 699 2.0
419 701 9.0
419 702 2.0
419 704 56.0
419 705 421.0
419 706 216.0
419 707 25.0
419 708 5.0
419 710 20.0
419 712 7.0
419 713 49.0
419 714 26.0
419 715 140.0
419 716 155.0
419 717 30.0
419 721 3.0
419 722 3.0
419 723 7.0
419 724 26.0
419 725 71.0
419 726 497.0
419 727 69.0
419 728 11.0
419 734 1.0
419 735 7.0
419 736 12.0
419 741 2.0
419 744 30.0
419 751 50.0
419 752 7.0
419 764 1.0
419 765 7.0
419 773 1.0
419 774 3.0
419 783 2.0
419 784 68.0
419 785 80.0
419 786 28.0
419 792 1.0
419 795 1.0
419 796 49.0
419 797 197.0
419 798 85.0
419 799 10.0
419 800 2.0
419 803 3.0
419 804 1.0
419 807 15.0
419 808 252.0
419 809 1114.0
419 810 112.0
419 811 32.0
419 812 3.0
419 814 2.0
419 818 1.0
419 819 142.0
419 820 2737.0
419 821 249.0
419 822 230.0
419 823 86.0
419 824 14.0
419 829 1.0
419 830 65.0
419 831 247.0
419 832 130.0
419 833 57.0
419 834 36.0
419 837 1.0
419 838 1.0
419 840 5.0
419 841 64.0
419 842 69.0
419 843 14.0
419 850 3.0
419 851 132.0
419 852 33.0
419 853 3.0
419 857 1.0
419 859 1.0
419 860 37.0
419 866 1.0
419 867 12.0
419 880 2.0
419 881 15.0
419 888 13.0
419 889 18.0
419 890 1.0
419 891 23.0
419 895 1.0
419 899 67.0
419 900 6.0
419 901 78.0
419 908 5.0
419 909 38.0
419 910 1.0
419 911 1.0
419 919 95.0
419 920 1320.0
419 921 26.0
419 928 46.0
419 929 2082.0
419 930 541.0
419 931 25.0
419 938 18.0
419 939 130.0
419 940 44.0
419 941 1.0
419 947 4.0
419 948 166.0
419 949 24.0
419 955 62.0
419 956 31.0
419 962 19.0
419 963 119.0
419 968 1.0
419 981 1.0
419 984 4.0
419 985 2.0
419 986 2.0
419 992 17.0
419 993 3.0
419 1000 30.0
419 1001 71.0
419 1002 1357.0
419 1009 3.0
419 1010 249.0
419 1011 517.0
419 1012 5.0
419 1018 154.0
419 1019 16.0
419 1026 127.0
419 1027 7.0
419 1033 15.0
419 1043 1.0
419 1049 7.0
419 1054 26.0
419 1055 33.0
419 1056 11.0
419 1060 74.0
419 1061 19.0
419 1062 458.0
419 1065 2.0
419 1066 81.0
419 1068 2.0
420 424 3.0
420 425 61.0
420 426 8.0
420 427 24.0
420 428 3.0
420 429 1.0
420 430 24.0
420 431 111.0
420 435 11.0
420 436 13.0
420 437 16.0
420 438 20.0
420 439 7.0
420 440 584.0
420 445 1.0
420 446 4.0
420 447 5.0
420 448 4.0
420 449 31.0
420 450 419.0
420 454 1.0
420 455 2.0
420 457 2.0
420 458 3.0
420 459 306.0
420 460 9.0
420 462 5.0
420 463 1.0
420 466 4.0
420 467 44.0
420 472 127.0
420 477 1.0
420 485 1.0
420 516 28.0
420 517 1.0
420 527 3.0
420 528 9.0
420 536 1.0
420 539 248.0
420 540 23.0
420 541 2.0
420 542 24.0
420 549 28.0
420 550 11.0
420 551 7.0
420 559 19.0
420 561 13.0
420 562 11.0
420 563 1.0
420 568 2.0
420 569 17.0
420 570 18.0
420 572 3.0
420 573 16.0
420 574 1.0
420 580 10.0
420 581 4.0
420 582 4.0
420 583 5.0
420 584 9.0
420 590 2.0
420 591 2.0
420 592 1.0
420 593 3.0
420 594 24.0
420 595 2.0
420 602 4.0
420 603 60.0
420 610 57.0
420 611 30.0
420 636 1.0
420 647 1.0
420 657 2.0
420 658 1.0
420 670 52.0
420 671 15.0
420 680 5.0
420 681 552.0
420 682 6.0
420 684 1.0
420 691 3.0
420 692 13.0
420 693 4.0
420 694 5.0
420 698 12.0
420 699 1.0
420 702 2.0
420 703 2.0
420 704 13.0
420 705 2.0
420 710 13.0
420 712 3.0
420 713 6.0
420 714 13.0
420 715 3.0
420 726 4.0
420 736 10.0
420 751 1.0
420 784 2.0
420 785 5.0
420 797 57.0
420 798 46.0
420 799 15.0
420 807 6.0
420 808 11.0
420 809 254.0
420 814 2.0
420 819 6.0
420 820 36.0
420 821 2.0
420 822 2.0
420 823 2.0
420 830 1.0
420 832 1.0
420 840 1.0
420 841 1.0
420 842 1.0
420 889 1.0
420 899 3.0
420 909 5.0
420 918 1.0
420 919 13.0
420 920 433.0
420 921 2.0
420 929 145.0
420 930 4.0
420 939 3.0
420 940 1.0
420 992 2.0
420 993 2.0
420 1000 1.0
420 1001 5.0
420 1002 260.0
420 1003 1.0
420 1010 4.0
420 1011 11.0
420 1049 2.0
420 1054 3.0
420 1055 2.0
420 1056 5.0
420 1061 6.0
420 1062 11.0
420 1066 1.0
421 422 5.0
421 430 4.0
421 431 13.0
421 539 4.0
421 540 5.0
421 541 24.0
421 542 11.0
421 584 2.0
421 585 1.0
421 726 2.0
422 430 13.0
422 431 8.0
422 441 1.0
422 539 8.0
422 540 13.0
422 541 36.0
422 542 22.0
422 551 2.0
422 553 2.0
422 554 3.0
422 584 5.0
422 682 3.0
422 726 5.0
423 444 1.0
423 445 3.0
423 446 2.0
423 453 1.0
423 454 1.0
423 462 1.0
423 567 2.0
423 578 6.0
423 589 2.0
423 590 1.0
423 599 2.0
423 607 1.0
423 698 2.0
423 710 1.0
423 827 1.0
423 838 1.0
423 924 1.0
424 425 45.0
424 427 16.0
424 428 3.0
424 429 3.0
424 430 2.0
424 436 1.0
424 437 3.0
424 438 3.0
424 439 1.0
424 444 3.0
424 445 2.0
424 446 11.0
424 447 10.0
424 448 5.0
424 449 3.0
424 451 2.0
424 452 2.0
424 453 9.0
424 454 2.0
424 455 15.0
424 456 3.0
424 463 13.0
424 464 5.0
424 469 2.0
424 470 4.0
424 489 1.0
424 499 1.0
424 507 1.0
424 509 1.0
424 510 1.0
424 511 5.0
424 512 1.0
424 519 1.0
424 520 4.0
424 522 72.0
424 523 48.0
424 524 32.0
424 525 15.0
424 526 13.0
424 528 1.0
424 532 1.0
424 533 19.0
424 534 220.0
424 535 191.0
424 536 23.0
424 537 1.0
424 538 12.0
424 539 1.0
424 540 1.0
424 541 2.0
424 542 1.0
424 546 8.0
424 547 36.0
424 548 10.0
424 549 4.0
424 550 18.0
424 558 8.0
424 559 3.0
424 560 32.0
424 561 6.0
424 562 4.0
424 563 2.0
424 567 1.0
424 568 4.0
424 569 2.0
424 570 2.0
424 571 7.0
424 573 1.0
424 578 2.0
424 579 3.0
424 580 5.0
424 581 1.0
424 582 1.0
424 588 4.0
424 589 1.0
424 590 3.0
424 591 1.0
424 598 4.0
424 600 8.0
424 649 1.0
424 652 3.0
424 653 2.0
424 654 1.0
424 662 3.0
424 663 5.0
424 664 28.0
424 665 7.0
424 675 8.0
424 676 56.0
424 677 18.0
424 678 46.0
424 679 14.0
424 680 25.0
424 688 46.0
424 689 6.0
424 690 153.0
424 691 13.0
424 692 1.0
424 698 1.0
424 699 13.0
424 700 15.0
424 701 35.0
424 702 15.0
424 703 1.0
424 704 4.0
424 709 1.0
424 710 1.0
424 711 3.0
424 712 5.0
424 713 5.0
424 714 7.0
424 715 3.0
424 722 1.0
424 723 2.0
424 724 1.0
424 731 2.0
424 732 1.0
424 741 2.0
424 753 1.0
424 769 3.0
424 780 3.0
424 791 31.0
424 792 7.0
424 794 15.0
424 802 1.0
424 803 24.0
424 804 42.0
424 805 4.0
424 806 7.0
424 815 1.0
424 816 46.0
424 817 1.0
424 818 4.0
424 827 1.0
424 829 3.0
424 840 1.0
424 896 1.0
424 905 3.0
424 906 1.0
424 915 4.0
424 916 13.0
424 924 32.0
424 988 1.0
424 989 6.0
424 997 4.0
424 1046 1.0
424 1052 13.0
425 426 334.0
425 427 638.0
425 428 44.0
425 429 12.0
425 430 141.0
425 431 21.0
425 434 2.0
425 435 287.0
425 436 745.0
425 437 220.0
425 438 171.0
425 439 180.0
425 440 147.0
425 444 13.0
425 445 258.0
425 446 768.0
425 447 390.0
425 448 258.0
425 449 85.0
425 450 6.0
425 451 1.0
425 453 1.0
425 454 239.0
425 455 469.0
425 456 20.0
425 458 58.0
425 459 4.0
425 462 35.0
425 463 414.0
425 464 5.0
425 466 16.0
425 467 3.0
425 469 68.0
425 470 19.0
425 472 7.0
425 494 2.0
425 502 1.0
425 509 2.0
425 514 1.0
425 516 5.0
425 519 8.0
425 520 136.0
425 521 13.0
425 522 139.0
425 523 5.0
425 524 2.0
425 525 2.0
425 526 1.0
425 527 3.0
425 528 7.0
425 531 5.0
425 532 3.0
425 533 6.0
425 534 329.0
425 535 126.0
425 536 34.0
425 537 10.0
425 538 2.0
425 539 7.0
425 540 29.0
425 541 48.0
425 542 35.0
425 545 1.0
425 546 2338.0
425 547 168.0
425 548 20.0
425 549 8.0
425 551 177.0
425 556 3.0
425 557 14.0
425 558 363.0
425 559 76.0
425 560 29.0
425 561 3.0
425 562 80.0
425 563 15.0
425 567 7.0
425 568 81.0
425 569 2941.0
425 570 36.0
425 571 7.0
425 572 19.0
425 573 51.0
425 574 6.0
425 576 1.0
425 577 50.0
425 578 102.0
425 579 1266.0
425 580 177.0
425 581 1.0
425 583 7.0
425 584 2.0
425 587 16.0
425 588 14.0
425 589 652.0
425 590 270.0
425 591 16.0
425 592 2.0
425 593 3.0
425 594 2.0
425 597 5.0
425 598 265.0
425 599 124.0
425 600 26.0
425 602 16.0
425 603 1.0
425 607 40.0
425 610 37.0
425 631 5.0
425 640 1.0
425 641 3.0
425 646 2.0
425 650 1.0
425 652 3.0
425 661 11.0
425 662 64.0
425 663 200.0
425 664 76.0
425 665 15.0
425 669 4.0
425 670 3.0
425 672 6.0
425 675 47.0
425 676 565.0
425 677 87.0
425 678 5.0
425 679 3.0
425 680 10.0
425 682 10.0
425 683 1.0
425 684 2.0
425 687 21.0
425 688 1229.0
425 689 270.0
425 690 31.0
425 691 1.0
425 692 3.0
425 693 9.0
425 694 2.0
425 697 77.0
425 698 465.0
425 699 42.0
425 700 261.0
425 701 270.0
425 702 8.0
425 703 1.0
425 704 18.0
425 706 2.0
425 707 2.0
425 709 20.0
425 710 537.0
425 711 9.0
425 712 129.0
425 713 14.0
425 714 2.0
425 715 78.0
425 719 12.0
425 720 33.0
425 721 174.0
425 722 60.0
425 723 25.0
425 724 5.0
425 725 5.0
425 726 10.0
425 730 26.0
425 731 416.0
425 732 1411.0
425 733 6.0
425 739 6.0
425 740 45.0
425 741 434.0
425 742 7.0
425 751 2.0
425 752 1.0
425 754 1.0
425 764 1.0
425 769 4.0
425 770 1.0
425 780 41.0
425 781 6.0
425 782 1.0
425 790 14.0
425 791 118.0
425 792 63.0
425 793 8.0
425 794 20.0
425 795 2.0
425 802 2.0
425 803 64.0
425 804 562.0
425 805 60.0
425 806 50.0
425 807 3.0
425 814 25.0
425 815 9.0
425 816 910.0
425 817 61.0
425 818 22.0
425 819 2.0
425 820 3.0
425 821 1.0
425 826 37.0
425 827 176.0
425 828 265.0
425 829 18.0
425 831 1.0
425 835 30.0
425 836 28.0
425 837 173.0
425 838 35.0
425 839 3.0
425 840 2.0
425 841 1.0
425 847 112.0
425 848 17.0
425 849 2.0
425 851 3.0
425 857 7.0
425 863 13.0
425 864 48.0
425 870 1.0
425 880 1.0
425 886 2.0
425 895 18.0
425 896 2.0
425 904 2.0
425 905 2.0
425 906 10.0
425 907 3.0
425 913 4.0
425 914 83.0
425 915 361.0
425 916 5.0
425 917 2.0
425 924 150.0
425 925 399.0
425 926 79.0
425 927 5.0
425 929 2.0
425 934 8.0
425 935 7.0
425 939 2.0
425 944 11.0
425 945 16.0
425 952 40.0
425 953 15.0
425 963 3.0
425 969 2.0
425 974 4.0
425 980 2.0
425 981 29.0
425 995 2.0
425 996 1.0
425 997 173.0
425 998 98.0
425 1002 1.0
425 1005 2.0
425 1006 43.0
425 1007 135.0
425 1011 1.0
425 1013 23.0
425 1014 3.0
425 1015 34.0
425 1018 1.0
425 1019 1.0
425 1021 1.0
425 1024 2.0
425 1030 6.0
425 1051 28.0
425 1052 28.0
425 1057 30.0
425 1058 18.0
425 1062 1.0
425 1063 137.0
425 1064 1.0
425 1066 1.0
426 427 573.0
426 428 80.0
426 429 13.0
426 430 13.0
426 431 5.0
426 435 5147.0
426 436 3775.0
426 437 676.0
426 438 538.0
426 439 294.0
426 440 11.0
426 444 1.0
426 445 187.0
426 446 4782.0
426 447 752.0
426 448 265.0
426 449 49.0
426 451 2.0
426 452 1.0
426 453 12.0
426 454 638.0
426 455 4139.0
426 456 260.0
426 458 4.0
426 461 19.0
426 462 212.0
426 463 1990.0
426 464 116.0
426 466 3.0
426 467 8.0
426 469 261.0
426 470 88.0
426 472 1.0
426 485 1.0
426 494 3.0
426 511 1.0
426 516 2.0
426 522 972.0
426 524 1.0
426 527 2.0
426 528 7.0
426 534 11.0
426 535 21.0
426 536 53.0
426 539 50.0
426 540 107.0
426 541 143.0
426 542 55.0
426 546 3.0
426 547 7.0
426 548 50.0
426 549 3.0
426 551 327.0
426 557 323.0
426 558 579.0
426 559 1499.0
426 560 124.0
426 562 434.0
426 563 112.0
426 567 1.0
426 568 4.0
426 569 131.0
426 570 75.0
426 571 113.0
426 572 2.0
426 573 275.0
426 574 3.0
426 577 1.0
426 578 19.0
426 579 163.0
426 580 947.0
426 581 33.0
426 582 33.0
426 583 96.0
426 587 2.0
426 588 4.0
426 589 162.0
426 590 490.0
426 591 193.0
426 592 6.0
426 597 23.0
426 598 164.0
426 599 255.0
426 600 9.0
426 606 6.0
426 607 441.0
426 614 2.0
426 631 44.0
426 641 8.0
426 646 3.0
426 652 71.0
426 653 1.0
426 663 3.0
426 664 57.0
426 669 4.0
426 670 3.0
426 672 4.0
426 676 1.0
426 678 2.0
426 679 1.0
426 680 2.0
426 681 75.0
426 682 28.0
426 683 1.0
426 684 10.0
426 688 26.0
426 689 1.0
426 690 68.0
426 693 2.0
426 694 1.0
426 697 7.0
426 698 57.0
426 699 11.0
426 700 8.0
426 701 13.0
426 702 1.0
426 704 2.0
426 705 1.0
426 706 1.0
426 707 1.0
426 710 58.0
426 711 17.0
426 712 15.0
426 713 14.0
426 714 38.0
426 715 36.0
426 719 4.0
426 720 10.0
426 721 65.0
426 722 6.0
426 723 26.0
426 726 2.0
426 727 1.0
426 730 11.0
426 731 27.0
426 732 94.0
426 740 4.0
426 741 38.0
426 742 2.0
426 769 555.0
426 780 18.0
426 784 10.0
426 785 13.0
426 791 4.0
426 792 2.0
426 794 3.0
426 797 22.0
426 803 7.0
426 804 3.0
426 807 2.0
426 808 1.0
426 809 43.0
426 815 1.0
426 816 24.0
426 818 20.0
426 822 1.0
426 827 3.0
426 828 1.0
426 829 18.0
426 831 1.0
426 836 4.0
426 837 6.0
426 838 4.0
426 839 14.0
426 840 1.0
426 847 2.0
426 851 2.0
426 857 5.0
426 864 13.0
426 915 7.0
426 916 1.0
426 920 4.0
426 924 4.0
426 939 1.0
426 953 1.0
426 963 2.0
426 988 1.0
426 993 2.0
426 997 7.0
426 998 1.0
426 1045 1.0
427 428 425.0
427 429 8.0
427 430 16.0
427 431 46.0
427 435 382.0
427 436 134.0
427 437 1181.0
427 438 698.0
427 439 53.0
427 441 1.0
427 444 1.0
427 445 56.0
427 446 152.0
427 447 118.0
427 448 41.0
427 449 4.0
427 451 12.0
427 452 5.0
427 454 17.0
427 455 77.0
427 456 16.0
427 458 1.0
427 459 1.0
427 460 1.0
427 461 1.0
427 462 5.0
427 463 20.0
427 464 11.0
427 466 1.0
427 467 2.0
427 469 5.0
427 485 24.0
427 489 4.0
427 494 42.0
427 499 5.0
427 502 1.0
427 509 3.0
427 510 54.0
427 511 1.0
427 513 1.0
427 514 16.0
427 516 2.0
427 522 358.0
427 523 74.0
427 524 23.0
427 525 9.0
427 526 6.0
427 527 115.0
427 528 6.0
427 529 1.0
427 532 1.0
427 533 4.0
427 534 12.0
427 535 503.0
427 536 890.0
427 537 110.0
427 538 9.0
427 539 25.0
427 540 15.0
427 541 25.0
427 542 22.0
427 546 1.0
427 547 14.0
427 548 1170.0
427 549 214.0
427 551 42.0
427 556 2.0
427 557 7.0
427 558 192.0
427 559 706.0
427 560 1350.0
427 561 110.0
427 562 839.0
427 563 15.0
427 567 1.0
427 568 13.0
427 569 542.0
427 570 188.0
427 571 6.0
427 572 14.0
427 573 36.0
427 574 11.0
427 577 5.0
427 578 36.0
427 579 208.0
427 580 331.0
427 581 14.0
427 582 11.0
427 583 17.0
427 587 2.0
427 588 9.0
427 589 78.0
427 590 88.0
427 591 102.0
427 592 2.0
427 596 1.0
427 597 8.0
427 598 44.0
427 599 54.0
427 600 6.0
427 606 2.0
427 607 20.0
427 608 1.0
427 631 1.0
427 635 1.0
427 636 2.0
427 640 1.0
427 644 1.0
427 646 33.0
427 652 1.0
427 653 1.0
427 655 2.0
427 656 4.0
427 657 47.0
427 658 1.0
427 663 1.0
427 664 48.0
427 669 55.0
427 670 3.0
427 672 1.0
427 678 147.0
427 679 53.0
427 682 2.0
427 684 1.0
427 687 3.0
427 688 1.0
427 689 2.0
427 690 102.0
427 691 22.0
427 692 1.0
427 693 2.0
427 694 1.0
427 697 15.0
427 698 165.0
427 699 3.0
427 700 2.0
427 701 21.0
427 702 1.0
427 703 15.0
427 704 16.0
427 709 16.0
427 710 224.0
427 711 3.0
427 712 8.0
427 713 2.0
427 714 1.0
427 715 56.0
427 719 4.0
427 720 6.0
427 721 69.0
427 722 157.0
427 723 65.0
427 725 4.0
427 726 9.0
427 727 4.0
427 730 5.0
427 731 14.0
427 732 111.0
427 733 7.0
427 741 30.0
427 742 1.0
427 748 2.0
427 764 1.0
427 765 5.0
427 769 31.0
427 774 9.0
427 780 20.0
427 783 1.0
427 785 5.0
427 791 1.0
427 795 1.0
427 797 2.0
427 803 17.0
427 804 2.0
427 807 1.0
427 814 4.0
427 818 5.0
427 819 1.0
427 827 1.0
427 829 3.0
427 835 7.0
427 837 1.0
427 838 1.0
427 840 5.0
427 847 2.0
427 848 2.0
427 857 30.0
427 864 1.0
427 880 1.0
427 895 1.0
427 904 2.0
427 915 1.0
427 925 1.0
427 944 1.0
427 952 1.0
427 981 1.0
427 997 1.0
428 429 139.0
428 430 74.0
428 431 47.0
428 435 56.0
428 436 275.0
428 437 471.0
428 438 438.0
428 439 43.0
428 440 3.0
428 441 1.0
428 445 12.0
428 446 29.0
428 447 195.0
428 448 33.0
428 449 22.0
428 450 1.0
428 451 22.0
428 452 12.0
428 454 4.0
428 455 14.0
428 456 7.0
428 458 2.0
428 459 2.0
428 461 1.0
428 462 1.0
428 463 9.0
428 464 3.0
428 469 1.0
428 472 1.0
428 485 8.0
428 489 5.0
428 494 20.0
428 500 5.0
428 505 3.0
428 510 1.0
428 511 4.0
428 516 49.0
428 522 72.0
428 523 2.0
428 524 1.0
428 525 1.0
428 526 5.0
428 527 83.0
428 528 6.0
428 535 7.0
428 536 72.0
428 537 6.0
428 538 8.0
428 539 85.0
428 540 9.0
428 541 37.0
428 542 33.0
428 547 5.0
428 548 165.0
428 549 41.0
428 551 97.0
428 558 8.0
428 559 323.0
428 560 89.0
428 561 41.0
428 562 69.0
428 563 117.0
428 568 3.0
428 569 18.0
428 570 103.0
428 572 31.0
428 573 170.0
428 577 1.0
428 578 3.0
428 579 13.0
428 580 152.0
428 581 44.0
428 582 26.0
428 583 47.0
428 585 2.0
428 589 8.0
428 590 9.0
428 591 82.0
428 592 12.0
428 598 1.0
428 599 3.0
428 606 1.0
428 630 2.0
428 631 1.0
428 646 18.0
428 647 1.0
428 652 3.0
428 657 57.0
428 658 9.0
428 659 4.0
428 664 11.0
428 669 65.0
428 670 2.0
428 672 1.0
428 678 6.0
428 679 7.0
428 680 4.0
428 682 7.0
428 683 2.0
428 684 3.0
428 688 1.0
428 689 4.0
428 690 2.0
428 691 13.0
428 692 3.0
428 693 9.0
428 694 2.0
428 697 3.0
428 698 4.0
428 699 3.0
428 700 1.0
428 701 12.0
428 702 1.0
428 704 90.0
428 705 4.0
428 706 2.0
428 707 2.0
428 710 2.0
428 711 1.0
428 712 1.0
428 713 17.0
428 714 3.0
428 715 320.0
428 716 1.0
428 721 1.0
428 722 10.0
428 723 27.0
428 724 1.0
428 725 31.0
428 726 13.0
428 732 4.0
428 733 3.0
428 741 1.0
428 769 33.0
428 774 16.0
428 783 1.0
428 785 2.0
428 791 2.0
428 795 1.0
428 797 1.0
428 803 2.0
428 807 6.0
428 818 12.0
428 820 3.0
428 829 11.0
428 830 2.0
428 831 1.0
428 835 1.0
428 836 2.0
428 837 1.0
428 839 1.0
428 840 12.0
428 841 1.0
428 851 1.0
428 857 3.0
428 860 1.0
428 909 1.0
428 963 1.0
429 430 1625.0
429 431 2.0
429 435 53.0
429 436 283.0
429 437 200.0
429 438 384.0
429 439 6252.0
429 440 456.0
429 441 1.0
429 445 7.0
429 446 56.0
429 447 81.0
429 448 185.0
429 449 1133.0
429 450 48.0
429 451 57.0
429 452 57.0
429 453 1.0
429 454 8.0
429 455 25.0
429 457 36.0
429 458 497.0
429 459 44.0
429 460 60.0
429 462 26.0
429 463 25.0
429 466 399.0
429 467 61.0
429 469 5.0
429 472 66.0
429 485 51.0
429 486 4.0
429 494 157.0
429 495 2.0
429 505 73.0
429 516 1311.0
429 522 8.0
429 526 1.0
429 527 391.0
429 528 75.0
429 529 1.0
429 535 3.0
429 536 18.0
429 537 4.0
429 538 1.0
429 539 485.0
429 540 314.0
429 541 347.0
429 542 272.0
429 546 1.0
429 547 2.0
429 548 13.0
429 549 44.0
429 550 20.0
429 551 445.0
429 558 1.0
429 559 70.0
429 560 4.0
429 561 42.0
429 562 56.0
429 563 378.0
429 568 1.0
429 569 4.0
429 570 70.0
429 572 9.0
429 573 184.0
429 574 21.0
429 580 52.0
429 581 12.0
429 582 9.0
429 583 77.0
429 584 164.0
429 585 2.0
429 590 7.0
429 591 39.0
429 592 33.0
429 593 85.0
429 594 146.0
429 595 2.0
429 602 742.0
429 603 230.0
429 604 3.0
429 609 32.0
429 610 586.0
429 611 1.0
429 631 1.0
429 636 18.0
429 646 130.0
429 647 2.0
429 652 1.0
429 657 3.0
429 669 126.0
429 670 41.0
429 671 1.0
429 672 79.0
429 680 38.0
429 681 20.0
429 682 181.0
429 683 26.0
429 684 77.0
429 688 1.0
429 689 1.0
429 690 3.0
429 691 1.0
429 692 20.0
429 693 70.0
429 694 44.0
429 697 1.0
429 698 3.0
429 699 1.0
429 701 6.0
429 702 2.0
429 704 101.0
429 705 19.0
429 706 5.0
429 707 3.0
429 708 3.0
429 710 2.0
429 712 2.0
429 713 19.0
429 714 28.0
429 715 182.0
429 716 2.0
429 717 6.0
429 722 2.0
429 723 1.0
429 724 55.0
429 725 5.0
429 726 66.0
429 727 5.0
429 733 1.0
429 736 70.0
429 742 1.0
429 744 17.0
429 745 9.0
429 751 65.0
429 752 23.0
429 769 2.0
429 785 6.0
429 797 9.0
429 807 10.0
429 808 1.0
429 809 8.0
429 820 4.0
429 821 25.0
429 822 18.0
429 823 16.0
429 829 1.0
429 830 16.0
429 831 2.0
429 832 6.0
429 840 13.0
429 841 6.0
429 842 3.0
429 851 4.0
429 852 1.0
429 853 1.0
429 860 13.0
429 900 1.0
429 910 1.0
429 918 2.0
429 920 3.0
429 929 1.0
429 930 16.0
429 940 1.0
429 947 3.0
429 949 2.0
429 955 1.0
429 956 1.0
429 963 9.0
429 1002 4.0
429 1010 1.0
429 1018 7.0
430 431 197.0
430 435 1.0
430 436 53.0
430 437 16.0
430 438 65.0
430 439 1996.0
430 440 4158.0
430 441 60.0
430 446 4.0
430 447 17.0
430 448 45.0
430 449 2456.0
430 450 937.0
430 451 9.0
430 452 60.0
430 455 4.0
430 457 58.0
430 458 651.0
430 459 673.0
430 460 24.0
430 463 3.0
430 465 2.0
430 466 583.0
430 467 164.0
430 472 353.0
430 485 471.0
430 486 176.0
430 494 562.0
430 495 21.0
430 503 1.0
430 504 1.0
430 505 63.0
430 514 1.0
430 515 7.0
430 516 1167.0
430 517 77.0
430 522 2.0
430 524 3.0
430 525 9.0
430 526 1.0
430 527 733.0
430 528 620.0
430 529 38.0
430 530 1.0
430 534 1.0
430 535 5.0
430 536 3.0
430 537 33.0
430 538 72.0
430 539 2011.0
430 540 1281.0
430 541 1176.0
430 542 1281.0
430 549 78.0
430 550 27.0
430 551 338.0
430 552 70.0
430 553 9.0
430 554 6.0
430 558 1.0
430 559 18.0
430 560 3.0
430 561 146.0
430 562 41.0
430 563 1070.0
430 564 1.0
430 568 1.0
430 569 1.0
430 570 12.0
430 572 2.0
430 573 26.0
430 574 701.0
430 575 2.0
430 576 215.0
430 580 15.0
430 581 3.0
430 582 3.0
430 583 53.0
430 584 2313.0
430 585 456.0
430 586 9.0
430 590 1.0
430 591 9.0
430 592 18.0
430 593 245.0
430 594 801.0
430 595 97.0
430 596 3.0
430 599 1.0
430 602 746.0
430 603 402.0
430 604 4.0
430 609 31.0
430 610 957.0
430 611 18.0
430 627 4.0
430 636 483.0
430 646 17.0
430 655 1.0
430 657 8.0
430 658 81.0
430 659 7.0
430 666 1.0
430 669 59.0
430 670 494.0
430 671 22.0
430 672 154.0
430 677 1.0
430 680 186.0
430 681 415.0
430 682 585.0
430 683 204.0
430 684 173.0
430 691 43.0
430 692 26.0
430 693 39.0
430 694 179.0
430 696 2.0
430 698 1.0
430 704 46.0
430 705 86.0
430 706 76.0
430 707 72.0
430 708 35.0
430 710 1.0
430 712 2.0
430 713 24.0
430 714 28.0
430 715 17.0
430 716 1.0
430 723 1.0
430 724 2.0
430 725 8.0
430 726 949.0
430 727 58.0
430 728 3.0
430 735 63.0
430 736 289.0
430 744 199.0
430 745 30.0
430 750 1.0
430 751 181.0
430 752 35.0
430 765 2.0
430 774 2.0
430 784 59.0
430 785 64.0
430 797 164.0
430 798 20.0
430 799 6.0
430 800 2.0
430 808 9.0
430 809 195.0
430 810 4.0
430 811 27.0
430 812 3.0
430 819 3.0
430 820 35.0
430 821 37.0
430 822 13.0
430 823 12.0
430 831 6.0
430 832 21.0
430 840 8.0
430 841 1.0
430 842 2.0
430 843 2.0
430 851 10.0
430 852 5.0
430 853 3.0
430 857 1.0
430 860 24.0
430 867 39.0
430 889 7.0
430 899 12.0
430 900 3.0
430 909 2.0
430 919 6.0
430 920 179.0
430 921 20.0
430 929 12.0
430 930 25.0
430 939 1.0
430 940 7.0
430 947 3.0
430 948 15.0
430 955 4.0
430 963 12.0
430 968 1.0
430 993 1.0
430 1000 2.0
430 1001 6.0
430 1002 133.0
430 1011 8.0
430 1018 140.0
430 1026 12.0
430 1033 2.0
430 1054 2.0
430 1056 3.0
430 1060 1.0
430 1061 2.0
430 1062 5.0
431 435 1.0
431 436 4.0
431 437 11.0
431 438 7.0
431 439 2.0
431 440 185.0
431 441 11.0
431 446 1.0
431 447 1.0
431 449 24.0
431 450 60.0
431 458 1.0
431 459 43.0
431 460 6.0
431 464 1.0
431 466 5.0
431 467 10.0
431 472 27.0
431 477 5.0
431 485 83.0
431 486 5.0
431 494 57.0
431 503 5.0
431 504 2.0
431 505 86.0
431 514 1.0
431 515 6.0
431 516 818.0
431 517 18.0
431 518 2.0
431 525 1.0
431 526 4.0
431 527 115.0
431 528 1153.0
431 529 26.0
431 530 3.0
431 536 2.0
431 538 9.0
431 539 8.0
431 540 256.0
431 541 679.0
431 542 942.0
431 549 11.0
431 550 2.0
431 551 1.0
431 552 1.0
431 553 16.0
431 559 57.0
431 561 25.0
431 562 10.0
431 565 1.0
431 568 1.0
431 569 5.0
431 570 10.0
431 573 1.0
431 574 4.0
431 575 1.0
431 576 1.0
431 580 11.0
431 581 10.0
431 582 4.0
431 583 10.0
431 584 3.0
431 591 1.0
431 594 7.0
431 603 7.0
431 610 12.0
431 611 2.0
431 627 2.0
431 636 153.0
431 646 17.0
431 647 32.0
431 656 1.0
431 657 15.0
431 658 1.0
431 659 5.0
431 669 2.0
431 670 142.0
431 672 36.0
431 680 6.0
431 682 119.0
431 683 10.0
431 684 80.0
431 685 1.0
431 691 11.0
431 694 102.0
431 697 2.0
431 698 3.0
431 699 1.0
431 706 10.0
431 710 3.0
431 726 2.0
431 736 7.0
431 766 1.0
431 774 1.0
431 775 4.0
431 810 6.0
431 882 1.0
432 565 1.0
432 940 1.0
434 444 5.0
434 534 1.0
434 558 3.0
434 568 5.0
434 569 3.0
434 578 3.0
434 579 4.0
434 588 27.0
434 664 1.0
434 698 5.0
434 699 1.0
434 700 33.0
434 710 2.0
434 711 33.0
434 721 1.0
434 803 2.0
434 804 1.0
435 436 626.0
435 437 585.0
435 438 436.0
435 439 210.0
435 440 8.0
435 444 1.0
435 445 1011.0
435 446 3510.0
435 447 189.0
435 448 85.0
435 449 15.0
435 450 1.0
435 451 4.0
435 452 1.0
435 453 1.0
435 454 1649.0
435 455 3187.0
435 456 41.0
435 458 1.0
435 461 35.0
435 462 783.0
435 463 859.0
435 466 1.0
435 469 66.0
435 470 66.0
435 485 1.0
435 494 3.0
435 514 2.0
435 516 3.0
435 521 1.0
435 522 23.0
435 524 1.0
435 527 14.0
435 528 4.0
435 535 8.0
435 536 68.0
435 537 4.0
435 538 1.0
435 539 63.0
435 540 7.0
435 541 9.0
435 542 10.0
435 546 6.0
435 547 36.0
435 548 60.0
435 549 8.0
435 551 202.0
435 558 13.0
435 559 628.0
435 560 28.0
435 561 5.0
435 562 367.0
435 563 9.0
435 569 30.0
435 570 25.0
435 571 107.0
435 572 9.0
435 573 154.0
435 579 108.0
435 580 12.0
435 581 4.0
435 582 3.0
435 583 59.0
435 584 2.0
435 588 2.0
435 589 89.0
435 590 318.0
435 591 50.0
435 592 2.0
435 593 19.0
435 596 2.0
435 597 41.0
435 598 154.0
435 599 345.0
435 602 8.0
435 606 6.0
435 607 529.0
435 614 2.0
435 636 1.0
435 646 3.0
435 648 1.0
435 652 3.0
435 656 1.0
435 657 13.0
435 658 3.0
435 659 3.0
435 663 1.0
435 664 30.0
435 669 13.0
435 672 5.0
435 675 2.0
435 678 3.0
435 679 2.0
435 680 8.0
435 681 50.0
435 682 55.0
435 684 2.0
435 687 2.0
435 688 4.0
435 689 34.0
435 690 7.0
435 691 4.0
435 692 1.0
435 697 5.0
435 698 7.0
435 699 3.0
435 700 58.0
435 701 14.0
435 702 1.0
435 704 10.0
435 710 47.0
435 711 1.0
435 712 3.0
435 713 14.0
435 714 6.0
435 715 66.0
435 719 1.0
435 720 3.0
435 721 6.0
435 722 2.0
435 723 46.0
435 724 3.0
435 725 5.0
435 726 2.0
435 727 2.0
435 730 1.0
435 731 12.0
435 732 10.0
435 740 3.0
435 741 5.0
435 742 1.0
435 751 1.0
435 769 5.0
435 774 1.0
435 784 4.0
435 785 4.0
435 791 1.0
435 792 11.0
435 797 16.0
435 803 1.0
435 804 54.0
435 806 1.0
435 807 3.0
435 808 2.0
435 809 27.0
435 816 43.0
435 817 14.0
435 818 41.0
435 827 4.0
435 828 3.0
435 829 39.0
435 836 2.0
435 837 2.0
435 838 5.0
435 839 25.0
435 840 1.0
435 841 1.0
435 847 2.0
435 857 1.0
435 895 1.0
435 913 1.0
435 920 3.0
435 924 2.0
435 925 2.0
435 926 10.0
435 936 1.0
435 988 1.0
435 993 3.0
435 998 7.0
435 1007 4.0
435 1015 1.0
435 1045 1.0
435 1052 2.0
435 1063 1.0
436 437 4629.0
436 438 5405.0
436 439 3366.0
436 440 58.0
436 444 1.0
436 445 9.0
436 446 4323.0
436 447 3856.0
436 448 3265.0
436 449 237.0
436 453 16.0
436 454 52.0
436 455 3115.0
436 456 715.0
436 457 1.0
436 458 20.0
436 459 1.0
436 460 1.0
436 462 112.0
436 463 3004.0
436 464 113.0
436 466 10.0
436 467 2.0
436 469 434.0
436 470 59.0
436 472 1.0
436 485 15.0
436 486 2.0
436 489 1.0
436 494 63.0
436 499 1.0
436 502 2.0
436 505 1.0
436 509 1.0
436 514 4.0
436 516 37.0
436 522 257.0
436 526 3.0
436 527 116.0
436 528 15.0
436 534 7.0
436 535 58.0
436 536 58.0
436 537 5.0
436 538 3.0
436 539 531.0
436 540 703.0
436 541 1301.0
436 542 799.0
436 546 30.0
436 547 1761.0
436 548 39.0
436 549 15.0
436 551 3245.0
436 552 3.0
436 554 1.0
436 557 23.0
436 558 241.0
436 559 2324.0
436 560 62.0
436 561 18.0
436 562 61.0
436 563 592.0
436 568 7.0
436 569 232.0
436 570 2096.0
436 571 20.0
436 572 9.0
436 573 747.0
436 574 34.0
436 579 23.0
436 580 3311.0
436 581 14.0
436 582 11.0
436 583 500.0
436 584 6.0
436 588 1.0
436 589 9.0
436 590 405.0
436 591 310.0
436 592 56.0
436 593 66.0
436 594 4.0
436 598 4.0
436 599 66.0
436 600 102.0
436 602 23.0
436 603 1.0
436 607 29.0
436 610 1.0
436 631 20.0
436 636 9.0
436 641 1.0
436 646 61.0
436 647 1.0
436 648 1.0
436 650 1.0
436 652 27.0
436 653 2.0
436 656 1.0
436 657 88.0
436 658 13.0
436 659 6.0
436 662 1.0
436 663 4.0
436 664 22.0
436 669 131.0
436 670 42.0
436 672 13.0
436 676 20.0
436 677 5.0
436 678 24.0
436 679 25.0
436 680 10.0
436 681 10.0
436 682 185.0
436 683 17.0
436 684 115.0
436 688 45.0
436 689 2109.0
436 690 37.0
436 691 7.0
436 692 7.0
436 693 288.0
436 694 8.0
436 697 29.0
436 698 123.0
436 699 29.0
436 700 41.0
436 701 716.0
436 702 4.0
436 703 1.0
436 704 49.0
436 705 1.0
436 706 6.0
436 707 2.0
436 708 1.0
436 710 114.0
436 711 160.0
436 712 336.0
436 713 558.0
436 714 102.0
436 715 701.0
436 716 2.0
436 717 1.0
436 721 13.0
436 722 17.0
436 723 111.0
436 724 13.0
436 725 4.0
436 726 34.0
436 727 12.0
436 730 2.0
436 731 14.0
436 732 17.0
436 733 5.0
436 738 1.0
436 740 1.0
436 741 24.0
436 751 4.0
436 764 1.0
436 769 24.0
436 774 20.0
436 780 7.0
436 785 3.0
436 791 14.0
436 792 4.0
436 793 2.0
436 794 11.0
436 795 1.0
436 797 3.0
436 803 16.0
436 804 10.0
436 805 60.0
436 806 86.0
436 815 1.0
436 816 30.0
436 817 1130.0
436 818 308.0
436 819 6.0
436 820 89.0
436 821 95.0
436 822 10.0
436 823 1.0
436 826 2.0
436 827 18.0
436 828 15.0
436 829 152.0
436 830 1.0
436 831 74.0
436 836 46.0
436 837 140.0
436 838 69.0
436 839 58.0
436 840 3.0
436 846 5.0
436 847 3.0
436 848 24.0
436 851 8.0
436 852 7.0
436 857 3.0
436 860 2.0
436 880 1.0
436 886 19.0
436 906 2.0
436 907 2.0
436 914 1.0
436 915 3.0
436 916 49.0
436 917 2.0
436 920 1.0
436 924 6.0
436 925 9.0
436 926 862.0
436 929 73.0
436 930 37.0
436 931 1.0
436 935 2.0
436 938 1.0
436 939 53.0
436 944 1.0
436 945 18.0
436 948 1.0
436 952 43.0
436 953 3.0
436 956 2.0
436 960 1.0
436 963 13.0
436 969 19.0
436 988 1.0
436 997 2.0
436 998 429.0
436 1000 1.0
436 1002 41.0
436 1003 1.0
436 1005 2.0
436 1006 76.0
436 1007 734.0
436 1011 18.0
436 1013 5.0
436 1015 56.0
436 1018 6.0
436 1019 16.0
436 1020 10.0
436 1022 10.0
436 1026 1.0
436 1045 1.0
436 1052 202.0
436 1057 4.0
436 1058 63.0
436 1062 29.0
436 1063 16.0
436 1066 2.0
437 438 9126.0
437 439 1138.0
437 440 23.0
437 444 7.0
437 445 21.0
437 446 268.0
437 447 808.0
437 448 547.0
437 449 12.0
437 450 1.0
437 451 3.0
437 452 1.0
437 453 99.0
437 454 20.0
437 455 182.0
437 456 137.0
437 457 1.0
437 458 3.0
437 459 1.0
437 460 1.0
437 461 3.0
437 462 45.0
437 463 130.0
437 464 7.0
437 467 3.0
437 469 22.0
437 470 3.0
437 485 17.0
437 486 2.0
437 489 1.0
437 494 46.0
437 499 1.0
437 509 1.0
437 516 20.0
437 522 263.0
437 526 3.0
437 527 119.0
437 528 5.0
437 535 23.0
437 536 1.0
437 537 1.0
437 538 2.0
437 539 280.0
437 540 62.0
437 541 321.0
437 542 277.0
437 546 26.0
437 547 1665.0
437 549 5.0
437 550 2.0
437 551 1641.0
437 554 2.0
437 557 1.0
437 558 45.0
437 559 1892.0
437 560 9.0
437 561 4.0
437 562 1846.0
437 563 169.0
437 567 1.0
437 568 4.0
437 569 139.0
437 570 2361.0
437 571 7.0
437 572 35.0
437 573 328.0
437 574 10.0
437 577 1.0
437 578 17.0
437 579 105.0
437 580 414.0
437 581 8.0
437 582 7.0
437 583 63.0
437 584 4.0
437 587 1.0
437 588 2.0
437 589 58.0
437 590 74.0
437 591 709.0
437 592 11.0
437 593 3.0
437 594 1.0
437 597 8.0
437 598 41.0
437 599 20.0
437 600 2.0
437 602 2.0
437 606 7.0
437 607 4.0
437 608 1.0
437 631 5.0
437 636 10.0
437 641 1.0
437 646 44.0
437 647 1.0
437 648 1.0
437 650 1.0
437 652 13.0
437 653 2.0
437 656 1.0
437 657 93.0
437 658 14.0
437 659 6.0
437 664 22.0
437 669 107.0
437 670 3.0
437 672 1.0
437 676 15.0
437 677 1.0
437 678 21.0
437 679 21.0
437 680 14.0
437 681 1.0
437 682 260.0
437 683 15.0
437 684 5.0
437 688 11.0
437 689 1913.0
437 690 20.0
437 691 3.0
437 692 6.0
437 693 96.0
437 694 4.0
437 697 7.0
437 698 37.0
437 699 9.0
437 700 11.0
437 701 380.0
437 702 4.0
437 703 1.0
437 704 81.0
437 705 14.0
437 706 3.0
437 707 2.0
437 709 1.0
437 710 48.0
437 711 3.0
437 712 425.0
437 713 291.0
437 714 133.0
437 715 1115.0
437 716 1.0
437 717 1.0
437 719 3.0
437 720 6.0
437 721 29.0
437 722 22.0
437 723 300.0
437 724 30.0
437 725 17.0
437 726 24.0
437 727 3.0
437 730 4.0
437 731 7.0
437 732 29.0
437 733 2.0
437 736 1.0
437 741 11.0
437 751 2.0
437 765 1.0
437 769 49.0
437 774 20.0
437 780 2.0
437 784 1.0
437 785 3.0
437 791 8.0
437 793 3.0
437 794 14.0
437 795 1.0
437 803 10.0
437 804 4.0
437 805 85.0
437 806 63.0
437 807 15.0
437 815 1.0
437 816 6.0
437 817 1039.0
437 818 410.0
437 820 12.0
437 821 17.0
437 822 8.0
437 827 6.0
437 828 14.0
437 829 294.0
437 830 2.0
437 831 42.0
437 836 7.0
437 837 11.0
437 838 61.0
437 839 63.0
437 840 1.0
437 842 1.0
437 847 2.0
437 848 24.0
437 851 1.0
437 857 6.0
437 860 1.0
437 886 33.0
437 896 4.0
437 906 1.0
437 907 3.0
437 915 2.0
437 916 63.0
437 917 4.0
437 924 2.0
437 925 5.0
437 926 818.0
437 929 9.0
437 930 11.0
437 935 2.0
437 939 31.0
437 944 2.0
437 945 17.0
437 952 1.0
437 953 4.0
437 960 1.0
437 969 33.0
437 996 1.0
437 997 1.0
437 998 341.0
437 1000 1.0
437 1005 2.0
437 1006 76.0
437 1007 735.0
437 1011 9.0
437 1013 5.0
437 1015 56.0
437 1018 8.0
437 1019 12.0
437 1020 9.0
437 1022 10.0
437 1052 175.0
437 1057 5.0
437 1058 59.0
437 1062 3.0
437 1063 15.0
437 1066 3.0
438 439 477.0
438 440 10.0
438 444 7.0
438 445 12.0
438 446 493.0
438 447 1143.0
438 448 528.0
438 449 31.0
438 450 2.0
438 451 3.0
438 452 3.0
438 453 75.0
438 454 11.0
438 455 313.0
438 456 135.0
438 457 1.0
438 458 10.0
438 459 1.0
438 460 2.0
438 462 1.0
438 463 268.0
438 464 2.0
438 466 4.0
438 467 3.0
438 469 58.0
438 485 35.0
438 486 3.0
438 489 1.0
438 494 178.0
438 499 1.0
438 509 1.0
438 516 29.0
438 522 236.0
438 524 1.0
438 526 5.0
438 527 300.0
438 528 5.0
438 534 1.0
438 535 45.0
438 536 20.0
438 537 2.0
438 538 2.0
438 539 458.0
438 540 45.0
438 541 423.0
438 542 395.0
438 546 26.0
438 547 1668.0
438 548 20.0
438 549 9.0
438 551 1332.0
438 554 4.0
438 557 1.0
438 558 18.0
438 559 1309.0
438 560 45.0
438 561 5.0
438 562 1488.0
438 563 367.0
438 567 1.0
438 568 2.0
438 569 66.0
438 570 1609.0
438 571 6.0
438 572 24.0
438 573 231.0
438 574 37.0
438 578 3.0
438 579 74.0
438 580 345.0
438 581 24.0
438 582 3.0
438 583 409.0
438 584 23.0
438 585 4.0
438 587 1.0
438 589 52.0
438 590 70.0
438 591 140.0
438 592 25.0
438 593 45.0
438 594 7.0
438 597 8.0
438 598 43.0
438 599 13.0
438 600 1.0
438 602 23.0
438 606 7.0
438 607 2.0
438 631 4.0
438 636 10.0
438 641 1.0
438 646 168.0
438 647 4.0
438 648 1.0
438 650 1.0
438 652 9.0
438 653 2.0
438 657 207.0
438 658 22.0
438 659 8.0
438 664 18.0
438 666 1.0
438 667 1.0
438 669 289.0
438 670 3.0
438 672 2.0
438 676 15.0
438 677 1.0
438 678 20.0
438 679 20.0
438 680 20.0
438 681 5.0
438 682 379.0
438 683 37.0
438 684 8.0
438 688 10.0
438 689 1914.0
438 690 31.0
438 691 1.0
438 692 12.0
438 693 127.0
438 694 9.0
438 697 6.0
438 698 19.0
438 699 9.0
438 700 9.0
438 701 398.0
438 702 4.0
438 703 1.0
438 704 122.0
438 705 22.0
438 706 8.0
438 707 6.0
438 708 2.0
438 710 28.0
438 711 5.0
438 712 336.0
438 713 140.0
438 714 95.0
438 715 1655.0
438 716 5.0
438 717 1.0
438 719 2.0
438 720 6.0
438 721 18.0
438 722 18.0
438 723 33.0
438 724 2.0
438 725 45.0
438 726 71.0
438 727 16.0
438 730 3.0
438 731 2.0
438 732 11.0
438 736 4.0
438 738 1.0
438 741 6.0
438 742 1.0
438 751 8.0
438 765 1.0
438 769 27.0
438 774 46.0
438 775 1.0
438 780 2.0
438 785 7.0
438 791 8.0
438 793 3.0
438 794 14.0
438 795 1.0
438 797 2.0
438 803 10.0
438 804 4.0
438 805 85.0
438 806 58.0
438 807 14.0
438 809 1.0
438 815 1.0
438 816 6.0
438 817 1037.0
438 818 194.0
438 819 2.0
438 820 40.0
438 821 10.0
438 822 1.0
438 827 4.0
438 828 14.0
438 829 80.0
438 830 1.0
438 831 37.0
438 836 6.0
438 837 10.0
438 838 60.0
438 839 6.0
438 840 5.0
438 842 1.0
438 846 1.0
438 847 2.0
438 848 24.0
438 851 1.0
438 852 4.0
438 860 4.0
438 886 33.0
438 896 4.0
438 906 1.0
438 907 3.0
438 915 2.0
438 916 63.0
438 917 4.0
438 918 1.0
438 924 2.0
438 925 5.0
438 926 818.0
438 929 27.0
438 930 7.0
438 935 2.0
438 938 3.0
438 939 30.0
438 944 2.0
438 945 17.0
438 948 1.0
438 953 2.0
438 956 1.0
438 960 1.0
438 963 4.0
438 969 33.0
438 996 1.0
438 997 1.0
438 998 340.0
438 1002 8.0
438 1005 2.0
438 1006 76.0
438 1007 735.0
438 1011 6.0
438 1013 5.0
438 1015 56.0
438 1018 4.0
438 1019 8.0
438 1020 4.0
438 1022 10.0
438 1026 1.0
438 1052 174.0
438 1057 5.0
438 1058 59.0
438 1062 16.0
438 1063 15.0
438 1066 3.0
439 440 441.0
439 444 2.0
439 445 4.0
439 446 413.0
439 447 1972.0
439 448 4449.0
439 449 5679.0
439 450 14.0
439 451 17.0
439 452 15.0
439 454 12.0
439 455 211.0
439 456 11.0
439 457 101.0
439 458 639.0
439 459 85.0
439 460 82.0
439 462 34.0
439 463 194.0
439 465 2.0
439 466 1141.0
439 467 71.0
439 469 55.0
439 470 1.0
439 472 30.0
439 485 82.0
439 486 10.0
439 494 206.0
439 495 4.0
439 505 93.0
439 513 2.0
439 514 1.0
439 516 2142.0
439 517 1.0
439 522 10.0
439 524 3.0
439 525 9.0
439 526 24.0
439 527 661.0
439 528 484.0
439 529 5.0
439 534 2.0
439 535 3.0
439 537 8.0
439 538 57.0
439 539 2307.0
439 540 2072.0
439 541 2651.0
439 542 1929.0
439 546 2.0
439 547 47.0
439 549 53.0
439 550 27.0
439 551 2718.0
439 552 12.0
439 557 1.0
439 558 11.0
439 559 534.0
439 561 56.0
439 562 71.0
439 563 1333.0
439 569 10.0
439 570 476.0
439 573 1125.0
439 574 10.0
439 579 1.0
439 580 836.0
439 581 4.0
439 583 935.0
439 584 9.0
439 588 1.0
439 590 136.0
439 591 33.0
439 592 59.0
439 593 189.0
439 594 20.0
439 598 3.0
439 599 14.0
439 602 212.0
439 607 4.0
439 610 130.0
439 611 6.0
439 613 2.0
439 614 2.0
439 636 47.0
439 646 146.0
439 647 1.0
439 655 1.0
439 657 20.0
439 658 11.0
439 664 3.0
439 669 174.0
439 670 321.0
439 671 2.0
439 672 336.0
439 677 3.0
439 678 6.0
439 679 8.0
439 680 175.0
439 681 61.0
439 682 686.0
439 683 129.0
439 684 315.0
439 688 2.0
439 689 6.0
439 690 1.0
439 691 3.0
439 692 38.0
439 693 34.0
439 694 175.0
439 698 1.0
439 701 137.0
439 704 374.0
439 705 42.0
439 706 4.0
439 707 3.0
439 708 2.0
439 710 1.0
439 711 5.0
439 712 35.0
439 713 229.0
439 714 22.0
439 715 471.0
439 717 2.0
439 721 13.0
439 724 16.0
439 725 11.0
439 726 15.0
439 727 2.0
439 732 2.0
439 736 5.0
439 741 5.0
439 744 31.0
439 745 1.0
439 751 11.0
439 765 2.0
439 769 5.0
439 774 1.0
439 783 1.0
439 785 8.0
439 795 1.0
439 797 12.0
439 799 1.0
439 807 28.0
439 809 55.0
439 816 1.0
439 817 2.0
439 818 1.0
439 820 16.0
439 821 14.0
439 822 20.0
439 823 17.0
439 829 2.0
439 830 4.0
439 831 3.0
439 832 18.0
439 837 2.0
439 838 1.0
439 840 8.0
439 841 2.0
439 846 1.0
439 851 3.0
439 860 21.0
439 900 2.0
439 920 55.0
439 929 11.0
439 930 4.0
439 939 1.0
439 940 2.0
439 947 2.0
439 955 2.0
439 963 9.0
439 993 2.0
439 998 1.0
439 1002 49.0
439 1010 1.0
439 1018 81.0
439 1019 3.0
439 1020 1.0
439 1052 1.0
439 1062 4.0
440 441 3.0
440 446 31.0
440 447 6.0
440 448 9.0
440 449 2917.0
440 450 1743.0
440 451 51.0
440 452 7.0
440 454 1.0
440 455 6.0
440 457 11.0
440 458 2737.0
440 459 1366.0
440 460 101.0
440 462 6.0
440 463 6.0
440 466 1940.0
440 467 529.0
440 469 2.0
440 472 1427.0
440 485 35.0
440 486 11.0
440 494 42.0
440 495 2.0
440 503 1.0
440 505 10.0
440 516 74.0
440 517 5.0
440 525 3.0
440 527 61.0
440 528 126.0
440 529 1.0
440 534 1.0
440 537 4.0
440 538 6.0
440 539 232.0
440 540 139.0
440 541 425.0
440 542 488.0
440 549 17.0
440 550 7.0
440 551 59.0
440 552 66.0
440 554 1.0
440 558 1.0
440 559 12.0
440 561 36.0
440 562 21.0
440 563 203.0
440 564 2.0
440 570 22.0
440 573 10.0
440 574 89.0
440 575 3.0
440 576 6.0
440 580 17.0
440 581 1.0
440 582 1.0
440 583 13.0
440 584 136.0
440 585 152.0
440 586 2.0
440 591 3.0
440 592 5.0
440 593 36.0
440 594 169.0
440 595 20.0
440 596 3.0
440 601 1.0
440 602 374.0
440 603 221.0
440 609 22.0
440 610 1138.0
440 611 93.0
440 612 1.0
440 627 1.0
440 636 40.0
440 646 1.0
440 655 1.0
440 657 1.0
440 658 6.0
440 669 23.0
440 670 70.0
440 672 49.0
440 680 47.0
440 681 7.0
440 682 136.0
440 683 64.0
440 684 22.0
440 691 7.0
440 692 5.0
440 693 7.0
440 694 37.0
440 701 1.0
440 704 12.0
440 705 8.0
440 706 3.0
440 712 1.0
440 713 2.0
440 714 4.0
440 715 4.0
440 716 3.0
440 724 1.0
440 726 4.0
440 727 4.0
440 736 38.0
440 744 2.0
440 751 28.0
440 752 24.0
440 774 1.0
440 784 5.0
440 785 5.0
440 797 5.0
440 808 1.0
440 809 4.0
440 810 1.0
440 821 6.0
440 832 1.0
440 840 2.0
440 841 3.0
440 919 1.0
440 920 3.0
440 930 1.0
440 1001 1.0
440 1002 5.0
440 1018 21.0
441 449 15.0
441 450 118.0
441 455 1.0
441 458 2.0
441 459 42.0
441 460 9.0
441 466 19.0
441 472 23.0
441 485 4.0
441 486 2.0
441 494 7.0
441 516 17.0
441 526 1.0
441 527 7.0
441 528 2.0
441 534 1.0
441 538 1.0
441 539 77.0
441 540 44.0
441 541 24.0
441 542 26.0
441 549 1.0
441 551 5.0
441 559 2.0
441 561 1.0
441 563 8.0
441 570 1.0
441 574 8.0
441 583 1.0
441 584 2.0
441 585 4.0
441 593 1.0
441 594 27.0
441 602 21.0
441 603 15.0
441 610 29.0
441 612 3.0
441 636 4.0
441 646 3.0
441 657 1.0
441 658 1.0
441 670 1.0
441 672 4.0
441 680 5.0
441 681 64.0
441 682 31.0
441 683 10.0
441 684 9.0
441 692 3.0
441 693 3.0
441 694 2.0
441 704 2.0
441 706 1.0
441 707 1.0
441 724 1.0
441 726 25.0
441 736 17.0
441 744 2.0
441 784 2.0
441 785 1.0
441 796 5.0
441 804 1.0
441 807 1.0
441 808 18.0
441 809 21.0
441 811 1.0
441 819 11.0
441 820 69.0
441 822 1.0
441 831 4.0
441 840 1.0
441 888 1.0
441 889 2.0
441 899 2.0
441 909 1.0
441 919 8.0
441 920 39.0
441 921 2.0
441 929 31.0
441 939 1.0
441 992 1.0
441 1001 4.0
441 1002 39.0
441 1010 4.0
441 1011 9.0
441 1012 1.0
441 1054 2.0
441 1055 3.0
441 1056 2.0
441 1061 3.0
441 1062 4.0
442 459 2.0
442 574 2.0
442 584 1.0
442 585 1.0
442 594 2.0
442 595 9.0
442 603 9.0
442 610 9.0
442 726 2.0
442 727 1.0
444 445 24.0
444 446 3.0
444 447 1.0
444 453 15.0
444 454 10.0
444 455 37.0
444 462 7.0
444 463 20.0
444 464 2.0
444 470 1.0
444 522 4.0
444 535 1.0
444 546 1.0
444 551 2.0
444 559 1.0
444 567 2.0
444 568 23.0
444 569 20.0
444 577 14.0
444 578 86.0
444 579 17.0
444 587 17.0
444 588 44.0
444 599 5.0
444 607 7.0
444 690 1.0
444 697 1.0
444 698 10.0
444 700 50.0
444 704 1.0
444 711 38.0
444 722 1.0
444 732 32.0
444 741 15.0
444 769 3.0
444 804 4.0
444 814 1.0
444 816 1.0
444 827 1.0
444 857 1.0
444 864 2.0
445 446 337.0
445 447 24.0
445 449 1.0
445 453 1.0
445 454 821.0
445 455 316.0
445 456 1.0
445 461 1.0
445 462 217.0
445 463 219.0
445 469 15.0
445 522 14.0
445 533 1.0
445 534 1.0
445 535 2.0
445 536 1.0
445 539 4.0
445 540 3.0
445 541 2.0
445 542 3.0
445 546 5.0
445 547 2.0
445 548 1.0
445 551 53.0
445 558 15.0
445 559 316.0
445 562 49.0
445 563 1.0
445 567 1.0
445 568 12.0
445 569 129.0
445 570 2.0
445 571 61.0
445 572 3.0
445 573 76.0
445 577 161.0
445 578 30.0
445 579 219.0
445 580 49.0
445 581 2.0
445 582 2.0
445 583 1.0
445 587 10.0
445 588 184.0
445 589 601.0
445 590 4.0
445 591 42.0
445 597 9.0
445 598 18.0
445 606 1.0
445 607 15.0
445 652 1.0
445 663 1.0
445 672 2.0
445 680 1.0
445 681 19.0
445 682 25.0
445 684 1.0
445 688 3.0
445 689 1.0
445 690 2.0
445 697 2.0
445 698 15.0
445 699 1.0
445 700 16.0
445 701 6.0
445 710 2.0
445 711 10.0
445 712 55.0
445 714 1.0
445 715 4.0
445 720 2.0
445 721 46.0
445 722 107.0
445 723 56.0
445 731 19.0
445 732 11.0
445 733 7.0
445 741 25.0
445 769 9.0
445 784 1.0
445 785 1.0
445 791 1.0
445 792 2.0
445 797 5.0
445 804 1.0
445 805 3.0
445 807 1.0
445 808 1.0
445 809 5.0
445 816 3.0
445 817 1.0
445 818 29.0
445 827 3.0
445 829 28.0
445 837 1.0
445 838 22.0
445 839 27.0
445 840 1.0
445 848 171.0
445 857 2.0
445 895 1.0
445 906 2.0
445 916 1.0
445 920 1.0
445 926 2.0
445 944 1.0
445 945 37.0
445 953 112.0
445 981 2.0
445 989 1.0
445 993 1.0
445 1030 2.0
446 447 1065.0
446 448 265.0
446 449 34.0
446 451 3.0
446 452 2.0
446 453 2.0
446 454 567.0
446 455 6917.0
446 456 429.0
446 458 8.0
446 461 26.0
446 462 180.0
446 463 4201.0
446 464 77.0
446 466 7.0
446 469 694.0
446 470 116.0
446 485 3.0
446 494 10.0
446 516 9.0
446 521 1.0
446 522 62.0
446 527 31.0
446 528 1.0
446 534 3.0
446 535 6.0
446 536 13.0
446 537 3.0
446 538 1.0
446 539 70.0
446 540 29.0
446 541 73.0
446 542 56.0
446 546 8.0
446 547 20.0
446 548 15.0
446 549 4.0
446 551 223.0
446 557 6.0
446 558 66.0
446 559 941.0
446 560 6.0
446 561 4.0
446 562 133.0
446 563 8.0
446 568 6.0
446 569 99.0
446 570 265.0
446 571 71.0
446 572 10.0
446 573 111.0
446 574 4.0
446 577 105.0
446 578 12.0
446 579 11.0
446 580 698.0
446 581 4.0
446 582 4.0
446 583 13.0
446 584 1.0
446 587 7.0
446 588 157.0
446 589 43.0
446 590 80.0
446 591 350.0
446 592 1.0
446 593 3.0
446 597 29.0
446 598 53.0
446 599 51.0
446 600 89.0
446 607 139.0
446 614 1.0
446 631 11.0
446 636 1.0
446 641 1.0
446 646 10.0
446 647 1.0
446 652 12.0
446 657 20.0
446 658 1.0
446 659 1.0
446 663 2.0
446 664 2.0
446 665 1.0
446 669 25.0
446 670 3.0
446 672 4.0
446 676 2.0
446 680 2.0
446 681 56.0
446 682 51.0
446 683 3.0
446 684 4.0
446 688 7.0
446 689 6.0
446 690 6.0
446 691 1.0
446 692 2.0
446 693 11.0
446 694 3.0
446 697 3.0
446 698 16.0
446 699 2.0
446 700 7.0
446 701 55.0
446 702 1.0
446 704 4.0
446 710 19.0
446 711 23.0
446 712 80.0
446 713 119.0
446 714 8.0
446 715 14.0
446 721 2.0
446 722 13.0
446 723 289.0
446 724 2.0
446 726 4.0
446 730 3.0
446 731 2.0
446 732 9.0
446 733 30.0
446 740 3.0
446 741 3.0
446 742 5.0
446 769 14.0
446 774 6.0
446 784 10.0
446 785 12.0
446 791 2.0
446 792 2.0
446 797 20.0
446 803 1.0
446 804 5.0
446 805 1.0
446 806 94.0
446 807 1.0
446 808 1.0
446 809 35.0
446 816 9.0
446 817 5.0
446 818 262.0
446 820 5.0
446 821 1.0
446 826 1.0
446 827 6.0
446 829 249.0
446 831 1.0
446 836 12.0
446 837 11.0
446 839 156.0
446 840 1.0
446 848 25.0
446 851 1.0
446 857 3.0
446 886 1.0
446 895 1.0
446 913 1.0
446 915 1.0
446 920 4.0
446 924 2.0
446 925 2.0
446 926 2.0
446 929 4.0
446 939 1.0
446 953 24.0
446 963 1.0
446 969 1.0
446 988 1.0
446 993 2.0
446 997 1.0
446 998 3.0
446 1002 3.0
446 1011 1.0
446 1018 1.0
446 1045 1.0
446 1052 2.0
446 1062 3.0
447 448 2965.0
447 449 314.0
447 453 1.0
447 454 6.0
447 455 315.0
447 456 739.0
447 458 13.0
447 461 1.0
447 462 30.0
447 463 288.0
447 466 4.0
447 469 41.0
447 470 5.0
447 472 1.0
447 485 3.0
447 494 31.0
447 505 1.0
447 516 29.0
447 522 38.0
447 524 1.0
447 527 10.0
447 528 11.0
447 534 1.0
447 535 5.0
447 536 21.0
447 537 1.0
447 539 300.0
447 540 486.0
447 541 965.0
447 542 641.0
447 546 11.0
447 547 93.0
447 548 18.0
447 549 6.0
447 551 1302.0
447 552 3.0
447 554 2.0
447 557 30.0
447 558 104.0
447 559 1014.0
447 560 7.0
447 561 7.0
447 562 22.0
447 563 109.0
447 568 1.0
447 569 54.0
447 570 560.0
447 571 6.0
447 573 384.0
447 574 9.0
447 576 1.0
447 577 4.0
447 578 2.0
447 579 10.0
447 580 2311.0
447 581 1.0
447 582 7.0
447 583 224.0
447 588 12.0
447 589 1.0
447 590 1156.0
447 591 1708.0
447 592 108.0
447 593 7.0
447 598 8.0
447 599 178.0
447 602 5.0
447 603 1.0
447 606 13.0
447 607 105.0
447 608 1.0
447 610 1.0
447 613 2.0
447 614 3.0
447 631 2.0
447 646 31.0
447 652 3.0
447 657 1.0
447 664 2.0
447 669 35.0
447 670 19.0
447 672 9.0
447 677 1.0
447 678 2.0
447 679 3.0
447 680 2.0
447 681 7.0
447 682 119.0
447 683 5.0
447 684 78.0
447 688 6.0
447 689 6.0
447 690 3.0
447 691 3.0
447 692 2.0
447 693 59.0
447 694 15.0
447 697 2.0
447 698 11.0
447 699 5.0
447 700 12.0
447 701 301.0
447 704 15.0
447 709 1.0
447 710 9.0
447 711 5.0
447 712 111.0
447 713 635.0
447 714 18.0
447 715 121.0
447 720 1.0
447 721 1.0
447 722 95.0
447 723 1722.0
447 724 2.0
447 725 4.0
447 726 9.0
447 731 1.0
447 732 4.0
447 733 7.0
447 741 3.0
447 742 1.0
447 769 20.0
447 774 1.0
447 784 1.0
447 785 1.0
447 797 2.0
447 806 280.0
447 816 6.0
447 817 2.0
447 818 1637.0
447 819 1.0
447 820 20.0
447 821 14.0
447 826 2.0
447 827 11.0
447 829 1611.0
447 831 11.0
447 837 6.0
447 838 6.0
447 839 588.0
447 840 1.0
447 848 9.0
447 849 6.0
447 857 11.0
447 916 1.0
447 920 1.0
447 925 4.0
447 929 17.0
447 930 2.0
447 938 2.0
447 939 14.0
447 945 9.0
447 953 13.0
447 998 1.0
447 1002 12.0
447 1011 2.0
447 1018 3.0
447 1019 6.0
447 1020 2.0
447 1030 7.0
447 1062 8.0
447 1066 3.0
448 449 651.0
448 450 11.0
448 451 5.0
448 452 2.0
448 454 5.0
448 455 46.0
448 456 5.0
448 458 23.0
448 459 2.0
448 460 1.0
448 462 3.0
448 463 44.0
448 466 11.0
448 467 1.0
448 469 9.0
448 472 17.0
448 485 20.0
448 486 1.0
448 494 62.0
448 505 2.0
448 516 144.0
448 517 1.0
448 522 4.0
448 525 2.0
448 527 76.0
448 528 100.0
448 534 1.0
448 535 1.0
448 536 1.0
448 537 1.0
448 538 6.0
448 539 732.0
448 540 1252.0
448 541 2142.0
448 542 1203.0
448 546 3.0
448 547 83.0
448 548 1.0
448 549 6.0
448 550 3.0
448 551 1274.0
448 552 5.0
448 554 2.0
448 557 2.0
448 558 28.0
448 559 598.0
448 561 2.0
448 562 4.0
448 563 509.0
448 569 12.0
448 570 384.0
448 573 821.0
448 574 27.0
448 576 2.0
448 580 1190.0
448 581 48.0
448 583 368.0
448 590 226.0
448 591 175.0
448 592 109.0
448 593 7.0
448 598 2.0
448 599 14.0
448 602 9.0
448 603 1.0
448 607 3.0
448 610 10.0
448 613 1.0
448 614 1.0
448 636 5.0
448 646 56.0
448 657 14.0
448 658 2.0
448 664 2.0
448 669 66.0
448 670 95.0
448 672 69.0
448 677 1.0
448 680 11.0
448 681 5.0
448 682 202.0
448 683 21.0
448 684 222.0
448 688 1.0
448 692 3.0
448 693 32.0
448 694 34.0
448 698 1.0
448 700 11.0
448 701 248.0
448 704 8.0
448 706 1.0
448 710 1.0
448 711 1.0
448 712 51.0
448 713 377.0
448 714 23.0
448 715 32.0
448 721 8.0
448 722 2.0
448 724 19.0
448 725 9.0
448 726 15.0
448 727 7.0
448 732 1.0
448 733 2.0
448 741 3.0
448 774 1.0
448 797 5.0
448 807 14.0
448 816 1.0
448 819 11.0
448 820 11.0
448 821 9.0
448 822 4.0
448 827 11.0
448 830 12.0
448 831 5.0
448 837 1.0
448 838 1.0
448 840 15.0
448 846 1.0
448 851 5.0
448 860 1.0
448 889 1.0
448 899 1.0
448 929 10.0
448 930 2.0
448 938 1.0
448 939 4.0
448 940 1.0
448 963 5.0
448 1002 9.0
448 1011 1.0
448 1018 3.0
448 1019 2.0
448 1020 1.0
448 1062 6.0
449 450 495.0
449 451 104.0
449 452 69.0
449 454 2.0
449 455 12.0
449 457 254.0
449 458 3221.0
449 459 134.0
449 460 44.0
449 462 11.0
449 463 12.0
449 465 2.0
449 466 2176.0
449 467 209.0
449 469 4.0
449 470 1.0
449 472 225.0
449 485 45.0
449 486 10.0
449 494 55.0
449 495 4.0
449 505 37.0
449 516 915.0
449 527 140.0
449 528 524.0
449 538 3.0
449 539 623.0
449 540 754.0
449 541 781.0
449 542 1302.0
449 546 1.0
449 547 1.0
449 549 23.0
449 550 1.0
449 551 507.0
449 552 18.0
449 557 1.0
449 558 8.0
449 559 40.0
449 561 6.0
449 562 4.0
449 563 1370.0
449 564 3.0
449 570 38.0
449 573 390.0
449 574 488.0
449 575 14.0
449 576 49.0
449 580 43.0
449 581 3.0
449 582 1.0
449 583 944.0
449 584 453.0
449 590 1.0
449 591 1.0
449 592 9.0
449 593 17.0
449 594 77.0
449 595 2.0
449 599 1.0
449 601 3.0
449 602 333.0
449 603 2.0
449 609 16.0
449 610 301.0
449 611 26.0
449 636 43.0
449 646 11.0
449 657 6.0
449 658 6.0
449 669 176.0
449 670 349.0
449 672 255.0
449 680 73.0
449 681 79.0
449 682 528.0
449 683 90.0
449 684 49.0
449 688 1.0
449 692 1.0
449 693 87.0
449 694 190.0
449 700 5.0
449 701 4.0
449 704 12.0
449 705 79.0
449 706 1.0
449 712 1.0
449 713 17.0
449 715 182.0
449 716 2.0
449 724 9.0
449 725 5.0
449 726 1.0
449 735 1.0
449 736 1.0
449 744 36.0
449 751 23.0
449 752 10.0
449 765 3.0
449 785 3.0
449 797 3.0
449 807 5.0
449 809 50.0
449 810 1.0
449 821 21.0
449 822 14.0
449 823 11.0
449 827 5.0
449 831 32.0
449 832 16.0
449 842 1.0
449 851 5.0
449 860 24.0
449 920 50.0
449 930 12.0
449 931 1.0
449 939 22.0
449 940 2.0
449 948 3.0
449 963 11.0
449 1002 38.0
449 1011 1.0
449 1018 76.0
449 1026 3.0
450 451 90.0
450 452 50.0
450 458 86.0
450 459 1164.0
450 460 70.0
450 466 155.0
450 467 168.0
450 472 669.0
450 485 7.0
450 486 2.0
450 494 8.0
450 516 13.0
450 517 1.0
450 524 1.0
450 525 2.0
450 527 9.0
450 528 12.0
450 535 1.0
450 537 2.0
450 538 4.0
450 539 29.0
450 540 45.0
450 541 52.0
450 542 43.0
450 550 8.0
450 551 23.0
450 552 9.0
450 559 1.0
450 561 19.0
450 562 13.0
450 563 122.0
450 564 11.0
450 570 1.0
450 572 2.0
450 574 872.0
450 575 12.0
450 576 15.0
450 583 4.0
450 584 1568.0
450 585 3.0
450 586 11.0
450 592 1.0
450 593 10.0
450 594 721.0
450 595 73.0
450 596 20.0
450 602 114.0
450 603 206.0
450 604 6.0
450 610 417.0
450 611 60.0
450 612 3.0
450 636 9.0
450 655 1.0
450 658 1.0
450 668 1.0
450 669 584.0
450 670 5.0
450 672 14.0
450 680 13.0
450 681 95.0
450 682 33.0
450 683 21.0
450 684 8.0
450 691 7.0
450 693 250.0
450 694 3.0
450 705 178.0
450 706 5.0
450 707 7.0
450 716 34.0
450 717 3.0
450 726 49.0
450 727 9.0
450 735 1.0
450 736 35.0
450 744 6.0
450 751 2.0
450 785 1.0
450 797 4.0
450 809 9.0
450 820 3.0
450 821 20.0
450 822 4.0
450 823 1.0
450 831 54.0
450 832 3.0
450 842 2.0
450 843 1.0
450 867 1.0
450 920 1.0
450 930 5.0
450 931 1.0
450 939 47.0
450 940 3.0
450 948 4.0
450 1002 2.0
450 1011 1.0
450 1018 5.0
450 1019 1.0
450 1026 3.0
451 452 1423.0
451 455 1.0
451 458 97.0
451 459 117.0
451 460 58.0
451 462 3.0
451 466 63.0
451 467 2.0
451 472 92.0
451 537 1.0
451 541 3.0
451 542 1.0
451 549 3.0
451 551 2.0
451 554 2.0
451 559 3.0
451 561 3.0
451 563 1.0
451 570 2.0
451 573 1.0
451 574 66.0
451 580 1.0
451 583 1.0
451 584 70.0
451 585 11.0
451 586 1.0
451 592 2.0
451 594 5.0
451 595 4.0
451 596 75.0
451 602 3.0
451 603 1.0
451 610 8.0
451 669 21.0
451 672 5.0
451 681 2.0
451 682 8.0
451 691 1.0
451 693 12.0
451 725 1.0
451 726 4.0
451 727 3.0
451 736 2.0
451 820 11.0
451 821 23.0
451 831 1.0
451 930 8.0
451 939 13.0
451 1003 1.0
451 1011 4.0
452 458 4.0
452 459 3.0
452 466 4.0
452 467 1.0
452 472 37.0
452 485 1.0
452 494 1.0
452 495 1.0
452 516 3.0
452 527 6.0
452 528 1.0
452 539 6.0
452 540 12.0
452 541 10.0
452 542 4.0
452 549 2.0
452 551 10.0
452 552 3.0
452 559 1.0
452 561 2.0
452 563 24.0
452 570 2.0
452 573 1.0
452 574 39.0
452 580 1.0
452 583 1.0
452 584 108.0
452 585 2.0
452 592 2.0
452 593 21.0
452 594 9.0
452 595 64.0
452 602 23.0
452 603 2.0
452 610 3.0
452 636 1.0
452 669 1.0
452 672 1.0
452 682 1.0
452 684 1.0
452 691 1.0
452 693 2.0
452 736 1.0
452 744 6.0
452 751 14.0
452 809 3.0
452 821 2.0
452 842 1.0
452 930 1.0
452 1018 3.0
453 454 12.0
453 455 2.0
453 463 1.0
453 464 2.0
453 470 1.0
453 522 14.0
453 536 1.0
453 546 10.0
453 559 32.0
453 562 9.0
453 570 30.0
453 578 1.0
453 580 1.0
453 591 1.0
453 688 10.0
453 704 1.0
453 711 1.0
453 712 7.0
453 713 1.0
453 721 1.0
453 769 1.0
453 816 5.0
453 837 6.0
453 847 1.0
453 925 5.0
453 944 4.0
453 988 4.0
453 1045 3.0
454 455 424.0
454 456 2.0
454 461 22.0
454 462 195.0
454 463 167.0
454 464 6.0
454 469 9.0
454 470 8.0
454 522 24.0
454 536 1.0
454 539 4.0
454 542 2.0
454 548 1.0
454 551 48.0
454 556 5.0
454 558 10.0
454 559 295.0
454 561 1.0
454 562 40.0
454 568 43.0
454 569 236.0
454 571 53.0
454 572 4.0
454 573 66.0
454 577 1.0
454 578 11.0
454 579 183.0
454 580 46.0
454 583 1.0
454 588 2.0
454 589 1003.0
454 590 8.0
454 591 8.0
454 593 2.0
454 597 25.0
454 598 963.0
454 602 1.0
454 607 27.0
454 652 1.0
454 672 2.0
454 680 1.0
454 681 21.0
454 682 20.0
454 686 1.0
454 687 1.0
454 691 1.0
454 697 1.0
454 698 2.0
454 699 1.0
454 700 10.0
454 701 9.0
454 710 1.0
454 711 1.0
454 712 26.0
454 715 3.0
454 720 8.0
454 721 502.0
454 722 39.0
454 723 11.0
454 724 1.0
454 730 5.0
454 731 814.0
454 732 143.0
454 740 2.0
454 741 30.0
454 742 1.0
454 751 1.0
454 769 13.0
454 784 2.0
454 785 2.0
454 792 9.0
454 793 4.0
454 797 5.0
454 802 5.0
454 804 28.0
454 807 1.0
454 808 1.0
454 809 11.0
454 814 5.0
454 816 26.0
454 818 9.0
454 826 8.0
454 827 29.0
454 829 1.0
454 836 2.0
454 837 121.0
454 838 4.0
454 847 146.0
454 848 53.0
454 856 14.0
454 863 24.0
454 864 1.0
454 906 6.0
454 920 2.0
454 925 2.0
454 934 8.0
454 944 8.0
454 945 1.0
454 952 4.0
454 953 22.0
454 988 1.0
454 989 5.0
454 993 1.0
454 1022 1.0
454 1045 1.0
455 456 338.0
455 461 23.0
455 462 156.0
455 463 7810.0
455 464 132.0
455 466 1.0
455 469 1575.0
455 470 397.0
455 494 2.0
455 516 3.0
455 521 1.0
455 522 88.0
455 524 2.0
455 526 2.0
455 527 8.0
455 528 1.0
455 529 1.0
455 534 4.0
455 535 8.0
455 536 26.0
455 537 2.0
455 539 29.0
455 540 14.0
455 541 18.0
455 542 11.0
455 546 9.0
455 547 8.0
455 548 27.0
455 549 5.0
455 551 155.0
455 557 7.0
455 558 59.0
455 559 579.0
455 560 17.0
455 561 2.0
455 562 73.0
455 563 5.0
455 568 3.0
455 569 50.0
455 570 54.0
455 571 46.0
455 572 7.0
455 573 77.0
455 574 3.0
455 577 135.0
455 578 8.0
455 579 10.0
455 580 192.0
455 581 4.0
455 582 4.0
455 583 11.0
455 584 1.0
455 587 10.0
455 588 130.0
455 589 56.0
455 590 128.0
455 591 52.0
455 592 1.0
455 593 3.0
455 597 8.0
455 598 4.0
455 599 12.0
455 607 13.0
455 613 8.0
455 614 3.0
455 631 10.0
455 646 2.0
455 652 13.0
455 657 5.0
455 658 1.0
455 659 1.0
455 663 1.0
455 664 5.0
455 665 1.0
455 669 6.0
455 670 2.0
455 672 1.0
455 676 2.0
455 678 3.0
455 679 3.0
455 680 2.0
455 681 39.0
455 682 26.0
455 683 1.0
455 684 1.0
455 688 9.0
455 689 52.0
455 690 12.0
455 691 1.0
455 697 2.0
455 698 3.0
455 699 3.0
455 700 20.0
455 701 24.0
455 702 1.0
455 704 3.0
455 710 4.0
455 711 26.0
455 712 48.0
455 713 40.0
455 714 6.0
455 715 24.0
455 721 7.0
455 722 18.0
455 723 45.0
455 724 1.0
455 726 3.0
455 730 2.0
455 731 1.0
455 732 6.0
455 740 2.0
455 741 28.0
455 748 1.0
455 769 24.0
455 774 2.0
455 784 5.0
455 785 6.0
455 791 2.0
455 792 1.0
455 794 1.0
455 795 2.0
455 797 13.0
455 803 2.0
455 804 3.0
455 805 3.0
455 806 2.0
455 807 2.0
455 808 1.0
455 809 27.0
455 816 9.0
455 817 24.0
455 818 22.0
455 819 1.0
455 826 1.0
455 827 15.0
455 829 11.0
455 836 13.0
455 837 7.0
455 839 3.0
455 840 1.0
455 847 3.0
455 848 32.0
455 849 3.0
455 851 1.0
455 857 1.0
455 886 1.0
455 895 1.0
455 913 1.0
455 916 1.0
455 920 2.0
455 924 3.0
455 925 1.0
455 926 11.0
455 953 26.0
455 963 1.0
455 969 1.0
455 988 1.0
455 993 1.0
455 998 22.0
455 1045 1.0
455 1052 8.0
456 462 10.0
456 463 333.0
456 464 19.0
456 469 53.0
456 494 1.0
456 522 18.0
456 527 1.0
456 528 1.0
456 535 1.0
456 536 2.0
456 539 5.0
456 540 17.0
456 541 23.0
456 542 6.0
456 546 1.0
456 547 1.0
456 548 2.0
456 551 31.0
456 557 17.0
456 558 43.0
456 559 235.0
456 560 5.0
456 562 8.0
456 563 23.0
456 568 1.0
456 569 9.0
456 570 94.0
456 571 8.0
456 573 40.0
456 579 1.0
456 580 276.0
456 581 4.0
456 582 5.0
456 583 27.0
456 589 1.0
456 590 492.0
456 591 225.0
456 592 14.0
456 599 4.0
456 607 2.0
456 631 2.0
456 646 1.0
456 652 4.0
456 663 1.0
456 672 1.0
456 681 5.0
456 682 1.0
456 684 1.0
456 688 1.0
456 690 5.0
456 698 2.0
456 699 1.0
456 701 8.0
456 704 4.0
456 710 1.0
456 711 2.0
456 712 10.0
456 713 25.0
456 715 37.0
456 721 1.0
456 722 3.0
456 723 160.0
456 731 1.0
456 732 4.0
456 733 8.0
456 741 2.0
456 769 5.0
456 784 1.0
456 785 1.0
456 791 1.0
456 792 1.0
456 797 1.0
456 804 1.0
456 806 7.0
456 809 2.0
456 816 1.0
456 818 142.0
456 829 138.0
456 839 74.0
456 849 3.0
456 857 1.0
456 915 1.0
456 920 1.0
456 925 1.0
456 944 1.0
456 945 1.0
456 997 1.0
457 458 81.0
457 494 1.0
457 495 1.0
457 505 1.0
457 516 57.0
457 527 5.0
457 528 5.0
457 539 22.0
457 540 39.0
457 541 33.0
457 542 73.0
457 549 1.0
457 551 48.0
457 563 64.0
457 573 13.0
457 574 36.0
457 576 4.0
457 583 69.0
457 593 16.0
457 602 1.0
457 636 1.0
457 670 3.0
457 672 3.0
457 682 17.0
457 683 2.0
457 693 3.0
457 694 3.0
457 715 2.0
457 727 1.0
457 728 1.0
457 821 3.0
457 930 1.0
457 1018 1.0
458 459 106.0
458 460 57.0
458 462 1.0
458 466 2184.0
458 467 115.0
458 472 630.0
458 485 10.0
458 486 1.0
458 494 14.0
458 505 4.0
458 516 65.0
458 526 2.0
458 527 14.0
458 528 81.0
458 538 2.0
458 539 94.0
458 540 272.0
458 541 235.0
458 542 398.0
458 549 1.0
458 551 115.0
458 552 5.0
458 559 5.0
458 562 2.0
458 563 369.0
458 570 1.0
458 573 137.0
458 574 108.0
458 575 4.0
458 576 22.0
458 580 1.0
458 583 271.0
458 584 27.0
458 585 1.0
458 586 5.0
458 592 14.0
458 593 16.0
458 594 3.0
458 595 3.0
458 596 8.0
458 601 1.0
458 602 142.0
458 603 3.0
458 609 4.0
458 610 276.0
458 611 17.0
458 636 7.0
458 646 5.0
458 669 3.0
458 670 45.0
458 672 6.0
458 680 3.0
458 681 13.0
458 682 88.0
458 683 6.0
458 684 16.0
458 693 15.0
458 694 34.0
458 705 6.0
458 715 4.0
458 716 3.0
458 724 3.0
458 725 6.0
458 726 1.0
458 727 6.0
458 728 5.0
458 744 5.0
458 751 23.0
458 752 20.0
458 783 1.0
458 795 1.0
458 809 10.0
458 821 6.0
458 822 1.0
458 823 1.0
458 832 1.0
458 842 1.0
458 920 10.0
458 930 6.0
458 1002 10.0
458 1018 20.0
459 460 287.0
459 466 172.0
459 467 230.0
459 468 16.0
459 472 160.0
459 485 7.0
459 486 3.0
459 494 7.0
459 505 1.0
459 516 12.0
459 517 1.0
459 525 1.0
459 527 8.0
459 528 10.0
459 537 1.0
459 538 2.0
459 539 20.0
459 540 51.0
459 541 83.0
459 542 60.0
459 549 6.0
459 550 6.0
459 551 16.0
459 552 13.0
459 559 1.0
459 561 19.0
459 562 7.0
459 563 86.0
459 564 1.0
459 565 3.0
459 570 2.0
459 574 130.0
459 575 1.0
459 576 2.0
459 583 4.0
459 584 365.0
459 585 14.0
459 586 7.0
459 592 1.0
459 593 1.0
459 594 1172.0
459 595 21.0
459 596 7.0
459 602 38.0
459 603 285.0
459 604 3.0
459 610 326.0
459 611 98.0
459 612 6.0
459 636 9.0
459 646 19.0
459 657 22.0
459 658 2.0
459 668 8.0
459 669 12.0
459 670 4.0
459 672 8.0
459 680 5.0
459 681 27.0
459 682 11.0
459 683 4.0
459 684 11.0
459 691 4.0
459 693 40.0
459 694 3.0
459 695 1.0
459 696 14.0
459 705 12.0
459 706 98.0
459 707 51.0
459 708 13.0
459 716 19.0
459 717 144.0
459 724 1.0
459 726 556.0
459 727 10.0
459 735 4.0
459 736 151.0
459 744 5.0
459 765 15.0
459 774 1.0
459 784 23.0
459 785 59.0
459 786 1.0
459 796 2.0
459 797 78.0
459 808 1.0
459 809 87.0
459 820 1.0
459 821 41.0
459 822 10.0
459 823 3.0
459 832 24.0
459 840 1.0
459 842 32.0
459 852 1.0
459 853 9.0
459 880 3.0
459 890 16.0
459 899 7.0
459 900 15.0
459 910 3.0
459 920 2.0
459 930 1.0
459 978 10.0
459 985 1.0
459 993 7.0
459 1002 1.0
459 1018 1.0
459 1049 1.0
460 466 16.0
460 468 1.0
460 472 37.0
460 516 5.0
460 527 4.0
460 528 1.0
460 540 1.0
460 541 8.0
460 542 8.0
460 559 1.0
460 563 1.0
460 574 16.0
460 584 55.0
460 594 85.0
460 604 1.0
460 612 5.0
460 669 66.0
460 680 2.0
460 681 6.0
460 693 16.0
460 696 1.0
460 705 11.0
460 706 2.0
460 707 2.0
460 708 1.0
460 716 32.0
460 726 2.0
460 736 2.0
460 1018 1.0
461 462 12.0
461 559 8.0
462 463 11.0
462 466 1.0
462 469 2.0
462 536 1.0
462 539 3.0
462 548 1.0
462 549 1.0
462 551 24.0
462 558 6.0
462 559 86.0
462 562 9.0
462 563 5.0
462 568 3.0
462 569 4.0
462 570 7.0
462 571 10.0
462 573 20.0
462 577 4.0
462 578 4.0
462 579 3.0
462 580 4.0
462 581 2.0
462 582 2.0
462 583 55.0
462 584 2.0
462 587 1.0
462 588 2.0
462 589 19.0
462 591 6.0
462 592 1.0
462 593 18.0
462 596 3.0
462 599 2.0
462 602 8.0
462 680 4.0
462 681 7.0
462 682 11.0
462 692 1.0
462 704 8.0
462 713 2.0
462 714 4.0
462 715 35.0
462 720 1.0
462 721 6.0
462 722 2.0
462 723 2.0
462 724 3.0
462 725 4.0
462 726 1.0
462 727 2.0
462 730 2.0
462 732 6.0
462 751 1.0
462 797 1.0
462 807 1.0
462 809 3.0
462 840 1.0
462 841 1.0
462 847 1.0
462 848 11.0
462 920 1.0
462 953 4.0
463 464 112.0
463 466 1.0
463 469 1611.0
463 470 413.0
463 494 3.0
463 516 3.0
463 522 74.0
463 524 2.0
463 527 9.0
463 534 4.0
463 535 2.0
463 536 25.0
463 537 1.0
463 539 24.0
463 540 11.0
463 541 16.0
463 542 10.0
463 546 2.0
463 547 5.0
463 548 26.0
463 549 4.0
463 551 91.0
463 557 7.0
463 558 66.0
463 559 265.0
463 560 16.0
463 561 1.0
463 562 9.0
463 563 5.0
463 568 4.0
463 569 54.0
463 570 45.0
463 571 10.0
463 572 2.0
463 573 25.0
463 574 3.0
463 577 90.0
463 578 3.0
463 579 3.0
463 580 207.0
463 581 4.0
463 582 4.0
463 583 11.0
463 584 1.0
463 587 7.0
463 588 104.0
463 589 100.0
463 590 73.0
463 591 52.0
463 592 1.0
463 593 3.0
463 597 6.0
463 598 3.0
463 599 22.0
463 607 21.0
463 613 6.0
463 614 1.0
463 631 10.0
463 646 3.0
463 652 13.0
463 657 6.0
463 658 1.0
463 659 1.0
463 664 2.0
463 665 1.0
463 669 7.0
463 670 2.0
463 676 2.0
463 678 3.0
463 679 3.0
463 681 14.0
463 682 7.0
463 683 1.0
463 688 1.0
463 689 34.0
463 690 8.0
463 697 1.0
463 698 2.0
463 699 2.0
463 700 19.0
463 701 22.0
463 704 2.0
463 710 2.0
463 711 29.0
463 712 43.0
463 713 41.0
463 714 5.0
463 715 20.0
463 721 63.0
463 722 10.0
463 723 45.0
463 724 1.0
463 726 3.0
463 731 10.0
463 732 5.0
463 741 29.0
463 748 1.0
463 769 21.0
463 774 2.0
463 784 2.0
463 785 3.0
463 791 1.0
463 792 1.0
463 794 1.0
463 797 5.0
463 803 1.0
463 804 3.0
463 805 1.0
463 806 2.0
463 809 9.0
463 816 2.0
463 817 14.0
463 818 19.0
463 826 2.0
463 827 15.0
463 829 11.0
463 836 16.0
463 837 9.0
463 839 3.0
463 840 1.0
463 847 9.0
463 848 9.0
463 849 3.0
463 851 1.0
463 857 1.0
463 886 1.0
463 920 1.0
463 926 6.0
463 952 1.0
463 953 3.0
463 963 1.0
463 969 1.0
463 988 1.0
463 998 15.0
463 1045 1.0
463 1052 5.0
464 469 9.0
464 470 10.0
464 522 9.0
464 536 5.0
464 548 3.0
464 549 1.0
464 557 23.0
464 558 29.0
464 559 59.0
464 560 2.0
464 569 6.0
464 570 2.0
464 571 4.0
464 580 5.0
464 589 3.0
464 590 1.0
464 591 1.0
464 631 2.0
464 652 2.0
464 688 1.0
464 690 1.0
464 698 1.0
464 701 1.0
464 710 1.0
464 712 1.0
464 714 1.0
464 723 2.0
464 732 1.0
464 769 3.0
464 804 1.0
464 818 1.0
465 466 2.0
466 467 24.0
466 469 1.0
466 472 348.0
466 485 4.0
466 486 2.0
466 494 8.0
466 505 3.0
466 516 31.0
466 527 23.0
466 528 22.0
466 538 1.0
466 539 58.0
466 540 152.0
466 541 199.0
466 542 145.0
466 546 1.0
466 549 7.0
466 550 2.0
466 551 25.0
466 552 1.0
466 559 3.0
466 561 7.0
466 562 2.0
466 563 318.0
466 570 2.0
466 573 115.0
466 574 18.0
466 580 2.0
466 583 147.0
466 584 44.0
466 585 1.0
466 586 5.0
466 591 1.0
466 592 8.0
466 593 1.0
466 594 118.0
466 595 10.0
466 596 12.0
466 602 99.0
466 603 29.0
466 610 85.0
466 611 5.0
466 636 4.0
466 646 3.0
466 657 1.0
466 668 1.0
466 669 4.0
466 670 19.0
466 672 5.0
466 680 12.0
466 681 17.0
466 682 35.0
466 683 2.0
466 684 17.0
466 688 1.0
466 693 7.0
466 694 11.0
466 705 2.0
466 706 2.0
466 707 1.0
466 715 17.0
466 716 3.0
466 717 14.0
466 724 4.0
466 725 2.0
466 726 61.0
466 735 3.0
466 736 16.0
466 744 33.0
466 784 6.0
466 785 10.0
466 797 12.0
466 809 36.0
466 821 10.0
466 822 4.0
466 823 1.0
466 832 3.0
466 842 6.0
466 860 28.0
466 890 2.0
466 899 1.0
466 900 3.0
466 910 1.0
466 920 16.0
466 930 1.0
466 956 1.0
466 963 26.0
466 978 2.0
466 1002 13.0
466 1018 41.0
467 472 77.0
467 485 1.0
467 494 3.0
467 516 5.0
467 527 7.0
467 528 7.0
467 539 7.0
467 540 20.0
467 541 67.0
467 542 57.0
467 549 2.0
467 551 3.0
467 559 2.0
467 561 2.0
467 563 71.0
467 564 1.0
467 570 1.0
467 573 1.0
467 574 48.0
467 576 1.0
467 584 39.0
467 585 2.0
467 586 1.0
467 594 164.0
467 595 4.0
467 596 2.0
467 603 156.0
467 610 25.0
467 611 20.0
467 636 2.0
467 672 1.0
467 680 1.0
467 681 1.0
467 682 4.0
467 683 3.0
467 684 4.0
467 704 1.0
467 705 1.0
467 706 2.0
467 707 2.0
467 726 35.0
467 736 41.0
467 797 7.0
467 809 6.0
467 821 7.0
467 832 8.0
467 842 9.0
467 852 3.0
467 900 5.0
467 920 1.0
467 1002 1.0
467 1018 1.0
469 522 15.0
469 527 1.0
469 534 2.0
469 536 10.0
469 539 2.0
469 540 3.0
469 541 5.0
469 542 4.0
469 546 1.0
469 548 10.0
469 549 2.0
469 551 20.0
469 557 2.0
469 558 12.0
469 559 29.0
469 560 7.0
469 569 21.0
469 570 11.0
469 572 1.0
469 573 2.0
469 577 1.0
469 578 1.0
469 580 32.0
469 583 3.0
469 588 9.0
469 589 7.0
469 590 10.0
469 591 2.0
469 593 1.0
469 597 6.0
469 599 2.0
469 607 2.0
469 631 1.0
469 652 2.0
469 657 1.0
469 658 1.0
469 659 1.0
469 664 2.0
469 665 1.0
469 669 1.0
469 676 1.0
469 679 2.0
469 681 1.0
469 682 1.0
469 689 4.0
469 690 2.0
469 699 1.0
469 700 3.0
469 710 1.0
469 712 5.0
469 713 10.0
469 714 1.0
469 715 2.0
469 720 1.0
469 721 2.0
469 722 1.0
469 723 4.0
469 732 2.0
469 741 10.0
469 769 3.0
469 791 1.0
469 803 1.0
469 804 1.0
469 805 1.0
469 809 1.0
469 817 3.0
469 827 1.0
469 857 1.0
469 886 1.0
469 969 1.0
470 522 11.0
470 536 1.0
470 548 1.0
470 551 2.0
470 557 1.0
470 558 8.0
470 559 10.0
470 571 3.0
470 573 1.0
470 589 3.0
470 590 4.0
470 591 1.0
470 631 1.0
470 652 1.0
470 681 1.0
470 700 4.0
470 769 4.0
470 809 1.0
470 827 4.0
472 485 3.0
472 486 2.0
472 494 9.0
472 505 1.0
472 516 2.0
472 527 8.0
472 528 14.0
472 539 14.0
472 540 21.0
472 541 67.0
472 542 73.0
472 549 2.0
472 550 1.0
472 551 18.0
472 552 6.0
472 559 1.0
472 561 2.0
472 562 1.0
472 563 49.0
472 564 1.0
472 572 1.0
472 574 55.0
472 576 1.0
472 583 2.0
472 584 66.0
472 585 2.0
472 586 8.0
472 592 47.0
472 593 19.0
472 594 24.0
472 595 25.0
472 596 16.0
472 602 215.0
472 603 4.0
472 604 2.0
472 610 209.0
472 636 4.0
472 646 5.0
472 669 4.0
472 670 9.0
472 672 4.0
472 680 3.0
472 681 4.0
472 682 12.0
472 683 5.0
472 684 2.0
472 693 8.0
472 694 7.0
472 704 1.0
472 705 5.0
472 706 1.0
472 707 1.0
472 715 9.0
472 716 5.0
472 725 19.0
472 726 3.0
472 727 1.0
472 736 1.0
472 744 13.0
472 842 3.0
472 851 38.0
472 860 24.0
472 963 24.0
472 968 1.0
473 480 84.0
473 481 70.0
473 482 2.0
473 490 17.0
473 492 1.0
473 500 80.0
473 511 9.0
473 621 44.0
473 622 220.0
473 623 70.0
473 629 77.0
473 630 81.0
473 631 8.0
473 632 5.0
473 634 1.0
473 642 3.0
473 643 2.0
473 652 3.0
474 479 2.0
474 480 4.0
474 490 3.0
474 499 1.0
474 500 3.0
474 617 1.0
474 618 5.0
474 622 2.0
474 623 2.0
474 629 4.0
474 630 4.0
474 755 4.0
474 878 3.0
476 477 8.0
476 478 4.0
476 483 102.0
476 484 22.0
476 485 7.0
476 492 100.0
476 493 1.0
476 494 1.0
476 495 2.0
476 502 71.0
476 503 56.0
476 514 11.0
476 515 4.0
476 523 1.0
476 526 1.0
476 527 1.0
476 528 1.0
476 561 1.0
476 626 24.0
476 628 1.0
476 634 43.0
476 635 2.0
476 636 8.0
476 637 1.0
476 644 3.0
476 645 22.0
476 647 2.0
476 655 2.0
476 656 1.0
476 659 1.0
476 666 1.0
476 667 1.0
476 668 1.0
476 670 23.0
476 682 23.0
476 694 24.0
476 706 3.0
476 717 1.0
476 758 1.0
476 764 5.0
476 784 17.0
476 785 1.0
476 810 1.0
476 880 3.0
476 881 2.0
476 890 14.0
477 478 7.0
477 483 23.0
477 484 176.0
477 485 88.0
477 492 17.0
477 493 106.0
477 494 28.0
477 495 3.0
477 502 20.0
477 503 133.0
477 504 22.0
477 505 5.0
477 513 32.0
477 514 3.0
477 515 10.0
477 516 1.0
477 527 3.0
477 528 1.0
477 619 45.0
477 620 3.0
477 625 2.0
477 626 30.0
477 627 1.0
477 628 9.0
477 634 4.0
477 635 24.0
477 636 62.0
477 637 2.0
477 644 1.0
477 645 61.0
477 646 1.0
477 647 56.0
477 656 2.0
477 657 9.0
477 658 1.0
477 659 14.0
477 670 5.0
477 680 3.0
477 682 4.0
477 694 5.0
477 706 9.0
477 756 2.0
477 757 1.0
477 764 31.0
477 772 1.0
477 785 2.0
477 810 4.0
477 874 3.0
477 879 1.0
477 880 38.0
477 881 2.0
477 972 3.0
478 483 55.0
478 484 8.0
478 485 1.0
478 492 53.0
478 502 38.0
478 503 3.0
478 514 2.0
478 515 1.0
478 619 3.0
478 620 3.0
478 625 1.0
478 626 5.0
478 628 4.0
478 635 1.0
478 636 1.0
478 644 7.0
478 645 1.0
478 655 2.0
478 667 1.0
478 756 1.0
478 757 1.0
478 764 5.0
478 874 3.0
478 879 2.0
478 880 2.0
479 480 19.0
479 487 1.0
479 488 1.0
479 489 37.0
479 490 1.0
479 499 4.0
479 500 34.0
479 510 2.0
479 511 15.0
479 548 6.0
479 560 6.0
479 629 2.0
479 630 2.0
479 651 4.0
479 893 3.0
480 481 15.0
480 482 1.0
480 487 2.0
480 488 5.0
480 489 335.0
480 490 432.0
480 491 15.0
480 499 8.0
480 500 1165.0
480 507 1.0
480 508 1.0
480 510 29.0
480 511 490.0
480 521 2.0
480 523 12.0
480 527 1.0
480 532 1.0
480 533 1.0
480 536 1.0
480 548 3.0
480 560 3.0
480 617 1.0
480 618 3.0
480 621 49.0
480 622 447.0
480 623 3.0
480 629 507.0
480 630 525.0
480 633 10.0
480 640 1.0
480 641 1.0
480 651 8.0
480 652 4.0
480 653 1.0
480 676 1.0
480 762 9.0
480 767 1.0
480 791 5.0
480 893 6.0
480 903 1.0
481 489 24.0
481 490 37.0
481 491 4.0
481 492 1.0
481 498 2.0
481 500 1.0
481 507 1.0
481 508 1.0
481 509 1.0
481 618 2.0
481 621 5.0
481 622 69.0
481 623 78.0
481 624 2.0
481 629 6.0
481 630 7.0
481 631 1.0
481 632 10.0
481 634 2.0
481 640 15.0
481 641 11.0
481 642 9.0
481 643 3.0
481 650 1.0
481 652 13.0
481 754 12.0
481 760 4.0
481 761 2.0
481 767 7.0
481 769 4.0
481 878 1.0
482 483 1.0
482 500 1.0
482 620 1.0
482 622 2.0
482 623 9.0
482 624 5.0
482 626 1.0
482 629 1.0
482 630 1.0
482 699 7.0
482 754 9.0
482 761 8.0
482 769 1.0
482 780 8.0
482 791 7.0
482 803 7.0
482 815 7.0
483 484 31.0
483 485 1.0
483 492 734.0
483 493 10.0
483 494 1.0
483 495 2.0
483 502 644.0
483 503 106.0
483 505 2.0
483 513 1.0
483 514 42.0
483 515 25.0
483 523 1.0
483 525 1.0
483 526 1.0
483 557 1.0
483 558 1.0
483 559 1.0
483 561 1.0
483 619 1.0
483 620 275.0
483 623 1.0
483 625 9.0
483 626 16.0
483 634 42.0
483 635 1.0
483 636 1.0
483 644 15.0
483 645 10.0
483 655 7.0
483 656 1.0
483 666 1.0
483 667 3.0
483 668 1.0
483 670 15.0
483 682 15.0
483 694 16.0
483 706 1.0
483 754 1.0
483 756 4.0
483 757 1.0
483 758 2.0
483 763 1.0
483 764 5.0
483 784 17.0
483 795 4.0
483 874 1.0
483 879 4.0
483 880 17.0
483 881 2.0
483 890 14.0
484 485 47.0
484 486 3.0
484 491 8.0
484 492 102.0
484 493 157.0
484 494 186.0
484 495 1.0
484 502 28.0
484 503 194.0
484 504 22.0
484 505 3.0
484 513 28.0
484 514 16.0
484 515 9.0
484 516 1.0
484 527 1.0
484 528 1.0
484 539 1.0
484 619 18.0
484 620 20.0
484 625 39.0
484 626 214.0
484 627 4.0
484 628 12.0
484 634 9.0
484 635 35.0
484 636 27.0
484 644 1.0
484 645 87.0
484 646 13.0
484 647 6.0
484 656 1.0
484 657 19.0
484 658 1.0
484 659 1.0
484 669 1.0
484 670 5.0
484 682 3.0
484 694 4.0
484 706 9.0
484 756 2.0
484 757 59.0
484 758 12.0
484 763 13.0
484 764 73.0
484 785 1.0
484 810 4.0
484 874 5.0
484 879 12.0
484 880 48.0
484 881 10.0
484 972 3.0
485 486 486.0
485 493 13.0
485 494 3148.0
485 495 22.0
485 503 235.0
485 504 16.0
485 505 298.0
485 513 25.0
485 514 12.0
485 515 67.0
485 516 6.0
485 517 1.0
485 522 1.0
485 523 5.0
485 524 1.0
485 525 6.0
485 526 35.0
485 527 1294.0
485 528 4.0
485 534 1.0
485 536 2.0
485 537 125.0
485 538 26.0
485 539 1357.0
485 548 1.0
485 549 161.0
485 551 44.0
485 559 9.0
485 561 117.0
485 562 3.0
485 563 55.0
485 570 8.0
485 572 1.0
485 573 37.0
485 574 56.0
485 580 10.0
485 581 15.0
485 582 8.0
485 583 8.0
485 584 26.0
485 585 16.0
485 586 1.0
485 591 2.0
485 592 1.0
485 593 1.0
485 594 5.0
485 595 4.0
485 602 6.0
485 603 3.0
485 610 7.0
485 619 9.0
485 625 7.0
485 626 19.0
485 627 33.0
485 628 19.0
485 635 6.0
485 636 1700.0
485 637 3.0
485 645 2.0
485 646 897.0
485 647 243.0
485 656 24.0
485 657 468.0
485 658 25.0
485 659 7.0
485 664 1.0
485 669 1027.0
485 670 38.0
485 676 1.0
485 680 50.0
485 682 7.0
485 691 17.0
485 692 1.0
485 693 20.0
485 694 19.0
485 701 1.0
485 705 2.0
485 706 245.0
485 712 2.0
485 713 4.0
485 714 3.0
485 715 1.0
485 716 3.0
485 717 40.0
485 724 23.0
485 725 2.0
485 726 20.0
485 727 84.0
485 736 1.0
485 744 3.0
485 756 1.0
485 757 18.0
485 763 1.0
485 764 3.0
485 773 5.0
485 775 1.0
485 784 68.0
485 785 27.0
485 792 1.0
485 793 1.0
485 795 9.0
485 796 1.0
485 797 19.0
485 807 23.0
485 808 1.0
485 809 2.0
485 810 30.0
485 819 16.0
485 820 2.0
485 821 17.0
485 830 16.0
485 831 7.0
485 832 3.0
485 833 1.0
485 837 1.0
485 840 30.0
485 851 1.0
485 860 2.0
485 874 1.0
485 879 1.0
485 880 2.0
485 882 5.0
485 889 7.0
485 890 8.0
485 899 7.0
485 909 1.0
485 930 12.0
485 931 5.0
485 939 6.0
485 949 1.0
485 963 1.0
485 981 1.0
485 992 1.0
485 1011 3.0
485 1049 1.0
486 492 1.0
486 493 14.0
486 494 488.0
486 502 1.0
486 503 102.0
486 504 4.0
486 505 1.0
486 513 9.0
486 514 2.0
486 515 52.0
486 516 3.0
486 523 1.0
486 525 1.0
486 526 3.0
486 527 253.0
486 537 4.0
486 538 1.0
486 539 261.0
486 549 6.0
486 551 19.0
486 559 1.0
486 561 3.0
486 563 18.0
486 570 3.0
486 573 13.0
486 574 22.0
486 580 4.0
486 581 5.0
486 582 4.0
486 583 2.0
486 584 8.0
486 585 10.0
486 586 1.0
486 593 1.0
486 595 1.0
486 602 2.0
486 610 2.0
486 627 1.0
486 635 2.0
486 636 493.0
486 645 5.0
486 646 196.0
486 647 2.0
486 656 6.0
486 657 30.0
486 658 8.0
486 659 2.0
486 669 163.0
486 670 37.0
486 680 13.0
486 682 16.0
486 693 6.0
486 694 27.0
486 706 51.0
486 712 1.0
486 713 1.0
486 714 1.0
486 715 1.0
486 717 8.0
486 724 8.0
486 726 7.0
486 727 14.0
486 758 1.0
486 764 6.0
486 773 1.0
486 784 18.0
486 785 9.0
486 795 4.0
486 796 1.0
486 797 18.0
486 807 5.0
486 808 1.0
486 810 25.0
486 819 5.0
486 820 1.0
486 821 4.0
486 830 5.0
486 831 4.0
486 837 1.0
486 840 9.0
486 880 6.0
486 882 1.0
486 889 2.0
486 899 2.0
486 930 4.0
486 931 2.0
486 939 4.0
486 1011 1.0
487 488 2.0
487 490 2.0
487 498 1.0
487 500 2.0
487 509 1.0
487 511 2.0
488 489 2.0
488 490 2.0
488 497 1.0
488 498 117.0
488 499 1.0
488 500 4.0
488 507 31.0
488 508 31.0
488 509 28.0
488 510 10.0
488 511 4.0
488 548 3.0
488 640 2.0
488 650 3.0
488 767 4.0
488 778 1.0
489 490 109.0
489 491 4.0
489 492 2.0
489 497 2.0
489 498 15.0
489 499 845.0
489 500 1181.0
489 507 1.0
489 508 16.0
489 509 31.0
489 510 89.0
489 511 613.0
489 521 124.0
489 522 2.0
489 523 59.0
489 524 7.0
489 527 1.0
489 532 21.0
489 533 81.0
489 534 3.0
489 535 1.0
489 536 10.0
489 545 7.0
489 548 114.0
489 560 118.0
489 618 2.0
489 621 11.0
489 622 132.0
489 623 12.0
489 624 2.0
489 629 145.0
489 630 240.0
489 631 304.0
489 632 3.0
489 633 1.0
489 640 501.0
489 641 23.0
489 642 1.0
489 650 194.0
489 651 87.0
489 652 56.0
489 653 20.0
489 663 11.0
489 675 9.0
489 676 9.0
489 687 8.0
489 715 1.0
489 754 16.0
489 762 1.0
489 767 21.0
489 779 1.0
489 780 12.0
489 782 1.0
489 790 3.0
489 791 22.0
489 803 19.0
489 804 1.0
489 878 1.0
489 885 1.0
489 893 31.0
489 895 1.0
489 903 13.0
490 491 23.0
490 492 6.0
490 500 409.0
490 501 1.0
490 502 9.0
490 503 5.0
490 507 1.0
490 508 3.0
490 509 11.0
490 510 9.0
490 511 58.0
490 523 1.0
490 527 1.0
490 536 2.0
490 548 1.0
490 560 1.0
490 617 2.0
490 618 2.0
490 621 7.0
490 622 76.0
490 623 32.0
490 624 3.0
490 629 128.0
490 630 130.0
490 631 4.0
490 632 3.0
490 633 10.0
490 635 5.0
490 640 3.0
490 641 9.0
490 642 11.0
490 650 3.0
490 652 10.0
490 699 2.0
490 754 10.0
490 762 10.0
490 764 5.0
490 767 3.0
490 780 2.0
490 791 7.0
490 803 2.0
490 815 2.0
490 878 1.0
490 880 4.0
491 492 40.0
491 493 6.0
491 494 1.0
491 500 37.0
491 502 90.0
491 503 22.0
491 508 1.0
491 509 3.0
491 510 6.0
491 513 1.0
491 514 10.0
491 523 1.0
491 526 1.0
491 536 1.0
491 548 1.0
491 560 1.0
491 621 3.0
491 623 1.0
491 626 3.0
491 629 13.0
491 630 13.0
491 632 1.0
491 633 7.0
491 634 2.0
491 635 18.0
491 636 1.0
491 640 3.0
491 642 1.0
491 643 1.0
491 645 17.0
491 646 9.0
491 650 1.0
491 651 5.0
491 657 8.0
491 706 11.0
491 717 1.0
491 762 6.0
491 764 19.0
491 767 1.0
491 880 18.0
491 895 5.0
491 981 4.0
492 493 56.0
492 494 5.0
492 495 1.0
492 500 34.0
492 502 731.0
492 503 119.0
492 505 2.0
492 510 7.0
492 513 2.0
492 514 61.0
492 515 24.0
492 523 1.0
492 525 2.0
492 526 1.0
492 527 1.0
492 557 1.0
492 558 1.0
492 559 1.0
492 561 1.0
492 617 1.0
492 619 6.0
492 620 271.0
492 626 51.0
492 630 1.0
492 632 3.0
492 633 1.0
492 634 43.0
492 635 4.0
492 636 7.0
492 643 3.0
492 644 18.0
492 645 32.0
492 651 7.0
492 655 7.0
492 656 1.0
492 657 1.0
492 666 1.0
492 667 4.0
492 668 1.0
492 669 1.0
492 670 19.0
492 682 19.0
492 694 20.0
492 706 2.0
492 764 12.0
492 773 1.0
492 774 1.0
492 779 1.0
492 784 16.0
492 795 4.0
492 810 1.0
492 880 6.0
492 890 14.0
492 895 8.0
492 972 1.0
492 981 5.0
493 494 23.0
493 495 1.0
493 502 161.0
493 503 844.0
493 504 11.0
493 505 3.0
493 513 213.0
493 514 63.0
493 515 267.0
493 516 12.0
493 523 29.0
493 524 25.0
493 525 6.0
493 526 1.0
493 527 10.0
493 528 1.0
493 537 2.0
493 539 1.0
493 540 1.0
493 541 1.0
493 542 1.0
493 548 1.0
493 549 8.0
493 559 1.0
493 560 2.0
493 561 2.0
493 562 3.0
493 570 1.0
493 571 1.0
493 572 2.0
493 573 2.0
493 574 5.0
493 575 1.0
493 619 29.0
493 620 4.0
493 625 12.0
493 626 26.0
493 627 83.0
493 633 1.0
493 634 26.0
493 635 668.0
493 636 10.0
493 644 37.0
493 645 20.0
493 646 2.0
493 647 1.0
493 655 4.0
493 657 8.0
493 658 19.0
493 669 30.0
493 670 159.0
493 678 1.0
493 679 1.0
493 682 70.0
493 689 1.0
493 691 1.0
493 694 106.0
493 706 162.0
493 757 11.0
493 758 5.0
493 763 13.0
493 764 585.0
493 772 2.0
493 773 13.0
493 783 4.0
493 795 2.0
493 797 57.0
493 810 109.0
493 874 1.0
493 879 1.0
493 880 521.0
493 881 3.0
493 889 3.0
493 899 3.0
493 909 2.0
493 992 2.0
493 993 2.0
494 495 92.0
494 502 34.0
494 503 584.0
494 504 273.0
494 505 409.0
494 506 12.0
494 513 69.0
494 514 211.0
494 515 240.0
494 516 11.0
494 517 16.0
494 522 3.0
494 523 21.0
494 524 9.0
494 525 20.0
494 526 50.0
494 527 2269.0
494 528 21.0
494 534 1.0
494 536 2.0
494 537 209.0
494 538 111.0
494 539 2719.0
494 548 1.0
494 549 290.0
494 551 95.0
494 557 1.0
494 558 1.0
494 559 23.0
494 560 1.0
494 561 260.0
494 562 2.0
494 563 117.0
494 564 2.0
494 569 1.0
494 570 18.0
494 573 85.0
494 574 61.0
494 575 1.0
494 580 25.0
494 581 45.0
494 582 28.0
494 583 21.0
494 584 27.0
494 585 20.0
494 586 1.0
494 591 3.0
494 592 10.0
494 593 6.0
494 594 6.0
494 595 4.0
494 602 16.0
494 603 4.0
494 610 14.0
494 619 5.0
494 625 30.0
494 626 118.0
494 627 22.0
494 628 96.0
494 635 14.0
494 636 1622.0
494 644 3.0
494 645 3.0
494 646 2804.0
494 647 66.0
494 648 1.0
494 655 8.0
494 656 58.0
494 657 1310.0
494 658 46.0
494 659 4.0
494 664 1.0
494 666 1.0
494 669 2383.0
494 670 106.0
494 676 1.0
494 680 52.0
494 681 1.0
494 682 22.0
494 691 64.0
494 692 1.0
494 693 86.0
494 694 90.0
494 698 1.0
494 699 1.0
494 701 5.0
494 704 1.0
494 705 13.0
494 706 937.0
494 710 1.0
494 711 1.0
494 712 9.0
494 713 7.0
494 714 3.0
494 715 1.0
494 716 4.0
494 717 147.0
494 721 1.0
494 724 31.0
494 725 2.0
494 726 23.0
494 727 125.0
494 736 1.0
494 744 4.0
494 751 1.0
494 757 57.0
494 764 25.0
494 773 5.0
494 775 1.0
494 783 8.0
494 784 110.0
494 785 61.0
494 792 1.0
494 793 1.0
494 795 15.0
494 796 1.0
494 797 43.0
494 807 26.0
494 808 1.0
494 809 4.0
494 810 92.0
494 818 2.0
494 819 23.0
494 820 13.0
494 821 62.0
494 830 18.0
494 831 11.0
494 832 6.0
494 833 8.0
494 837 1.0
494 839 1.0
494 840 38.0
494 843 1.0
494 851 1.0
494 860 2.0
494 874 3.0
494 880 23.0
494 882 6.0
494 889 11.0
494 890 20.0
494 899 10.0
494 908 2.0
494 909 6.0
494 929 3.0
494 930 46.0
494 931 15.0
494 939 18.0
494 949 1.0
494 963 1.0
494 972 2.0
494 981 1.0
494 992 5.0
494 1011 8.0
494 1018 1.0
494 1019 1.0
494 1020 1.0
494 1049 1.0
495 502 1.0
495 503 15.0
495 505 11.0
495 506 16.0
495 513 4.0
495 514 3.0
495 517 16.0
495 527 20.0
495 539 40.0
495 563 1.0
495 573 1.0
495 574 2.0
495 581 1.0
495 582 1.0
495 584 1.0
495 619 1.0
495 625 2.0
495 626 1.0
495 636 51.0
495 646 22.0
495 657 14.0
495 658 1.0
495 669 7.0
495 670 4.0
495 680 1.0
495 706 24.0
495 712 1.0
495 717 7.0
495 727 6.0
495 756 1.0
495 763 1.0
495 785 7.0
495 821 1.0
495 838 1.0
495 879 1.0
495 929 1.0
495 945 1.0
496 505 1.0
496 656 1.0
496 657 1.0
496 784 1.0
496 785 1.0
497 498 3.0
497 499 1.0
497 500 1.0
497 507 2.0
497 508 27.0
497 509 83.0
497 511 2.0
497 521 53.0
497 522 1.0
497 532 1.0
497 533 1.0
498 499 5.0
498 500 15.0
498 507 98.0
498 508 148.0
498 509 78.0
498 510 1.0
498 511 3.0
498 519 2.0
498 521 14.0
498 532 2.0
498 533 2.0
498 548 2.0
498 560 2.0
498 630 4.0
498 631 81.0
498 632 2.0
498 640 200.0
498 641 3.0
498 649 3.0
498 650 24.0
498 652 1.0
498 653 1.0
498 663 2.0
498 675 1.0
498 699 4.0
498 753 2.0
498 754 47.0
498 760 45.0
498 767 75.0
498 768 3.0
498 769 24.0
498 778 3.0
498 779 1.0
498 780 4.0
498 791 4.0
498 803 4.0
498 815 3.0
498 873 4.0
498 875 1.0
498 877 3.0
499 508 3.0
499 509 31.0
499 510 99.0
499 511 50.0
499 521 2.0
499 522 1.0
499 523 40.0
499 524 7.0
499 534 2.0
499 536 9.0
499 548 10.0
499 560 10.0
499 618 1.0
499 631 222.0
499 640 344.0
499 650 164.0
499 651 110.0
499 652 47.0
499 653 13.0
499 675 9.0
499 676 7.0
499 687 8.0
499 715 1.0
499 767 7.0
499 779 5.0
499 780 15.0
499 790 4.0
499 791 38.0
499 803 28.0
499 804 1.0
499 885 4.0
499 893 50.0
499 895 5.0
499 903 21.0
500 502 4.0
500 503 3.0
500 507 2.0
500 508 12.0
500 509 1.0
500 510 40.0
500 511 875.0
500 522 1.0
500 523 28.0
500 527 1.0
500 534 1.0
500 535 1.0
500 536 4.0
500 548 108.0
500 560 114.0
500 617 1.0
500 618 2.0
500 621 56.0
500 622 461.0
500 629 501.0
500 630 614.0
500 631 8.0
500 633 7.0
500 635 3.0
500 640 66.0
500 642 6.0
500 650 6.0
500 651 22.0
500 652 3.0
500 653 3.0
500 676 2.0
500 762 6.0
500 764 6.0
500 779 9.0
500 791 1.0
500 794 1.0
500 806 1.0
500 895 26.0
500 981 7.0
501 511 1.0
502 503 197.0
502 504 3.0
502 505 3.0
502 513 311.0
502 514 1116.0
502 515 27.0
502 516 8.0
502 523 21.0
502 524 7.0
502 525 71.0
502 526 3.0
502 527 17.0
502 528 44.0
502 529 1.0
502 537 13.0
502 538 1.0
502 539 2.0
502 540 2.0
502 541 2.0
502 542 1.0
502 548 1.0
502 549 24.0
502 552 3.0
502 557 2.0
502 558 2.0
502 559 2.0
502 560 4.0
502 561 4.0
502 563 1.0
502 571 2.0
502 573 3.0
502 619 5.0
502 620 254.0
502 625 2.0
502 626 16.0
502 627 22.0
502 628 1.0
502 634 96.0
502 635 669.0
502 636 5.0
502 644 223.0
502 645 17.0
502 646 15.0
502 647 2.0
502 655 71.0
502 656 2.0
502 657 14.0
502 664 1.0
502 666 1.0
502 669 3.0
502 670 67.0
502 678 1.0
502 679 1.0
502 682 63.0
502 689 1.0
502 691 1.0
502 694 58.0
502 706 19.0
502 717 1.0
502 756 1.0
502 757 3.0
502 763 3.0
502 764 1256.0
502 772 14.0
502 773 4.0
502 774 1.0
502 780 1.0
502 783 94.0
502 784 1.0
502 795 95.0
502 797 1.0
502 807 79.0
502 810 8.0
502 819 84.0
502 830 2.0
502 840 2.0
502 874 1.0
502 879 2.0
502 880 1254.0
502 888 3.0
502 889 6.0
502 890 1.0
502 899 10.0
502 909 7.0
502 919 1.0
502 928 1.0
502 929 1.0
502 938 1.0
502 972 75.0
502 992 6.0
502 1049 4.0
503 504 173.0
503 505 27.0
503 513 348.0
503 514 124.0
503 515 1107.0
503 516 47.0
503 517 1.0
503 523 9.0
503 524 4.0
503 525 7.0
503 526 1.0
503 527 28.0
503 528 20.0
503 529 1.0
503 539 8.0
503 540 1.0
503 541 1.0
503 542 1.0
503 549 5.0
503 559 1.0
503 560 4.0
503 561 1.0
503 562 3.0
503 563 1.0
503 564 1.0
503 570 2.0
503 571 1.0
503 572 2.0
503 573 3.0
503 574 5.0
503 575 3.0
503 580 1.0
503 581 1.0
503 582 1.0
503 619 16.0
503 620 55.0
503 625 9.0
503 626 64.0
503 627 69.0
503 628 81.0
503 634 81.0
503 635 1285.0
503 636 214.0
503 644 28.0
503 645 50.0
503 646 18.0
503 647 51.0
503 655 6.0
503 656 6.0
503 657 85.0
503 658 138.0
503 659 9.0
503 666 1.0
503 669 140.0
503 670 622.0
503 671 3.0
503 672 3.0
503 678 1.0
503 679 1.0
503 682 263.0
503 689 1.0
503 691 1.0
503 694 421.0
503 706 543.0
503 714 1.0
503 717 2.0
503 724 3.0
503 756 7.0
503 757 49.0
503 758 6.0
503 763 7.0
503 764 1034.0
503 765 3.0
503 772 14.0
503 773 217.0
503 783 6.0
503 784 39.0
503 785 14.0
503 795 4.0
503 797 221.0
503 807 5.0
503 810 343.0
503 819 4.0
503 830 2.0
503 840 2.0
503 874 8.0
503 879 7.0
503 880 904.0
503 881 10.0
503 890 18.0
503 908 2.0
503 909 2.0
503 972 6.0
503 992 2.0
503 993 2.0
504 505 14.0
504 506 1.0
504 513 2.0
504 514 67.0
504 515 305.0
504 516 2.0
504 517 1.0
504 523 2.0
504 525 1.0
504 527 16.0
504 528 34.0
504 539 2.0
504 559 1.0
504 562 1.0
504 570 1.0
504 573 1.0
504 574 1.0
504 575 1.0
504 619 3.0
504 626 6.0
504 635 68.0
504 636 31.0
504 644 2.0
504 645 4.0
504 647 6.0
504 656 31.0
504 657 64.0
504 658 5.0
504 659 2.0
504 669 4.0
504 670 64.0
504 682 32.0
504 694 75.0
504 706 126.0
504 757 5.0
504 764 16.0
504 773 38.0
504 784 29.0
504 785 5.0
504 797 7.0
504 810 45.0
504 880 11.0
504 890 9.0
504 972 1.0
505 506 2.0
505 513 2.0
505 514 4.0
505 515 69.0
505 516 40.0
505 517 73.0
505 523 9.0
505 524 1.0
505 525 9.0
505 526 54.0
505 527 238.0
505 528 3.0
505 529 2.0
505 535 1.0
505 536 2.0
505 537 2.0
505 538 4.0
505 539 18.0
505 559 1.0
505 561 1.0
505 562 1.0
505 563 1.0
505 570 1.0
505 573 2.0
505 574 7.0
505 576 1.0
505 580 1.0
505 583 1.0
505 584 1.0
505 585 2.0
505 592 1.0
505 594 1.0
505 602 1.0
505 610 1.0
505 619 2.0
505 626 1.0
505 635 15.0
505 636 22.0
505 644 1.0
505 645 2.0
505 646 38.0
505 647 3.0
505 648 11.0
505 656 1.0
505 657 43.0
505 659 7.0
505 669 3.0
505 701 1.0
505 706 49.0
505 712 1.0
505 713 1.0
505 714 1.0
505 717 3.0
505 726 2.0
505 744 1.0
505 758 2.0
505 764 5.0
505 773 10.0
505 784 1.0
505 785 2.0
505 797 1.0
505 860 1.0
505 880 4.0
506 513 1.0
506 514 2.0
506 516 3.0
506 517 21.0
507 508 1651.0
507 509 1497.0
507 510 3.0
507 511 4.0
507 519 4.0
507 520 4.0
507 521 1257.0
507 522 20.0
507 524 2.0
507 533 7.0
507 534 4.0
507 535 6.0
507 545 1.0
507 560 1.0
507 631 30.0
507 640 13.0
507 649 1.0
507 650 4.0
507 653 1.0
507 677 13.0
507 678 4.0
507 679 2.0
507 680 1.0
507 690 3.0
507 699 1.0
507 754 27.0
507 778 1.0
507 780 1.0
507 791 1.0
507 803 1.0
507 815 1.0
507 873 5.0
508 509 1791.0
508 510 3.0
508 511 1.0
508 519 2.0
508 520 6.0
508 521 1320.0
508 522 22.0
508 523 1.0
508 524 2.0
508 532 1.0
508 533 7.0
508 534 4.0
508 535 6.0
508 545 1.0
508 560 1.0
508 622 1.0
508 623 1.0
508 631 53.0
508 639 155.0
508 640 26.0
508 650 639.0
508 653 1.0
508 676 1.0
508 677 13.0
508 678 4.0
508 679 2.0
508 680 1.0
508 690 3.0
508 699 1.0
508 753 6.0
508 754 50.0
508 760 1.0
508 767 15.0
508 768 2.0
508 769 3.0
508 778 40.0
508 780 1.0
508 791 1.0
508 803 1.0
508 815 1.0
508 873 16.0
509 510 17.0
509 511 18.0
509 519 1.0
509 521 1851.0
509 522 29.0
509 523 10.0
509 524 6.0
509 532 2.0
509 533 9.0
509 534 7.0
509 535 11.0
509 536 3.0
509 537 1.0
509 538 2.0
509 545 1.0
509 548 7.0
509 559 1.0
509 560 11.0
509 561 1.0
509 622 1.0
509 623 1.0
509 630 9.0
509 631 168.0
509 640 205.0
509 649 596.0
509 650 2454.0
509 651 222.0
509 653 9.0
509 676 1.0
509 677 13.0
509 678 7.0
509 679 2.0
509 680 1.0
509 690 4.0
509 691 1.0
509 699 2.0
509 753 15.0
509 754 113.0
509 767 141.0
509 768 8.0
509 769 7.0
509 778 229.0
509 779 2.0
509 780 3.0
509 791 2.0
509 803 2.0
509 815 2.0
509 873 16.0
509 877 1.0
509 893 11.0
509 895 1.0
509 903 22.0
509 981 1.0
510 511 64.0
510 521 5.0
510 522 19.0
510 523 151.0
510 524 19.0
510 532 1.0
510 534 8.0
510 536 84.0
510 548 74.0
510 560 86.0
510 622 1.0
510 629 5.0
510 630 6.0
510 631 5.0
510 633 2.0
510 640 24.0
510 650 5.0
510 651 222.0
510 652 23.0
510 653 33.0
510 675 9.0
510 676 10.0
510 678 11.0
510 687 8.0
510 690 1.0
510 760 2.0
510 762 2.0
510 767 2.0
510 768 1.0
510 779 97.0
510 780 25.0
510 782 1.0
510 790 7.0
510 791 37.0
510 792 2.0
510 793 5.0
510 794 7.0
510 803 19.0
510 804 1.0
510 806 2.0
510 818 2.0
510 885 6.0
510 893 12.0
510 895 241.0
510 903 30.0
510 906 4.0
510 981 132.0
511 522 98.0
511 523 589.0
511 524 9.0
511 527 1.0
511 533 8.0
511 534 1.0
511 535 30.0
511 536 39.0
511 537 1.0
511 538 1.0
511 548 72.0
511 550 2.0
511 560 54.0
511 561 7.0
511 573 3.0
511 621 22.0
511 622 175.0
511 629 197.0
511 630 213.0
511 631 32.0
511 640 42.0
511 642 2.0
511 649 6.0
511 650 15.0
511 651 2.0
511 652 2.0
511 653 1977.0
511 663 2.0
511 676 7.0
511 678 15.0
511 679 10.0
511 680 3.0
511 689 2.0
511 690 4.0
511 691 1.0
511 701 2.0
511 702 6.0
511 704 1.0
511 713 1.0
511 714 1.0
511 715 3.0
511 754 1.0
511 770 5.0
511 771 39.0
511 779 1.0
511 780 2.0
511 781 2.0
511 782 228.0
511 791 2.0
511 793 1.0
511 794 4.0
511 803 2.0
511 805 3.0
511 806 4.0
511 818 2.0
511 829 1.0
511 840 1.0
511 887 2.0
511 895 2.0
511 981 1.0
512 523 8.0
512 524 3.0
512 534 5.0
512 535 5.0
512 654 47.0
512 678 3.0
512 690 1.0
512 702 1.0
512 771 22.0
512 782 1.0
513 514 200.0
513 515 1.0
513 516 1.0
513 517 1.0
513 522 2.0
513 523 99.0
513 524 54.0
513 525 150.0
513 526 7.0
513 527 2.0
513 528 13.0
513 529 1.0
513 537 3.0
513 538 6.0
513 539 9.0
513 540 1.0
513 541 1.0
513 542 1.0
513 548 1.0
513 549 16.0
513 552 1.0
513 557 5.0
513 558 5.0
513 559 6.0
513 560 1.0
513 561 5.0
513 570 1.0
513 571 2.0
513 573 1.0
513 620 6.0
513 625 2.0
513 626 13.0
513 627 17.0
513 628 2.0
513 634 34.0
513 635 428.0
513 636 4.0
513 644 113.0
513 645 28.0
513 646 5.0
513 647 2.0
513 655 30.0
513 656 1.0
513 657 6.0
513 659 1.0
513 664 4.0
513 666 2.0
513 669 1.0
513 670 12.0
513 676 1.0
513 678 1.0
513 679 1.0
513 680 2.0
513 682 11.0
513 687 2.0
513 689 1.0
513 691 5.0
513 692 1.0
513 694 6.0
513 706 2.0
513 756 2.0
513 757 8.0
513 763 5.0
513 764 553.0
513 765 3.0
513 780 1.0
513 783 28.0
513 795 13.0
513 796 1.0
513 807 2.0
513 808 1.0
513 809 1.0
513 819 2.0
513 830 2.0
513 840 1.0
513 874 3.0
513 879 6.0
513 880 520.0
513 881 7.0
513 889 14.0
513 899 16.0
513 908 4.0
513 909 15.0
513 919 1.0
513 972 9.0
513 992 13.0
513 1049 1.0
514 515 41.0
514 516 9.0
514 517 3.0
514 522 1.0
514 523 16.0
514 524 13.0
514 525 20.0
514 526 103.0
514 527 58.0
514 528 64.0
514 537 188.0
514 538 22.0
514 539 1.0
514 540 8.0
514 541 3.0
514 542 3.0
514 548 14.0
514 549 408.0
514 550 1.0
514 552 4.0
514 557 5.0
514 558 8.0
514 559 9.0
514 560 51.0
514 561 69.0
514 562 2.0
514 563 2.0
514 570 1.0
514 571 13.0
514 573 12.0
514 620 12.0
514 625 1.0
514 626 13.0
514 627 3.0
514 628 1.0
514 634 205.0
514 635 488.0
514 636 12.0
514 644 332.0
514 645 22.0
514 646 11.0
514 647 3.0
514 655 160.0
514 656 584.0
514 657 10.0
514 659 1.0
514 668 2.0
514 670 88.0
514 678 4.0
514 679 3.0
514 680 6.0
514 682 84.0
514 683 1.0
514 689 2.0
514 691 29.0
514 692 1.0
514 694 76.0
514 706 18.0
514 713 9.0
514 714 28.0
514 717 1.0
514 724 2.0
514 756 2.0
514 757 8.0
514 763 18.0
514 764 1017.0
514 772 12.0
514 773 9.0
514 783 430.0
514 784 11.0
514 785 1.0
514 792 1.0
514 795 528.0
514 796 3.0
514 797 3.0
514 807 401.0
514 808 5.0
514 809 2.0
514 810 11.0
514 819 387.0
514 820 1.0
514 830 101.0
514 840 48.0
514 841 1.0
514 879 6.0
514 880 1017.0
514 888 2.0
514 889 17.0
514 890 8.0
514 898 5.0
514 899 8.0
514 908 10.0
514 909 80.0
514 918 18.0
514 919 4.0
514 929 2.0
514 939 1.0
514 955 1.0
514 972 67.0
514 992 82.0
514 993 2.0
514 1001 1.0
514 1049 42.0
514 1055 1.0
515 516 24.0
515 523 4.0
515 525 4.0
515 526 115.0
515 527 19.0
515 528 59.0
515 539 10.0
515 552 1.0
515 559 8.0
515 562 27.0
515 570 8.0
515 572 35.0
515 573 8.0
515 574 58.0
515 575 5.0
515 583 4.0
515 593 4.0
515 619 1.0
515 620 17.0
515 625 1.0
515 627 9.0
515 628 8.0
515 634 14.0
515 635 656.0
515 636 181.0
515 644 6.0
515 645 29.0
515 646 28.0
515 647 36.0
515 656 1.0
515 657 298.0
515 658 303.0
515 659 7.0
515 669 129.0
515 670 552.0
515 671 5.0
515 672 5.0
515 682 90.0
515 694 332.0
515 706 1001.0
515 717 3.0
515 724 2.0
515 727 1.0
515 756 1.0
515 757 2.0
515 758 2.0
515 763 2.0
515 764 438.0
515 765 1.0
515 772 3.0
515 773 187.0
515 784 15.0
515 785 42.0
515 796 13.0
515 797 224.0
515 807 1.0
515 808 13.0
515 809 2.0
515 810 305.0
515 820 9.0
515 840 2.0
515 874 1.0
515 880 365.0
515 890 13.0
515 899 10.0
515 900 10.0
515 910 8.0
515 978 2.0
515 983 1.0
515 984 2.0
515 991 1.0
515 993 3.0
516 517 80.0
516 523 27.0
516 524 7.0
516 525 31.0
516 526 57.0
516 527 824.0
516 528 527.0
516 529 4.0
516 534 5.0
516 535 7.0
516 536 6.0
516 537 4.0
516 538 62.0
516 539 296.0
516 541 3.0
516 542 6.0
516 547 4.0
516 548 7.0
516 549 34.0
516 550 18.0
516 551 97.0
516 552 1.0
516 559 22.0
516 561 101.0
516 562 12.0
516 563 18.0
516 564 73.0
516 570 27.0
516 571 5.0
516 572 5.0
516 573 55.0
516 574 72.0
516 575 5.0
516 576 12.0
516 580 25.0
516 581 35.0
516 582 36.0
516 583 19.0
516 584 48.0
516 585 18.0
516 590 4.0
516 591 6.0
516 592 19.0
516 593 7.0
516 594 13.0
516 595 2.0
516 602 11.0
516 603 4.0
516 610 8.0
516 627 6.0
516 628 3.0
516 634 2.0
516 635 21.0
516 636 27.0
516 637 5.0
516 644 4.0
516 646 6.0
516 647 27.0
516 655 1.0
516 656 1.0
516 657 9.0
516 658 71.0
516 659 164.0
516 664 3.0
516 669 8.0
516 670 36.0
516 671 7.0
516 672 5.0
516 675 1.0
516 676 1.0
516 680 43.0
516 681 1.0
516 682 19.0
516 691 35.0
516 692 3.0
516 693 55.0
516 694 21.0
516 695 1.0
516 701 5.0
516 702 21.0
516 704 138.0
516 705 13.0
516 706 16.0
516 712 5.0
516 713 7.0
516 714 3.0
516 715 5.0
516 716 1.0
516 717 2.0
516 721 1.0
516 722 1.0
516 724 2.0
516 726 34.0
516 736 5.0
516 741 1.0
516 744 2.0
516 764 24.0
516 766 1.0
516 773 2.0
516 775 2.0
516 783 1.0
516 785 1.0
516 792 2.0
516 795 2.0
516 797 15.0
516 807 1.0
516 809 2.0
516 810 9.0
516 819 4.0
516 820 3.0
516 821 41.0
516 822 14.0
516 823 13.0
516 830 25.0
516 831 50.0
516 832 16.0
516 840 44.0
516 841 8.0
516 860 2.0
516 880 15.0
516 929 1.0
516 930 36.0
516 931 3.0
516 939 19.0
516 947 1.0
516 948 6.0
516 955 8.0
516 963 1.0
516 993 3.0
516 1011 24.0
516 1018 1.0
516 1019 1.0
516 1020 1.0
516 1026 5.0
516 1062 12.0
516 1066 2.0
517 518 61.0
517 527 7.0
517 528 84.0
517 529 8.0
517 538 3.0
517 539 45.0
517 549 1.0
517 550 3.0
517 561 4.0
517 564 5.0
517 574 1.0
517 585 6.0
517 658 35.0
517 659 10.0
517 670 5.0
517 682 18.0
517 691 2.0
517 694 24.0
517 695 1.0
517 702 1.0
517 704 6.0
517 706 19.0
517 708 1.0
517 726 1.0
517 810 18.0
517 830 1.0
517 831 1.0
517 832 1.0
517 840 1.0
517 853 1.0
518 528 5.0
518 658 1.0
518 670 2.0
518 682 1.0
518 694 2.0
518 706 1.0
518 810 1.0
519 520 23.0
519 531 58.0
519 532 1.0
519 533 12.0
519 534 15.0
519 546 11.0
519 558 1.0
519 559 5.0
519 569 6.0
519 570 5.0
519 631 7.0
519 641 2.0
519 661 6.0
519 662 49.0
519 663 57.0
519 664 1.0
519 675 9.0
519 676 13.0
519 688 16.0
519 698 2.0
519 699 5.0
519 700 2.0
519 710 2.0
519 721 4.0
519 724 2.0
519 769 1.0
519 780 3.0
519 793 1.0
519 804 18.0
519 816 4.0
519 914 8.0
519 924 1.0
520 521 18.0
520 522 1.0
520 531 74.0
520 532 18.0
520 533 138.0
520 534 18.0
520 546 169.0
520 558 5.0
520 559 9.0
520 569 11.0
520 570 9.0
520 589 1.0
520 598 1.0
520 631 92.0
520 639 1.0
520 641 12.0
520 661 23.0
520 662 83.0
520 663 209.0
520 664 12.0
520 665 1.0
520 666 1.0
520 675 54.0
520 676 183.0
520 688 201.0
520 697 2.0
520 698 5.0
520 699 13.0
520 700 59.0
520 710 4.0
520 721 3.0
520 724 6.0
520 769 2.0
520 779 1.0
520 780 19.0
520 791 30.0
520 792 3.0
520 803 3.0
520 804 12.0
520 805 1.0
520 816 17.0
520 827 2.0
520 895 34.0
520 905 1.0
520 907 2.0
520 914 4.0
520 916 1.0
520 924 3.0
520 981 29.0
520 989 2.0
521 522 80.0
521 524 25.0
521 526 10.0
521 531 2.0
521 532 544.0
521 533 1796.0
521 534 57.0
521 535 66.0
521 536 25.0
521 537 3.0
521 538 17.0
521 545 25.0
521 546 9.0
521 548 3.0
521 550 1.0
521 559 3.0
521 560 23.0
521 561 1.0
521 569 2.0
521 570 4.0
521 573 1.0
521 581 1.0
521 582 1.0
521 630 1.0
521 631 1180.0
521 639 3.0
521 640 235.0
521 641 481.0
521 649 11.0
521 650 196.0
521 651 96.0
521 652 75.0
521 653 1.0
521 661 19.0
521 662 137.0
521 663 2195.0
521 664 3.0
521 666 7.0
521 668 7.0
521 675 1.0
521 676 16.0
521 678 13.0
521 680 15.0
521 686 1.0
521 688 6.0
521 689 1.0
521 690 23.0
521 691 3.0
521 692 1.0
521 700 1.0
521 702 1.0
521 713 1.0
521 714 1.0
521 721 1.0
521 724 3.0
521 767 4.0
521 769 29.0
521 778 66.0
521 779 25.0
521 780 30.0
521 781 134.0
521 790 14.0
521 791 1203.0
521 792 453.0
521 793 554.0
521 794 82.0
521 802 17.0
521 803 1.0
521 805 1.0
521 815 1.0
521 826 1.0
521 837 1.0
521 847 1.0
521 877 2.0
521 885 1.0
521 886 20.0
521 893 9.0
521 895 1049.0
521 896 312.0
521 903 22.0
521 904 1.0
521 905 1.0
521 906 111.0
521 935 1.0
521 969 2.0
521 973 1.0
521 974 106.0
521 980 7.0
521 981 1183.0
522 523 476.0
522 524 403.0
522 525 294.0
522 526 164.0
522 527 3.0
522 528 2.0
522 532 6.0
522 533 55.0
522 534 85.0
522 535 1205.0
522 536 616.0
522 537 3.0
522 538 101.0
522 539 7.0
522 540 6.0
522 541 6.0
522 542 3.0
522 545 2.0
522 546 126.0
522 547 14.0
522 548 738.0
522 549 5.0
522 550 38.0
522 551 17.0
522 558 110.0
522 559 20.0
522 560 1006.0
522 561 104.0
522 562 28.0
522 563 7.0
522 567 1.0
522 568 4.0
522 569 14.0
522 570 23.0
522 571 12.0
522 572 1.0
522 573 13.0
522 574 1.0
522 579 5.0
522 580 535.0
522 581 1.0
522 582 1.0
522 583 12.0
522 589 31.0
522 590 33.0
522 591 56.0
522 592 3.0
522 599 1.0
522 600 2.0
522 607 2.0
522 630 1.0
522 631 431.0
522 640 18.0
522 641 80.0
522 646 3.0
522 650 2.0
522 651 23.0
522 652 338.0
522 653 77.0
522 656 1.0
522 657 3.0
522 662 38.0
522 663 206.0
522 664 692.0
522 666 7.0
522 668 7.0
522 669 3.0
522 676 15.0
522 677 37.0
522 678 289.0
522 679 91.0
522 680 76.0
522 681 6.0
522 682 1.0
522 684 1.0
522 687 11.0
522 689 7.0
522 690 230.0
522 691 72.0
522 692 6.0
522 693 1.0
522 697 2.0
522 698 4.0
522 699 352.0
522 700 342.0
522 701 16.0
522 702 13.0
522 703 1.0
522 704 5.0
522 711 12.0
522 712 61.0
522 713 11.0
522 714 10.0
522 715 38.0
522 721 60.0
522 722 8.0
522 723 4.0
522 724 4.0
522 727 1.0
522 730 1.0
522 731 3.0
522 732 56.0
522 733 2.0
522 741 34.0
522 742 2.0
522 748 1.0
522 760 4.0
522 769 1169.0
522 779 1.0
522 780 109.0
522 781 2.0
522 783 1.0
522 790 4.0
522 791 484.0
522 792 97.0
522 793 8.0
522 794 34.0
522 795 1.0
522 802 4.0
522 803 480.0
522 804 12.0
522 805 7.0
522 806 20.0
522 807 1.0
522 809 1.0
522 814 4.0
522 815 31.0
522 816 30.0
522 818 18.0
522 819 1.0
522 827 30.0
522 828 2.0
522 837 2.0
522 838 3.0
522 839 7.0
522 840 3.0
522 846 1.0
522 864 10.0
522 885 1.0
522 886 1.0
522 893 3.0
522 895 109.0
522 903 8.0
522 906 2.0
522 916 9.0
522 926 1.0
522 945 2.0
522 980 1.0
522 981 94.0
522 998 5.0
522 1007 1.0
522 1052 5.0
523 524 464.0
523 525 427.0
523 526 360.0
523 527 22.0
523 528 9.0
523 532 3.0
523 533 10.0
523 534 126.0
523 535 94.0
523 536 302.0
523 537 4.0
523 538 23.0
523 539 1.0
523 547 1.0
523 548 129.0
523 549 1.0
523 559 1.0
523 560 273.0
523 561 20.0
523 570 1.0
523 572 1.0
523 573 1.0
523 574 1.0
523 622 10.0
523 627 13.0
523 629 6.0
523 630 8.0
523 631 6.0
523 634 1.0
523 635 25.0
523 636 1.0
523 640 15.0
523 641 1.0
523 645 11.0
523 650 1.0
523 651 26.0
523 653 508.0
523 654 22.0
523 655 1.0
523 658 28.0
523 663 7.0
523 664 23.0
523 666 5.0
523 667 3.0
523 669 1.0
523 670 17.0
523 676 29.0
523 678 210.0
523 679 3.0
523 680 7.0
523 681 33.0
523 682 6.0
523 687 10.0
523 689 12.0
523 690 29.0
523 691 16.0
523 694 5.0
523 699 2.0
523 701 8.0
523 702 11.0
523 703 1.0
523 704 5.0
523 706 5.0
523 712 1.0
523 713 3.0
523 715 1.0
523 760 4.0
523 764 26.0
523 771 13.0
523 779 4.0
523 780 18.0
523 782 148.0
523 783 1.0
523 790 4.0
523 791 3.0
523 792 5.0
523 794 151.0
523 795 2.0
523 797 11.0
523 799 1.0
523 803 15.0
523 804 5.0
523 805 4.0
523 806 138.0
523 815 1.0
523 818 126.0
523 829 3.0
523 840 1.0
523 880 25.0
523 885 4.0
523 889 1.0
523 893 2.0
523 895 1.0
523 899 1.0
523 903 7.0
523 909 3.0
523 916 4.0
523 992 1.0
523 998 1.0
523 1049 1.0
523 1052 1.0
523 1055 1.0
524 525 724.0
524 526 436.0
524 527 15.0
524 528 22.0
524 529 2.0
524 534 262.0
524 535 427.0
524 536 178.0
524 537 16.0
524 538 251.0
524 539 79.0
524 548 52.0
524 549 7.0
524 550 32.0
524 551 18.0
524 559 2.0
524 560 114.0
524 561 31.0
524 562 1.0
524 563 2.0
524 570 1.0
524 573 3.0
524 574 2.0
524 580 1.0
524 581 2.0
524 582 2.0
524 583 3.0
524 584 2.0
524 585 1.0
524 595 1.0
524 627 9.0
524 631 7.0
524 635 3.0
524 640 6.0
524 650 4.0
524 654 25.0
524 663 8.0
524 664 23.0
524 670 4.0
524 676 4.0
524 677 10.0
524 678 116.0
524 679 4.0
524 680 17.0
524 681 31.0
524 682 7.0
524 687 4.0
524 689 12.0
524 690 26.0
524 691 11.0
524 692 1.0
524 693 10.0
524 694 1.0
524 695 5.0
524 696 1.0
524 699 1.0
524 702 1.0
524 703 4.0
524 704 6.0
524 705 3.0
524 712 2.0
524 713 9.0
524 714 9.0
524 715 4.0
524 764 3.0
524 771 1.0
524 780 10.0
524 783 2.0
524 792 5.0
524 794 228.0
524 795 2.0
524 797 2.0
524 803 1.0
524 806 214.0
524 808 1.0
524 815 1.0
524 818 136.0
524 819 1.0
524 820 2.0
524 821 5.0
524 829 22.0
524 830 2.0
524 831 9.0
524 840 3.0
524 841 3.0
524 880 2.0
524 895 8.0
524 909 2.0
524 919 1.0
524 920 1.0
524 930 5.0
524 939 4.0
524 948 1.0
524 981 4.0
524 992 2.0
524 993 1.0
524 1002 1.0
524 1011 3.0
524 1018 1.0
524 1026 1.0
525 526 579.0
525 527 31.0
525 528 36.0
525 529 2.0
525 534 103.0
525 535 138.0
525 536 10.0
525 537 2.0
525 538 43.0
525 539 144.0
525 548 19.0
525 549 6.0
525 550 4.0
525 551 50.0
525 558 15.0
525 559 15.0
525 560 39.0
525 561 27.0
525 563 20.0
525 570 5.0
525 572 1.0
525 573 20.0
525 574 3.0
525 580 6.0
525 581 15.0
525 582 17.0
525 583 3.0
525 584 2.0
525 585 1.0
525 591 1.0
525 595 1.0
525 626 1.0
525 627 1.0
525 634 9.0
525 635 45.0
525 636 1.0
525 644 16.0
525 645 8.0
525 646 1.0
525 655 31.0
525 656 4.0
525 657 1.0
525 658 11.0
525 664 18.0
525 666 2.0
525 667 75.0
525 669 3.0
525 670 27.0
525 677 3.0
525 678 32.0
525 680 7.0
525 681 40.0
525 682 22.0
525 687 2.0
525 689 5.0
525 690 11.0
525 691 15.0
525 693 27.0
525 694 15.0
525 695 7.0
525 696 1.0
525 704 2.0
525 705 9.0
525 706 4.0
525 712 1.0
525 713 2.0
525 714 2.0
525 715 6.0
525 722 1.0
525 724 2.0
525 764 108.0
525 780 9.0
525 783 26.0
525 784 1.0
525 792 5.0
525 794 6.0
525 795 162.0
525 797 10.0
525 799 1.0
525 803 1.0
525 806 8.0
525 807 21.0
525 808 5.0
525 809 4.0
525 810 1.0
525 818 5.0
525 819 19.0
525 820 2.0
525 821 20.0
525 822 2.0
525 823 2.0
525 830 3.0
525 831 20.0
525 832 1.0
525 840 3.0
525 841 6.0
525 879 1.0
525 880 100.0
525 889 3.0
525 899 2.0
525 908 1.0
525 909 140.0
525 918 1.0
525 919 30.0
525 920 1.0
525 929 15.0
525 930 20.0
525 931 3.0
525 939 11.0
525 948 6.0
525 972 3.0
525 978 2.0
525 985 2.0
525 992 104.0
525 993 7.0
525 1001 7.0
525 1002 1.0
525 1011 10.0
525 1018 1.0
525 1026 5.0
525 1049 42.0
525 1055 29.0
525 1056 5.0
525 1062 3.0
525 1066 1.0
526 527 132.0
526 528 160.0
526 529 69.0
526 534 118.0
526 535 81.0
526 536 22.0
526 537 262.0
526 538 313.0
526 539 122.0
526 540 9.0
526 541 8.0
526 548 8.0
526 549 289.0
526 550 4.0
526 551 12.0
526 557 54.0
526 558 75.0
526 559 115.0
526 560 12.0
526 561 275.0
526 562 11.0
526 563 11.0
526 570 39.0
526 571 1.0
526 572 3.0
526 573 18.0
526 574 11.0
526 575 1.0
526 581 2.0
526 582 1.0
526 583 3.0
526 591 1.0
526 592 2.0
526 593 2.0
526 635 2.0
526 636 5.0
526 644 6.0
526 646 30.0
526 655 53.0
526 656 421.0
526 657 25.0
526 658 318.0
526 663 4.0
526 664 13.0
526 667 2.0
526 669 54.0
526 670 226.0
526 677 1.0
526 678 8.0
526 679 4.0
526 680 100.0
526 681 65.0
526 682 56.0
526 687 2.0
526 689 2.0
526 690 16.0
526 691 136.0
526 692 27.0
526 693 4.0
526 694 57.0
526 703 2.0
526 704 11.0
526 705 2.0
526 706 131.0
526 707 1.0
526 712 1.0
526 713 75.0
526 714 92.0
526 715 4.0
526 716 1.0
526 724 1.0
526 726 1.0
526 764 1.0
526 765 19.0
526 773 1.0
526 780 7.0
526 783 560.0
526 784 4.0
526 785 67.0
526 792 4.0
526 794 2.0
526 795 858.0
526 796 15.0
526 797 119.0
526 798 3.0
526 799 1.0
526 803 1.0
526 806 3.0
526 807 585.0
526 808 16.0
526 809 13.0
526 810 89.0
526 818 2.0
526 819 576.0
526 820 12.0
526 821 3.0
526 830 78.0
526 831 7.0
526 832 4.0
526 840 70.0
526 841 1.0
526 842 1.0
526 880 5.0
526 890 25.0
526 895 4.0
526 898 1.0
526 899 13.0
526 900 7.0
526 909 263.0
526 910 6.0
526 919 2.0
526 939 3.0
526 948 3.0
526 978 4.0
526 981 2.0
526 983 2.0
526 984 2.0
526 991 1.0
526 992 180.0
526 993 1.0
526 1001 1.0
526 1002 1.0
526 1026 2.0
526 1049 36.0
526 1055 1.0
527 528 432.0
527 534 3.0
527 535 9.0
527 536 8.0
527 537 471.0
527 538 294.0
527 539 2950.0
527 540 3.0
527 541 5.0
527 542 3.0
527 548 1.0
527 549 1019.0
527 550 28.0
527 551 408.0
527 552 4.0
527 557 1.0
527 558 5.0
527 559 33.0
527 560 2.0
527 561 970.0
527 562 14.0
527 563 174.0
527 564 4.0
527 569 2.0
527 570 36.0
527 571 5.0
527 572 3.0
527 573 155.0
527 574 64.0
527 576 4.0
527 580 44.0
527 581 73.0
527 582 72.0
527 583 49.0
527 584 63.0
527 585 24.0
527 590 1.0
527 591 13.0
527 592 26.0
527 593 6.0
527 594 9.0
527 595 7.0
527 602 11.0
527 603 5.0
527 610 7.0
527 627 1.0
527 629 1.0
527 630 1.0
527 634 21.0
527 635 27.0
527 636 788.0
527 644 25.0
527 645 17.0
527 646 1549.0
527 647 33.0
527 648 2.0
527 655 1.0
527 656 13.0
527 657 1890.0
527 658 133.0
527 659 42.0
527 664 1.0
527 669 2769.0
527 670 336.0
527 672 4.0
527 676 1.0
527 677 1.0
527 678 1.0
527 679 2.0
527 680 120.0
527 682 317.0
527 684 1.0
527 689 1.0
527 690 3.0
527 691 173.0
527 692 1.0
527 693 178.0
527 694 419.0
527 695 3.0
527 698 1.0
527 699 1.0
527 701 4.0
527 702 5.0
527 703 1.0
527 704 53.0
527 705 21.0
527 706 200.0
527 707 2.0
527 708 2.0
527 710 1.0
527 712 16.0
527 713 21.0
527 714 18.0
527 715 34.0
527 716 3.0
527 717 1.0
527 724 14.0
527 725 2.0
527 726 47.0
527 727 1.0
527 736 1.0
527 741 1.0
527 744 2.0
527 763 1.0
527 764 51.0
527 765 197.0
527 773 7.0
527 774 338.0
527 775 7.0
527 776 1.0
527 783 22.0
527 784 10.0
527 785 287.0
527 786 2.0
527 792 1.0
527 793 1.0
527 795 30.0
527 796 4.0
527 797 228.0
527 807 20.0
527 809 1.0
527 810 120.0
527 819 24.0
527 820 6.0
527 821 96.0
527 822 10.0
527 823 9.0
527 830 15.0
527 831 206.0
527 832 5.0
527 833 5.0
527 837 4.0
527 838 3.0
527 840 22.0
527 841 17.0
527 842 1.0
527 850 1.0
527 860 2.0
527 880 65.0
527 881 1.0
527 891 3.0
527 899 2.0
527 900 16.0
527 909 11.0
527 910 1.0
527 929 5.0
527 930 86.0
527 931 12.0
527 939 115.0
527 940 2.0
527 941 1.0
527 947 3.0
527 948 21.0
527 949 1.0
527 955 10.0
527 956 1.0
527 981 1.0
527 985 1.0
527 992 9.0
527 993 5.0
527 1011 41.0
527 1018 5.0
527 1019 2.0
527 1020 1.0
527 1026 16.0
527 1027 1.0
527 1033 1.0
527 1049 1.0
527 1062 14.0
527 1066 6.0
528 529 269.0
528 530 3.0
528 534 3.0
528 535 15.0
528 536 2.0
528 537 35.0
528 538 115.0
528 539 223.0
528 540 1.0
528 541 7.0
528 542 57.0
528 548 2.0
528 549 75.0
528 550 27.0
528 551 2.0
528 552 130.0
528 557 3.0
528 558 4.0
528 559 44.0
528 560 2.0
528 561 87.0
528 562 11.0
528 563 218.0
528 564 43.0
528 570 42.0
528 571 6.0
528 572 2.0
528 573 69.0
528 574 82.0
528 575 1.0
528 576 15.0
528 580 29.0
528 581 34.0
528 582 26.0
528 583 118.0
528 584 8.0
528 585 20.0
528 591 3.0
528 592 33.0
528 593 956.0
528 594 32.0
528 601 17.0
528 602 375.0
528 603 27.0
528 610 19.0
528 626 3.0
528 634 3.0
528 635 15.0
528 636 9.0
528 644 18.0
528 645 8.0
528 646 5.0
528 647 4.0
528 655 1.0
528 656 1.0
528 657 4.0
528 658 34.0
528 659 31.0
528 670 2845.0
528 671 1.0
528 672 173.0
528 677 1.0
528 678 2.0
528 680 75.0
528 681 2.0
528 682 2634.0
528 683 13.0
528 684 53.0
528 689 1.0
528 690 1.0
528 691 19.0
528 692 14.0
528 694 2158.0
528 695 2.0
528 701 2.0
528 702 5.0
528 704 50.0
528 706 35.0
528 707 1.0
528 711 1.0
528 712 6.0
528 713 21.0
528 714 27.0
528 715 1.0
528 716 10.0
528 717 1.0
528 721 1.0
528 723 1.0
528 724 1.0
528 726 4.0
528 727 5.0
528 735 2.0
528 745 6.0
528 751 94.0
528 752 16.0
528 763 1.0
528 764 16.0
528 766 1.0
528 769 1.0
528 772 6.0
528 773 9.0
528 775 3.0
528 797 2.0
528 809 1.0
528 810 37.0
528 811 6.0
528 812 2.0
528 822 1.0
528 823 1.0
528 830 12.0
528 832 2.0
528 837 1.0
528 840 25.0
528 847 1.0
528 851 2.0
528 880 15.0
528 881 1.0
528 921 3.0
528 972 1.0
529 530 3.0
529 535 2.0
529 536 2.0
529 537 13.0
529 538 49.0
529 539 22.0
529 548 1.0
529 549 14.0
529 557 2.0
529 558 2.0
529 559 12.0
529 560 1.0
529 561 15.0
529 563 1.0
529 564 1.0
529 570 10.0
529 583 1.0
529 636 1.0
529 680 30.0
529 681 1.0
529 682 8.0
529 690 1.0
529 691 5.0
529 692 8.0
529 713 5.0
529 714 9.0
529 763 1.0
529 797 1.0
529 840 1.0
530 540 1.0
531 532 15.0
531 533 39.0
531 534 11.0
531 546 9.0
531 558 3.0
531 559 5.0
531 569 6.0
531 570 5.0
531 631 39.0
531 641 9.0
531 662 40.0
531 663 50.0
531 664 13.0
531 675 9.0
531 676 8.0
531 688 11.0
531 697 1.0
531 698 4.0
531 699 4.0
531 700 2.0
531 710 3.0
531 721 2.0
531 724 2.0
531 769 1.0
531 779 1.0
531 780 18.0
531 791 3.0
531 792 1.0
531 802 1.0
531 803 3.0
531 804 20.0
531 805 1.0
531 816 3.0
531 895 1.0
531 907 2.0
531 914 8.0
531 916 1.0
532 533 449.0
532 534 3.0
532 535 4.0
532 536 3.0
532 543 1.0
532 545 1.0
532 546 4.0
532 548 6.0
532 558 1.0
532 559 2.0
532 560 5.0
532 569 2.0
532 570 2.0
532 631 365.0
532 640 22.0
532 641 185.0
532 651 4.0
532 652 13.0
532 662 6.0
532 663 162.0
532 664 1.0
532 676 2.0
532 697 1.0
532 698 1.0
532 699 1.0
532 721 1.0
532 769 2.0
532 779 1.0
532 780 3.0
532 781 8.0
532 790 3.0
532 791 119.0
532 792 7.0
532 793 36.0
532 802 1.0
532 803 1.0
532 804 1.0
532 895 55.0
532 896 2.0
532 906 19.0
532 974 3.0
532 981 111.0
533 534 27.0
533 535 17.0
533 536 2.0
533 543 1.0
533 545 14.0
533 546 38.0
533 548 10.0
533 558 7.0
533 559 8.0
533 560 13.0
533 569 18.0
533 570 8.0
533 589 1.0
533 598 1.0
533 631 1378.0
533 640 14.0
533 641 653.0
533 651 18.0
533 652 279.0
533 653 7.0
533 661 23.0
533 662 89.0
533 663 1020.0
533 664 135.0
533 675 5.0
533 676 12.0
533 677 8.0
533 678 8.0
533 679 7.0
533 680 1.0
533 686 2.0
533 687 6.0
533 688 33.0
533 689 1.0
533 690 1.0
533 697 3.0
533 698 10.0
533 699 13.0
533 700 25.0
533 710 7.0
533 721 5.0
533 724 3.0
533 753 4.0
533 769 73.0
533 770 1.0
533 780 117.0
533 781 47.0
533 790 4.0
533 791 719.0
533 792 606.0
533 793 114.0
533 794 50.0
533 801 1.0
533 802 33.0
533 803 35.0
533 804 21.0
533 805 11.0
533 815 4.0
533 816 22.0
533 827 4.0
533 877 1.0
533 886 7.0
533 893 4.0
533 895 567.0
533 896 12.0
533 903 5.0
533 906 47.0
533 907 3.0
533 913 3.0
533 916 3.0
533 924 4.0
533 935 6.0
533 944 1.0
533 945 3.0
533 952 1.0
533 969 2.0
533 974 17.0
533 980 1.0
533 981 687.0
533 989 2.0
533 998 2.0
533 1052 2.0
534 535 354.0
534 536 113.0
534 537 18.0
534 538 110.0
534 539 64.0
534 540 205.0
534 541 204.0
534 542 132.0
534 545 3.0
534 546 515.0
534 548 28.0
534 549 3.0
534 550 122.0
534 551 92.0
534 557 1.0
534 558 306.0
534 559 1618.0
534 560 136.0
534 561 30.0
534 562 2.0
534 563 316.0
534 567 1.0
534 568 9.0
534 569 1619.0
534 570 1789.0
534 571 1.0
534 572 3.0
534 573 239.0
534 577 7.0
534 578 8.0
534 579 6.0
534 580 25.0
534 581 60.0
534 582 60.0
534 583 2.0
534 588 12.0
534 589 19.0
534 590 24.0
534 591 1.0
534 599 4.0
534 600 4.0
534 607 1.0
534 631 14.0
534 636 1.0
534 641 14.0
534 646 1.0
534 653 2.0
534 654 7.0
534 657 1.0
534 658 1.0
534 661 15.0
534 662 121.0
534 663 359.0
534 664 1399.0
534 665 142.0
534 666 8.0
534 668 9.0
534 669 1.0
534 670 1.0
534 675 181.0
534 676 4478.0
534 677 261.0
534 678 177.0
534 679 62.0
534 680 176.0
534 681 9.0
534 682 3.0
534 683 2.0
534 684 4.0
534 687 82.0
534 688 56.0
534 689 17.0
534 690 165.0
534 691 28.0
534 692 35.0
534 694 1.0
534 697 14.0
534 698 195.0
534 699 74.0
534 700 71.0
534 701 6.0
534 702 13.0
534 703 1.0
534 704 43.0
534 710 327.0
534 711 75.0
534 712 73.0
534 713 24.0
534 714 35.0
534 715 16.0
534 716 2.0
534 721 620.0
534 722 6.0
534 723 61.0
534 724 895.0
534 730 15.0
534 731 34.0
534 732 106.0
534 733 1.0
534 741 70.0
534 742 1.0
534 769 7.0
534 770 16.0
534 771 3.0
534 778 2.0
534 779 136.0
534 780 441.0
534 781 142.0
534 782 1.0
534 790 217.0
534 791 326.0
534 792 1901.0
534 793 1525.0
534 794 133.0
534 795 2.0
534 802 15.0
534 803 338.0
534 804 1281.0
534 805 276.0
534 806 30.0
534 813 1.0
534 814 13.0
534 815 26.0
534 816 34.0
534 817 3.0
534 818 31.0
534 826 13.0
534 827 27.0
534 828 2.0
534 837 14.0
534 839 5.0
534 840 30.0
534 842 2.0
534 847 16.0
534 848 1.0
534 857 1.0
534 877 3.0
534 885 2.0
534 886 119.0
534 893 7.0
534 895 415.0
534 896 234.0
534 903 6.0
534 904 7.0
534 905 199.0
534 906 584.0
534 907 14.0
534 909 1.0
534 914 1.0
534 915 62.0
534 916 99.0
534 924 11.0
534 925 52.0
534 929 1.0
534 934 1.0
534 935 19.0
534 936 3.0
534 939 1.0
534 944 6.0
534 945 3.0
534 948 1.0
534 952 4.0
534 969 50.0
534 974 126.0
534 980 91.0
534 981 575.0
534 987 4.0
534 988 69.0
534 989 488.0
534 990 10.0
534 997 7.0
534 998 18.0
534 1005 10.0
534 1006 2.0
534 1013 11.0
534 1014 4.0
534 1022 1.0
534 1026 1.0
534 1045 57.0
534 1046 154.0
534 1051 1.0
534 1052 77.0
534 1063 2.0
535 536 1048.0
535 537 59.0
535 538 282.0
535 539 111.0
535 540 3.0
535 541 3.0
535 542 1.0
535 546 701.0
535 547 11.0
535 548 1215.0
535 549 20.0
535 550 53.0
535 551 19.0
535 557 4.0
535 558 352.0
535 559 15.0
535 560 1977.0
535 561 360.0
535 562 1.0
535 563 6.0
535 568 7.0
535 569 48.0
535 570 20.0
535 571 9.0
535 572 3.0
535 573 18.0
535 574 7.0
535 578 1.0
535 579 12.0
535 580 33.0
535 581 9.0
535 582 7.0
535 583 2.0
535 584 2.0
535 585 1.0
535 587 1.0
535 589 3.0
535 590 17.0
535 591 10.0
535 595 1.0
535 598 2.0
535 631 5.0
535 640 1.0
535 641 2.0
535 650 1.0
535 653 32.0
535 654 13.0
535 663 24.0
535 664 80.0
535 666 1.0
535 667 1.0
535 668 1.0
535 676 7.0
535 677 53.0
535 678 824.0
535 679 294.0
535 680 138.0
535 681 10.0
535 682 7.0
535 684 1.0
535 687 8.0
535 689 49.0
535 690 2149.0
535 691 355.0
535 692 15.0
535 693 10.0
535 695 5.0
535 696 1.0
535 697 11.0
535 698 21.0
535 699 130.0
535 700 231.0
535 701 51.0
535 702 140.0
535 703 4.0
535 704 16.0
535 705 4.0
535 710 7.0
535 712 202.0
535 713 19.0
535 714 21.0
535 715 6.0
535 716 3.0
535 717 2.0
535 721 5.0
535 722 17.0
535 723 8.0
535 724 1.0
535 727 2.0
535 731 3.0
535 732 19.0
535 733 4.0
535 741 18.0
535 769 7.0
535 771 1.0
535 780 48.0
535 781 1.0
535 783 2.0
535 791 22.0
535 792 4.0
535 793 1.0
535 794 4.0
535 795 2.0
535 797 2.0
535 803 39.0
535 804 3.0
535 805 12.0
535 806 61.0
535 809 2.0
535 814 79.0
535 815 18.0
535 818 1.0
535 819 1.0
535 820 2.0
535 821 6.0
535 827 121.0
535 828 28.0
535 830 2.0
535 831 9.0
535 837 5.0
535 838 30.0
535 839 57.0
535 840 1.0
535 841 3.0
535 847 2.0
535 848 4.0
535 857 3.0
535 864 1.0
535 886 1.0
535 895 17.0
535 905 1.0
535 909 2.0
535 915 1.0
535 916 3.0
535 919 1.0
535 923 4.0
535 925 2.0
535 929 1.0
535 930 5.0
535 935 32.0
535 939 4.0
535 944 1.0
535 945 10.0
535 948 1.0
535 953 11.0
535 981 9.0
535 988 1.0
535 992 2.0
535 993 1.0
535 998 2.0
535 1005 4.0
535 1011 3.0
535 1014 3.0
535 1018 1.0
535 1026 1.0
535 1030 1.0
535 1045 1.0
535 1052 2.0
536 537 34.0
536 538 212.0
536 539 10.0
536 547 4.0
536 548 2693.0
536 549 9.0
536 550 54.0
536 557 7.0
536 558 7.0
536 559 8.0
536 560 2425.0
536 561 275.0
536 562 11.0
536 570 7.0
536 571 4.0
536 572 1.0
536 573 17.0
536 574 2.0
536 580 12.0
536 581 2.0
536 582 2.0
536 591 5.0
536 622 1.0
536 631 6.0
536 636 1.0
536 640 1.0
536 641 6.0
536 646 2.0
536 653 34.0
536 657 2.0
536 658 1.0
536 663 15.0
536 664 64.0
536 668 1.0
536 669 3.0
536 676 3.0
536 677 1.0
536 678 741.0
536 679 362.0
536 680 317.0
536 681 1.0
536 682 1.0
536 687 12.0
536 689 104.0
536 690 210.0
536 691 18.0
536 692 8.0
536 694 1.0
536 699 1.0
536 700 1.0
536 701 1.0
536 702 5.0
536 703 2.0
536 704 14.0
536 712 1.0
536 713 23.0
536 714 27.0
536 715 4.0
536 726 1.0
536 727 2.0
536 765 2.0
536 780 51.0
536 782 3.0
536 785 2.0
536 792 6.0
536 794 6.0
536 797 2.0
536 803 17.0
536 804 4.0
536 805 2.0
536 806 9.0
536 818 6.0
536 820 2.0
536 828 1.0
536 830 1.0
536 895 8.0
536 916 3.0
536 981 5.0
536 998 2.0
536 1015 1.0
536 1052 2.0
536 1063 1.0
537 538 410.0
537 539 185.0
537 540 26.0
537 541 20.0
537 542 12.0
537 549 1149.0
537 550 13.0
537 551 11.0
537 557 4.0
537 558 5.0
537 559 25.0
537 560 7.0
537 561 580.0
537 562 27.0
537 563 63.0
537 570 15.0
537 571 8.0
537 573 114.0
537 580 5.0
537 581 70.0
537 582 52.0
537 583 5.0
537 584 3.0
537 585 2.0
537 591 1.0
537 592 5.0
537 593 4.0
537 596 1.0
537 634 12.0
537 635 3.0
537 636 19.0
537 644 15.0
537 646 178.0
537 655 7.0
537 656 113.0
537 657 265.0
537 658 1.0
537 663 1.0
537 664 1.0
537 669 302.0
537 670 19.0
537 678 2.0
537 679 3.0
537 680 2.0
537 681 2.0
537 682 29.0
537 690 30.0
537 691 8.0
537 692 1.0
537 693 6.0
537 694 15.0
537 701 4.0
537 702 1.0
537 703 2.0
537 704 2.0
537 705 6.0
537 712 20.0
537 713 3.0
537 714 1.0
537 715 5.0
537 716 1.0
537 723 1.0
537 724 3.0
537 725 1.0
537 726 3.0
537 764 11.0
537 765 27.0
537 774 44.0
537 783 42.0
537 785 31.0
537 795 49.0
537 797 18.0
537 806 1.0
537 807 41.0
537 808 1.0
537 819 41.0
537 820 4.0
537 821 4.0
537 830 24.0
537 831 2.0
537 833 1.0
537 837 3.0
537 838 1.0
537 839 1.0
537 840 15.0
537 842 1.0
537 853 1.0
537 880 11.0
537 895 1.0
537 909 4.0
537 919 1.0
537 925 1.0
537 929 1.0
537 930 4.0
537 944 2.0
537 947 1.0
537 948 1.0
537 972 2.0
537 981 1.0
537 989 1.0
537 992 4.0
537 1000 3.0
537 1010 1.0
537 1011 4.0
537 1026 1.0
537 1049 1.0
537 1054 3.0
538 539 535.0
538 540 8.0
538 541 2.0
538 542 5.0
538 547 5.0
538 548 5.0
538 549 495.0
538 550 3.0
538 551 19.0
538 558 1.0
538 559 108.0
538 560 28.0
538 561 974.0
538 562 5.0
538 563 36.0
538 570 101.0
538 571 6.0
538 573 137.0
538 574 4.0
538 580 10.0
538 581 121.0
538 582 111.0
538 583 4.0
538 584 19.0
538 585 4.0
538 591 2.0
538 592 3.0
538 610 1.0
538 631 2.0
538 634 2.0
538 636 2.0
538 644 3.0
538 646 107.0
538 655 17.0
538 657 112.0
538 659 2.0
538 663 4.0
538 664 1.0
538 667 3.0
538 669 117.0
538 670 23.0
538 677 19.0
538 678 18.0
538 679 12.0
538 680 248.0
538 681 10.0
538 682 38.0
538 683 3.0
538 689 40.0
538 690 99.0
538 691 305.0
538 692 30.0
538 693 13.0
538 694 21.0
538 695 6.0
538 696 4.0
538 701 13.0
538 702 3.0
538 703 1.0
538 704 23.0
538 705 12.0
538 706 1.0
538 712 56.0
538 713 177.0
538 714 201.0
538 715 5.0
538 716 4.0
538 717 2.0
538 722 3.0
538 723 2.0
538 724 7.0
538 726 16.0
538 733 1.0
538 764 1.0
538 774 2.0
538 783 62.0
538 794 1.0
538 795 98.0
538 797 2.0
538 804 1.0
538 806 12.0
538 807 13.0
538 808 2.0
538 809 1.0
538 810 1.0
538 819 13.0
538 820 11.0
538 821 9.0
538 829 1.0
538 831 6.0
538 833 1.0
538 836 1.0
538 837 4.0
538 838 3.0
538 839 6.0
538 840 34.0
538 841 1.0
538 842 2.0
538 853 1.0
538 880 1.0
538 895 5.0
538 909 74.0
538 919 2.0
538 925 6.0
538 929 1.0
538 930 8.0
538 944 7.0
538 947 1.0
538 948 3.0
538 955 1.0
538 981 3.0
538 988 1.0
538 989 3.0
538 992 57.0
538 993 1.0
538 1000 5.0
538 1002 1.0
538 1010 2.0
538 1011 6.0
538 1026 2.0
538 1049 6.0
538 1054 4.0
538 1062 1.0
539 540 712.0
539 541 392.0
539 542 481.0
539 546 2.0
539 547 5.0
539 548 1.0
539 549 122.0
539 551 2932.0
539 552 1.0
539 553 3.0
539 554 38.0
539 558 10.0
539 559 388.0
539 560 14.0
539 561 161.0
539 562 159.0
539 563 2449.0
539 569 3.0
539 570 379.0
539 571 60.0
539 572 13.0
539 573 1278.0
539 574 141.0
539 576 1.0
539 580 228.0
539 581 536.0
539 582 307.0
539 583 506.0
539 584 170.0
539 585 54.0
539 586 2.0
539 590 4.0
539 591 22.0
539 592 82.0
539 593 158.0
539 594 40.0
539 595 9.0
539 599 1.0
539 602 98.0
539 603 20.0
539 607 1.0
539 610 40.0
539 611 1.0
539 627 2.0
539 634 3.0
539 636 1155.0
539 644 96.0
539 645 180.0
539 646 2809.0
539 647 23.0
539 648 2.0
539 655 19.0
539 656 4.0
539 657 2483.0
539 658 165.0
539 659 39.0
539 662 2.0
539 664 17.0
539 667 7.0
539 668 1.0
539 669 4580.0
539 670 512.0
539 671 138.0
539 672 93.0
539 676 35.0
539 677 4.0
539 678 6.0
539 679 8.0
539 680 109.0
539 681 1416.0
539 682 2064.0
539 683 172.0
539 684 127.0
539 688 1.0
539 689 6.0
539 690 5.0
539 691 5.0
539 692 1.0
539 693 485.0
539 694 177.0
539 695 4.0
539 696 1.0
539 698 1.0
539 699 1.0
539 701 44.0
539 702 5.0
539 704 2.0
539 705 65.0
539 706 37.0
539 707 12.0
539 710 2.0
539 711 5.0
539 712 155.0
539 713 165.0
539 714 317.0
539 715 121.0
539 716 43.0
539 717 7.0
539 718 4.0
539 721 13.0
539 722 76.0
539 723 31.0
539 724 279.0
539 725 164.0
539 726 108.0
539 727 30.0
539 732 2.0
539 733 5.0
539 734 6.0
539 735 31.0
539 736 7.0
539 738 6.0
539 741 2.0
539 743 1.0
539 744 3.0
539 751 30.0
539 756 9.0
539 763 9.0
539 764 2.0
539 765 759.0
539 772 18.0
539 773 17.0
539 774 301.0
539 775 7.0
539 776 1.0
539 779 1.0
539 780 1.0
539 783 18.0
539 784 362.0
539 785 1493.0
539 790 1.0
539 791 2.0
539 792 31.0
539 793 15.0
539 794 1.0
539 795 60.0
539 796 35.0
539 797 1362.0
539 798 85.0
539 799 26.0
539 800 1.0
539 803 2.0
539 804 3.0
539 807 129.0
539 808 33.0
539 809 636.0
539 810 14.0
539 811 19.0
539 812 1.0
539 816 1.0
539 818 8.0
539 819 71.0
539 820 32.0
539 821 223.0
539 822 77.0
539 823 85.0
539 827 1.0
539 829 5.0
539 830 68.0
539 831 476.0
539 832 63.0
539 833 18.0
539 834 9.0
539 836 2.0
539 837 12.0
539 838 11.0
539 839 10.0
539 840 63.0
539 841 104.0
539 842 71.0
539 843 4.0
539 846 3.0
539 847 8.0
539 848 2.0
539 850 5.0
539 851 90.0
539 852 113.0
539 853 2.0
539 857 6.0
539 859 2.0
539 860 49.0
539 861 4.0
539 866 1.0
539 867 40.0
539 879 1.0
539 880 83.0
539 881 163.0
539 889 22.0
539 890 21.0
539 891 4.0
539 895 4.0
539 896 1.0
539 899 43.0
539 900 96.0
539 905 1.0
539 906 2.0
539 909 32.0
539 910 4.0
539 915 1.0
539 918 3.0
539 919 7.0
539 920 396.0
539 921 11.0
539 925 7.0
539 929 9.0
539 930 174.0
539 931 35.0
539 939 270.0
539 940 14.0
539 941 8.0
539 944 7.0
539 945 3.0
539 947 5.0
539 948 95.0
539 949 20.0
539 952 1.0
539 955 54.0
539 956 33.0
539 962 56.0
539 963 207.0
539 968 2.0
539 981 10.0
539 985 3.0
539 988 1.0
539 989 3.0
539 992 20.0
539 993 39.0
539 1001 1.0
539 1002 122.0
539 1006 1.0
539 1011 46.0
539 1014 1.0
539 1018 24.0
539 1019 16.0
539 1020 3.0
539 1026 65.0
539 1027 11.0
539 1032 1.0
539 1033 31.0
539 1049 5.0
539 1062 15.0
539 1066 10.0
540 541 10800.0
540 542 7049.0
540 545 1.0
540 546 8.0
540 547 11.0
540 548 4.0
540 549 12.0
540 551 2628.0
540 552 19.0
540 553 12.0
540 554 24.0
540 557 1.0
540 558 34.0
540 559 833.0
540 560 10.0
540 561 11.0
540 562 261.0
540 563 7264.0
540 565 1.0
540 569 5.0
540 570 1211.0
540 571 196.0
540 572 5.0
540 573 4500.0
540 574 2863.0
540 575 1.0
540 576 15.0
540 579 2.0
540 580 879.0
540 581 997.0
540 582 955.0
540 583 2867.0
540 584 1150.0
540 585 107.0
540 586 3.0
540 589 2.0
540 590 146.0
540 591 220.0
540 592 652.0
540 593 2386.0
540 594 296.0
540 595 16.0
540 599 8.0
540 601 8.0
540 602 979.0
540 603 186.0
540 604 2.0
540 609 4.0
540 610 102.0
540 611 15.0
540 613 1.0
540 614 1.0
540 634 1.0
540 645 1.0
540 646 2.0
540 655 5.0
540 656 7.0
540 657 7.0
540 662 5.0
540 663 14.0
540 664 80.0
540 666 2.0
540 667 1.0
540 669 8.0
540 670 21.0
540 671 12.0
540 672 3.0
540 675 9.0
540 676 130.0
540 677 1.0
540 678 1.0
540 679 1.0
540 680 12.0
540 681 13.0
540 682 758.0
540 683 117.0
540 684 1004.0
540 688 1.0
540 689 1.0
540 693 46.0
540 694 4.0
540 699 1.0
540 701 31.0
540 702 2.0
540 703 1.0
540 706 6.0
540 707 3.0
540 711 28.0
540 712 139.0
540 713 190.0
540 714 452.0
540 715 170.0
540 716 31.0
540 717 10.0
540 721 41.0
540 722 271.0
540 723 30.0
540 724 552.0
540 725 22.0
540 726 187.0
540 727 36.0
540 728 4.0
540 731 1.0
540 732 2.0
540 733 3.0
540 734 7.0
540 735 84.0
540 736 12.0
540 738 1.0
540 741 2.0
540 744 30.0
540 745 182.0
540 750 32.0
540 751 802.0
540 752 8.0
540 764 1.0
540 765 1.0
540 770 1.0
540 779 1.0
540 780 7.0
540 781 4.0
540 783 13.0
540 784 6.0
540 785 2.0
540 790 1.0
540 791 7.0
540 792 126.0
540 793 51.0
540 795 13.0
540 796 9.0
540 797 8.0
540 799 1.0
540 802 1.0
540 803 9.0
540 804 6.0
540 807 15.0
540 808 6.0
540 809 19.0
540 818 5.0
540 819 13.0
540 821 1.0
540 823 1.0
540 829 5.0
540 830 4.0
540 831 38.0
540 834 1.0
540 836 3.0
540 837 13.0
540 838 7.0
540 839 5.0
540 840 12.0
540 841 31.0
540 842 63.0
540 843 4.0
540 846 9.0
540 847 72.0
540 848 3.0
540 850 2.0
540 851 3.0
540 852 4.0
540 857 32.0
540 860 7.0
540 867 64.0
540 880 2.0
540 889 2.0
540 895 16.0
540 896 5.0
540 899 1.0
540 905 9.0
540 906 12.0
540 909 1.0
540 915 3.0
540 919 2.0
540 925 3.0
540 935 1.0
540 939 16.0
540 945 2.0
540 947 1.0
540 948 4.0
540 949 21.0
540 953 1.0
540 956 4.0
540 963 3.0
540 968 1.0
540 972 1.0
540 980 5.0
540 981 25.0
540 988 2.0
540 993 2.0
540 1002 3.0
540 1005 2.0
540 1013 2.0
540 1018 5.0
540 1019 2.0
540 1026 3.0
540 1033 3.0
540 1045 3.0
540 1052 1.0
540 1062 1.0
541 542 12523.0
541 545 1.0
541 546 9.0
541 547 17.0
541 548 4.0
541 549 9.0
541 551 3472.0
541 552 4.0
541 553 35.0
541 554 60.0
541 557 3.0
541 558 68.0
541 559 1144.0
541 560 10.0
541 561 5.0
541 562 260.0
541 563 10443.0
541 564 23.0
541 565 1.0
541 569 9.0
541 570 1657.0
541 571 170.0
541 572 24.0
541 573 5935.0
541 574 3910.0
541 576 45.0
541 579 3.0
541 580 1728.0
541 581 1776.0
541 582 1890.0
541 583 4925.0
541 584 1422.0
541 585 87.0
541 586 2.0
541 589 3.0
541 590 225.0
541 591 284.0
541 592 964.0
541 593 2831.0
541 594 475.0
541 595 17.0
541 599 17.0
541 600 2.0
541 601 14.0
541 602 1046.0
541 603 336.0
541 604 2.0
541 607 1.0
541 610 127.0
541 611 20.0
541 613 1.0
541 614 1.0
541 634 1.0
541 645 1.0
541 655 1.0
541 656 7.0
541 657 5.0
541 659 3.0
541 662 5.0
541 663 14.0
541 664 80.0
541 669 2.0
541 670 5.0
541 671 17.0
541 675 9.0
541 676 130.0
541 678 2.0
541 679 1.0
541 681 9.0
541 682 727.0
541 683 62.0
541 684 1152.0
541 688 3.0
541 689 1.0
541 690 1.0
541 693 8.0
541 694 2.0
541 696 1.0
541 699 1.0
541 701 45.0
541 702 1.0
541 703 1.0
541 704 2.0
541 705 1.0
541 706 2.0
541 707 2.0
541 710 2.0
541 711 38.0
541 712 220.0
541 713 286.0
541 714 458.0
541 715 171.0
541 716 18.0
541 717 3.0
541 721 44.0
541 722 273.0
541 723 84.0
541 724 572.0
541 725 21.0
541 726 227.0
541 727 51.0
541 728 4.0
541 731 1.0
541 732 15.0
541 733 4.0
541 734 11.0
541 735 84.0
541 736 15.0
541 738 1.0
541 741 12.0
541 744 30.0
541 745 254.0
541 750 37.0
541 751 1053.0
541 752 12.0
541 764 1.0
541 770 1.0
541 779 1.0
541 780 7.0
541 781 4.0
541 783 7.0
541 784 6.0
541 790 1.0
541 791 7.0
541 792 126.0
541 793 51.0
541 795 7.0
541 796 6.0
541 797 2.0
541 799 1.0
541 802 1.0
541 803 9.0
541 804 6.0
541 806 1.0
541 807 11.0
541 808 3.0
541 809 9.0
541 810 1.0
541 811 3.0
541 816 1.0
541 818 56.0
541 819 11.0
541 822 1.0
541 823 1.0
541 829 56.0
541 830 5.0
541 831 3.0
541 832 1.0
541 836 12.0
541 837 29.0
541 838 25.0
541 839 56.0
541 840 13.0
541 841 30.0
541 842 63.0
541 843 4.0
541 846 10.0
541 847 41.0
541 848 3.0
541 850 2.0
541 851 3.0
541 852 3.0
541 853 1.0
541 857 24.0
541 860 5.0
541 867 64.0
541 880 1.0
541 889 2.0
541 895 16.0
541 896 5.0
541 899 1.0
541 905 9.0
541 906 12.0
541 915 3.0
541 921 2.0
541 925 3.0
541 935 1.0
541 939 1.0
541 945 2.0
541 947 1.0
541 948 2.0
541 949 21.0
541 953 1.0
541 956 3.0
541 963 3.0
541 968 1.0
541 972 1.0
541 980 5.0
541 981 25.0
541 988 2.0
541 1005 2.0
541 1013 2.0
541 1018 2.0
541 1026 1.0
541 1033 3.0
541 1045 3.0
541 1052 1.0
542 546 3.0
542 547 11.0
542 548 4.0
542 549 5.0
542 551 3102.0
542 552 8.0
542 553 10.0
542 554 1.0
542 557 2.0
542 558 40.0
542 559 818.0
542 560 9.0
542 561 3.0
542 562 274.0
542 563 6752.0
542 564 28.0
542 565 2.0
542 569 5.0
542 570 1030.0
542 571 150.0
542 572 30.0
542 573 3268.0
542 574 3000.0
542 575 2.0
542 576 60.0
542 579 1.0
542 580 1062.0
542 581 1002.0
542 582 1069.0
542 583 3119.0
542 584 910.0
542 585 47.0
542 586 2.0
542 589 1.0
542 590 92.0
542 591 95.0
542 592 567.0
542 593 2723.0
542 594 312.0
542 595 12.0
542 599 11.0
542 600 2.0
542 601 20.0
542 602 1261.0
542 603 243.0
542 604 2.0
542 607 1.0
542 609 22.0
542 610 144.0
542 611 13.0
542 634 1.0
542 645 1.0
542 655 2.0
542 656 1.0
542 657 2.0
542 659 6.0
542 662 4.0
542 663 11.0
542 664 51.0
542 669 1.0
542 670 10.0
542 671 1.0
542 675 8.0
542 676 84.0
542 678 3.0
542 679 1.0
542 681 6.0
542 682 658.0
542 683 2.0
542 684 100.0
542 688 2.0
542 690 1.0
542 693 43.0
542 694 6.0
542 696 3.0
542 699 1.0
542 701 25.0
542 702 2.0
542 703 1.0
542 704 2.0
542 705 1.0
542 706 2.0
542 707 2.0
542 710 2.0
542 711 38.0
542 712 150.0
542 713 232.0
542 714 353.0
542 715 151.0
542 716 22.0
542 717 4.0
542 721 29.0
542 722 169.0
542 723 71.0
542 724 326.0
542 725 18.0
542 726 167.0
542 727 53.0
542 728 4.0
542 732 13.0
542 733 4.0
542 734 9.0
542 735 41.0
542 736 11.0
542 741 10.0
542 744 13.0
542 745 178.0
542 750 29.0
542 751 826.0
542 752 17.0
542 779 1.0
542 780 5.0
542 781 2.0
542 783 4.0
542 784 2.0
542 790 1.0
542 791 6.0
542 792 80.0
542 793 31.0
542 795 4.0
542 796 2.0
542 797 2.0
542 803 5.0
542 804 2.0
542 806 1.0
542 807 5.0
542 808 1.0
542 809 7.0
542 810 1.0
542 811 3.0
542 816 1.0
542 818 53.0
542 819 5.0
542 821 1.0
542 829 53.0
542 830 2.0
542 831 38.0
542 836 9.0
542 837 27.0
542 838 23.0
542 839 53.0
542 840 7.0
542 841 31.0
542 842 63.0
542 843 4.0
542 846 9.0
542 847 39.0
542 848 3.0
542 850 2.0
542 851 4.0
542 852 4.0
542 853 1.0
542 857 19.0
542 860 6.0
542 867 32.0
542 895 10.0
542 896 4.0
542 905 5.0
542 906 6.0
542 915 2.0
542 921 2.0
542 925 2.0
542 939 16.0
542 945 2.0
542 947 1.0
542 948 3.0
542 949 21.0
542 953 1.0
542 956 4.0
542 963 3.0
542 968 1.0
542 980 3.0
542 981 17.0
542 988 1.0
542 993 1.0
542 1005 2.0
542 1013 2.0
542 1018 5.0
542 1019 2.0
542 1026 2.0
542 1033 3.0
542 1045 2.0
542 1052 1.0
542 1062 1.0
543 545 1.0
543 790 1.0
543 791 1.0
545 546 7.0
545 559 1.0
545 563 1.0
545 569 3.0
545 570 3.0
545 573 2.0
545 580 1.0
545 581 1.0
545 582 1.0
545 583 1.0
545 631 14.0
545 640 1.0
545 663 3.0
545 664 1.0
545 688 5.0
545 692 1.0
545 699 1.0
545 721 2.0
545 769 2.0
545 790 3.0
545 791 8.0
545 792 2.0
545 803 1.0
545 804 1.0
545 805 1.0
545 816 24.0
545 895 2.0
545 906 1.0
545 915 3.0
545 924 8.0
545 936 1.0
545 981 2.0
545 997 3.0
545 1015 1.0
545 1063 1.0
546 550 1.0
546 551 7.0
546 555 8.0
546 557 1.0
546 558 715.0
546 559 622.0
546 560 3.0
546 562 1.0
546 563 13.0
546 568 5.0
546 569 313.0
546 570 583.0
546 573 12.0
546 577 8.0
546 578 9.0
546 579 16.0
546 580 260.0
546 581 7.0
546 582 5.0
546 583 5.0
546 587 1.0
546 589 3.0
546 590 219.0
546 591 21.0
546 598 2.0
546 599 10.0
546 600 22.0
546 607 3.0
546 661 25.0
546 662 184.0
546 663 380.0
546 664 78.0
546 665 7.0
546 675 156.0
546 676 1432.0
546 677 45.0
546 678 1.0
546 687 44.0
546 688 2249.0
546 689 21.0
546 690 592.0
546 691 64.0
546 692 2.0
546 697 43.0
546 698 96.0
546 699 53.0
546 700 276.0
546 701 360.0
546 702 28.0
546 704 1.0
546 710 44.0
546 711 14.0
546 712 749.0
546 713 32.0
546 714 15.0
546 715 5.0
546 721 108.0
546 722 80.0
546 723 49.0
546 724 116.0
546 730 1.0
546 731 11.0
546 732 98.0
546 733 16.0
546 741 165.0
546 742 7.0
546 748 2.0
546 770 1.0
546 780 34.0
546 781 6.0
546 790 55.0
546 791 243.0
546 792 91.0
546 793 4.0
546 794 2.0
546 802 3.0
546 803 61.0
546 804 1083.0
546 805 140.0
546 813 1.0
546 814 34.0
546 815 6.0
546 816 1613.0
546 817 3.0
546 827 176.0
546 828 363.0
546 836 1.0
546 837 17.0
546 838 68.0
546 839 75.0
546 846 3.0
546 847 6.0
546 848 9.0
546 849 2.0
546 857 5.0
546 864 1.0
546 886 3.0
546 893 4.0
546 895 7.0
546 896 21.0
546 903 2.0
546 904 3.0
546 905 4.0
546 906 58.0
546 907 7.0
546 913 58.0
546 914 129.0
546 915 349.0
546 916 31.0
546 923 4.0
546 924 222.0
546 925 598.0
546 926 27.0
546 927 3.0
546 935 38.0
546 936 45.0
546 944 2.0
546 945 24.0
546 952 1.0
546 953 29.0
546 960 2.0
546 969 1.0
546 974 2.0
546 980 1.0
546 981 28.0
546 989 4.0
546 990 1.0
546 995 2.0
546 996 1.0
546 997 157.0
546 998 36.0
546 999 1.0
546 1005 6.0
546 1006 52.0
546 1007 122.0
546 1013 50.0
546 1014 8.0
546 1015 85.0
546 1024 2.0
546 1030 6.0
546 1046 1.0
546 1051 14.0
546 1052 11.0
546 1057 30.0
546 1058 10.0
546 1063 186.0
546 1064 1.0
547 548 1.0
547 550 163.0
547 551 43.0
547 558 2.0
547 559 40.0
547 560 23.0
547 561 10.0
547 562 141.0
547 563 10.0
547 567 1.0
547 568 8.0
547 569 4.0
547 570 21.0
547 571 18.0
547 572 6.0
547 573 20.0
547 579 31.0
547 580 147.0
547 581 10.0
547 582 7.0
547 583 20.0
547 589 29.0
547 590 17.0
547 598 1.0
547 600 1.0
547 664 1.0
547 677 6.0
547 678 90.0
547 679 79.0
547 680 11.0
547 682 1.0
547 684 2.0
547 689 2246.0
547 690 3.0
547 691 3.0
547 692 65.0
547 697 1.0
547 698 1.0
547 700 2.0
547 701 883.0
547 702 203.0
547 703 405.0
547 704 334.0
547 709 4.0
547 712 250.0
547 713 71.0
547 714 22.0
547 715 322.0
547 721 2.0
547 722 34.0
547 723 8.0
547 724 5.0
547 731 1.0
547 732 6.0
547 741 9.0
547 742 1.0
547 769 3.0
547 794 5.0
547 805 12.0
547 806 4.0
547 817 1186.0
547 818 41.0
547 826 2.0
547 827 1.0
547 828 17.0
547 829 74.0
547 836 11.0
547 837 11.0
547 838 100.0
547 839 1.0
547 840 6.0
547 842 3.0
547 846 1.0
547 847 4.0
547 848 51.0
547 916 4.0
547 917 1.0
547 925 4.0
547 926 1147.0
547 935 3.0
547 936 1.0
547 944 14.0
547 945 24.0
547 953 5.0
547 960 3.0
547 995 1.0
547 996 1.0
547 997 1.0
547 998 219.0
547 999 1.0
547 1005 3.0
547 1006 99.0
547 1007 1012.0
547 1013 8.0
547 1014 1.0
547 1015 77.0
547 1022 14.0
547 1024 1.0
547 1052 85.0
547 1057 8.0
547 1058 88.0
547 1063 36.0
548 549 1.0
548 550 1.0
548 551 3.0
548 557 7.0
548 558 7.0
548 559 8.0
548 560 3944.0
548 561 26.0
548 562 19.0
548 569 3.0
548 570 1.0
548 571 22.0
548 573 40.0
548 574 2.0
548 580 5.0
548 581 1.0
548 582 1.0
548 591 3.0
548 621 1.0
548 622 2.0
548 629 3.0
548 630 24.0
548 631 4.0
548 634 1.0
548 640 5.0
548 641 1.0
548 644 5.0
548 646 1.0
548 653 51.0
548 655 2.0
548 656 2.0
548 663 3.0
548 664 57.0
548 666 1.0
548 668 1.0
548 669 1.0
548 676 1.0
548 678 244.0
548 679 1.0
548 680 6.0
548 682 3.0
548 684 1.0
548 687 7.0
548 689 1.0
548 690 1.0
548 697 1.0
548 698 3.0
548 699 1.0
548 700 1.0
548 702 1.0
548 703 1.0
548 704 17.0
548 710 3.0
548 713 2.0
548 714 2.0
548 715 6.0
548 725 1.0
548 727 1.0
548 754 1.0
548 763 3.0
548 780 33.0
548 782 2.0
548 783 4.0
548 791 1.0
548 792 3.0
548 795 6.0
548 803 6.0
548 807 1.0
548 819 1.0
548 820 2.0
548 828 1.0
548 830 1.0
548 851 1.0
548 873 1.0
548 895 1.0
548 909 3.0
548 963 1.0
548 992 3.0
548 1015 1.0
548 1049 1.0
548 1063 1.0
549 550 5.0
549 551 7.0
549 557 10.0
549 558 15.0
549 559 30.0
549 560 2.0
549 561 2085.0
549 562 9.0
549 563 24.0
549 569 11.0
549 570 3.0
549 571 3.0
549 573 34.0
549 574 3.0
549 578 1.0
549 579 1.0
549 580 23.0
549 581 5.0
549 582 3.0
549 583 5.0
549 584 11.0
549 585 4.0
549 590 1.0
549 591 10.0
549 592 2.0
549 593 1.0
549 596 1.0
549 610 6.0
549 634 29.0
549 635 2.0
549 636 23.0
549 644 38.0
549 645 1.0
549 646 236.0
549 655 9.0
549 656 130.0
549 657 378.0
549 669 427.0
549 670 55.0
549 672 1.0
549 677 1.0
549 678 24.0
549 679 24.0
549 680 2.0
549 681 2.0
549 682 44.0
549 683 1.0
549 684 1.0
549 689 5.0
549 691 28.0
549 692 1.0
549 693 3.0
549 694 42.0
549 704 2.0
549 705 1.0
549 706 4.0
549 713 2.0
549 714 1.0
549 715 12.0
549 716 1.0
549 722 9.0
549 725 2.0
549 726 18.0
549 732 7.0
549 763 2.0
549 764 15.0
549 765 26.0
549 773 1.0
549 774 75.0
549 783 49.0
549 785 32.0
549 795 53.0
549 797 16.0
549 807 46.0
549 810 3.0
549 819 45.0
549 830 19.0
549 840 12.0
549 842 1.0
549 852 1.0
549 857 1.0
549 880 15.0
549 898 1.0
549 909 5.0
549 972 3.0
549 992 4.0
550 551 2.0
550 558 1.0
550 559 123.0
550 560 17.0
550 561 196.0
550 562 269.0
550 563 12.0
550 570 13.0
550 572 1.0
550 573 1.0
550 574 19.0
550 581 4.0
550 582 2.0
550 583 1.0
550 584 12.0
550 591 1.0
550 594 5.0
550 603 1.0
550 610 1.0
550 636 1.0
550 646 1.0
550 653 2.0
550 656 1.0
550 657 1.0
550 664 2.0
550 669 1.0
550 670 26.0
550 676 1.0
550 677 23.0
550 678 56.0
550 679 29.0
550 680 29.0
550 682 21.0
550 688 1.0
550 689 29.0
550 690 38.0
550 691 5.0
550 692 12.0
550 693 2.0
550 694 27.0
550 701 53.0
550 702 87.0
550 703 247.0
550 704 369.0
550 706 20.0
550 712 5.0
550 713 166.0
550 714 72.0
550 715 22.0
550 716 9.0
550 717 1.0
550 726 8.0
550 727 1.0
550 765 1.0
550 785 1.0
550 786 5.0
550 797 1.0
550 798 8.0
550 803 2.0
550 804 1.0
550 805 1.0
550 810 16.0
550 816 1.0
550 821 2.0
550 822 14.0
550 823 3.0
550 830 20.0
550 831 16.0
550 832 4.0
550 840 64.0
550 841 6.0
550 842 7.0
550 891 6.0
550 901 8.0
550 916 1.0
550 931 1.0
550 947 1.0
550 948 3.0
550 1026 3.0
551 552 21.0
551 553 3.0
551 554 12.0
551 557 3.0
551 558 42.0
551 559 1565.0
551 560 14.0
551 561 5.0
551 562 498.0
551 563 5952.0
551 569 12.0
551 570 1582.0
551 571 155.0
551 572 85.0
551 573 3008.0
551 574 2397.0
551 576 1.0
551 579 1.0
551 580 1030.0
551 581 719.0
551 582 650.0
551 583 1737.0
551 584 879.0
551 585 8.0
551 588 1.0
551 590 46.0
551 591 167.0
551 592 331.0
551 593 1922.0
551 594 153.0
551 595 14.0
551 597 2.0
551 598 5.0
551 599 29.0
551 601 2.0
551 602 793.0
551 603 110.0
551 604 1.0
551 606 4.0
551 607 4.0
551 610 85.0
551 611 9.0
551 613 1.0
551 614 1.0
551 636 65.0
551 645 1.0
551 646 120.0
551 652 2.0
551 655 3.0
551 656 7.0
551 657 65.0
551 659 1.0
551 662 4.0
551 663 1.0
551 664 32.0
551 666 3.0
551 667 3.0
551 669 356.0
551 670 3.0
551 672 4.0
551 676 58.0
551 677 1.0
551 678 2.0
551 680 33.0
551 681 292.0
551 682 1924.0
551 683 53.0
551 684 65.0
551 688 2.0
551 689 14.0
551 691 2.0
551 692 51.0
551 693 4131.0
551 694 91.0
551 695 4.0
551 698 4.0
551 699 1.0
551 701 119.0
551 702 111.0
551 703 1.0
551 704 427.0
551 705 233.0
551 706 86.0
551 707 14.0
551 708 1.0
551 710 6.0
551 711 14.0
551 712 123.0
551 713 535.0
551 714 691.0
551 715 885.0
551 716 65.0
551 717 9.0
551 718 4.0
551 721 56.0
551 722 129.0
551 723 58.0
551 724 341.0
551 725 602.0
551 726 204.0
551 727 126.0
551 728 8.0
551 732 5.0
551 733 13.0
551 734 10.0
551 735 204.0
551 736 12.0
551 738 54.0
551 741 7.0
551 743 1.0
551 744 67.0
551 745 118.0
551 750 35.0
551 751 717.0
551 752 3.0
551 764 1.0
551 765 7.0
551 769 6.0
551 773 1.0
551 779 1.0
551 780 1.0
551 783 1.0
551 784 28.0
551 785 49.0
551 790 1.0
551 791 3.0
551 792 53.0
551 793 25.0
551 794 1.0
551 795 1.0
551 796 13.0
551 797 89.0
551 798 3.0
551 803 8.0
551 804 2.0
551 806 1.0
551 807 22.0
551 808 11.0
551 809 167.0
551 810 8.0
551 811 3.0
551 816 1.0
551 817 3.0
551 818 16.0
551 819 113.0
551 820 1043.0
551 821 1828.0
551 822 349.0
551 823 293.0
551 824 26.0
551 829 15.0
551 830 39.0
551 831 1279.0
551 832 227.0
551 833 25.0
551 834 43.0
551 836 3.0
551 837 8.0
551 838 11.0
551 839 1.0
551 840 19.0
551 841 260.0
551 842 296.0
551 843 5.0
551 846 5.0
551 847 19.0
551 848 4.0
551 850 8.0
551 851 475.0
551 852 318.0
551 853 14.0
551 857 12.0
551 859 2.0
551 860 226.0
551 861 7.0
551 866 1.0
551 867 222.0
551 880 1.0
551 889 1.0
551 890 2.0
551 891 1.0
551 895 8.0
551 896 3.0
551 899 1.0
551 900 12.0
551 905 3.0
551 906 4.0
551 908 3.0
551 910 16.0
551 915 3.0
551 920 202.0
551 921 2.0
551 924 1.0
551 925 5.0
551 928 3.0
551 929 825.0
551 930 1412.0
551 931 149.0
551 938 6.0
551 939 1346.0
551 940 73.0
551 941 20.0
551 944 4.0
551 945 2.0
551 947 14.0
551 948 210.0
551 949 73.0
551 952 1.0
551 953 1.0
551 955 101.0
551 956 193.0
551 962 172.0
551 963 666.0
551 968 19.0
551 978 1.0
551 980 1.0
551 981 17.0
551 985 1.0
551 988 1.0
551 989 4.0
551 993 17.0
551 998 2.0
551 1000 9.0
551 1002 563.0
551 1003 6.0
551 1006 1.0
551 1009 8.0
551 1010 4.0
551 1011 1073.0
551 1012 22.0
551 1014 1.0
551 1018 144.0
551 1019 225.0
551 1020 128.0
551 1026 195.0
551 1027 20.0
551 1032 1.0
551 1033 48.0
551 1045 1.0
551 1049 1.0
551 1052 2.0
551 1054 3.0
551 1055 7.0
551 1056 1.0
551 1060 2.0
551 1061 30.0
551 1062 329.0
551 1065 3.0
551 1066 270.0
551 1068 4.0
552 553 1.0
552 554 1.0
552 559 1.0
552 563 10.0
552 570 1.0
552 573 1.0
552 574 61.0
552 576 10.0
552 580 1.0
552 583 19.0
552 584 41.0
552 585 1.0
552 592 1.0
552 593 50.0
552 594 12.0
552 595 8.0
552 601 2.0
552 602 17.0
552 603 8.0
552 610 1.0
552 644 1.0
552 646 1.0
552 657 1.0
552 658 1.0
552 669 4.0
552 670 134.0
552 671 1.0
552 681 2.0
552 682 135.0
552 693 6.0
552 694 4.0
552 705 1.0
552 706 1.0
552 715 1.0
552 725 1.0
552 726 5.0
552 727 1.0
552 736 1.0
552 738 1.0
552 764 1.0
552 807 1.0
552 809 1.0
552 820 4.0
552 821 8.0
552 831 5.0
552 841 1.0
552 852 2.0
552 880 1.0
552 929 1.0
552 930 2.0
552 939 4.0
552 948 1.0
552 1002 1.0
552 1033 1.0
553 554 6.0
553 574 1.0
553 584 6.0
553 585 1.0
553 669 1.0
553 682 2.0
553 694 1.0
553 695 1.0
553 705 2.0
553 726 6.0
553 831 1.0
553 841 1.0
553 948 1.0
554 563 1.0
554 574 4.0
554 584 3.0
554 585 1.0
554 681 3.0
554 682 24.0
554 693 1.0
554 726 1.0
554 809 3.0
554 822 1.0
554 823 1.0
554 832 1.0
555 556 21.0
555 558 8.0
555 568 17.0
555 569 16.0
555 664 1.0
555 676 6.0
555 686 13.0
555 687 2.0
555 688 5.0
555 698 24.0
555 699 6.0
555 710 2.0
555 721 3.0
555 722 1.0
555 731 3.0
555 732 13.0
555 741 7.0
555 792 2.0
555 794 1.0
555 802 13.0
555 804 2.0
555 814 18.0
555 815 2.0
555 816 19.0
555 827 2.0
555 857 1.0
555 936 1.0
555 1015 2.0
555 1063 2.0
556 557 7.0
556 567 3.0
556 568 270.0
556 569 200.0
556 579 42.0
556 588 3.0
556 589 4.0
556 598 7.0
556 631 1.0
556 641 1.0
556 652 1.0
556 653 1.0
556 664 15.0
556 665 1.0
556 674 2.0
556 686 58.0
556 687 13.0
556 697 17.0
556 698 47.0
556 699 72.0
556 710 29.0
556 711 4.0
556 721 29.0
556 722 10.0
556 731 74.0
556 732 212.0
556 741 112.0
556 780 1.0
556 791 2.0
556 792 30.0
556 793 1.0
556 794 14.0
556 802 33.0
556 803 6.0
556 804 25.0
556 814 38.0
556 815 10.0
556 816 35.0
556 827 3.0
556 857 3.0
556 904 1.0
556 936 1.0
556 952 1.0
556 981 1.0
557 558 677.0
557 559 632.0
557 562 2.0
557 563 1.0
557 568 2.0
557 569 16.0
557 570 11.0
557 573 6.0
557 580 35.0
557 581 3.0
557 582 3.0
557 583 1.0
557 590 32.0
557 599 26.0
557 607 4.0
557 620 1.0
557 631 4.0
557 635 1.0
557 641 8.0
557 652 3.0
557 656 2.0
557 663 4.0
557 664 5.0
557 670 1.0
557 676 2.0
557 682 1.0
557 685 1.0
557 687 4.0
557 690 4.0
557 691 1.0
557 694 1.0
557 697 38.0
557 698 52.0
557 699 53.0
557 700 2.0
557 710 14.0
557 711 40.0
557 712 1.0
557 713 1.0
557 714 1.0
557 715 1.0
557 724 1.0
557 732 3.0
557 741 2.0
557 748 1.0
557 753 3.0
557 764 2.0
557 769 2.0
557 770 1.0
557 780 13.0
557 791 19.0
557 792 5.0
557 793 2.0
557 795 1.0
557 803 16.0
557 804 30.0
557 807 1.0
557 810 1.0
557 815 13.0
557 816 1.0
557 819 1.0
557 827 1.0
557 836 5.0
557 837 5.0
557 880 2.0
557 895 1.0
557 896 2.0
557 952 21.0
557 981 2.0
558 559 1333.0
558 560 1.0
558 562 15.0
558 563 68.0
558 567 2.0
558 568 26.0
558 569 136.0
558 570 292.0
558 571 16.0
558 572 1.0
558 573 87.0
558 578 3.0
558 579 36.0
558 580 1256.0
558 581 95.0
558 582 81.0
558 583 38.0
558 587 1.0
558 588 1.0
558 589 14.0
558 590 875.0
558 591 60.0
558 592 1.0
558 598 15.0
558 599 479.0
558 600 38.0
558 607 212.0
558 620 1.0
558 631 3.0
558 635 1.0
558 641 21.0
558 644 2.0
558 645 1.0
558 652 9.0
558 656 2.0
558 661 5.0
558 662 13.0
558 663 54.0
558 664 84.0
558 665 15.0
558 669 1.0
558 670 3.0
558 672 1.0
558 675 15.0
558 676 81.0
558 677 16.0
558 681 1.0
558 682 7.0
558 684 9.0
558 685 3.0
558 686 2.0
558 687 6.0
558 688 206.0
558 689 1.0
558 690 314.0
558 691 51.0
558 692 1.0
558 694 2.0
558 697 74.0
558 698 210.0
558 699 252.0
558 700 400.0
558 701 57.0
558 702 15.0
558 703 1.0
558 704 8.0
558 709 3.0
558 710 14.0
558 711 15.0
558 712 818.0
558 713 54.0
558 714 57.0
558 715 21.0
558 720 1.0
558 721 28.0
558 722 928.0
558 723 212.0
558 730 1.0
558 731 18.0
558 732 482.0
558 733 20.0
558 740 1.0
558 741 244.0
558 742 5.0
558 748 11.0
558 753 10.0
558 754 2.0
558 760 12.0
558 761 8.0
558 763 1.0
558 764 2.0
558 769 13.0
558 773 1.0
558 780 158.0
558 781 7.0
558 782 1.0
558 790 4.0
558 791 128.0
558 792 106.0
558 793 1.0
558 794 6.0
558 795 1.0
558 803 205.0
558 804 86.0
558 805 18.0
558 806 1.0
558 807 1.0
558 810 1.0
558 813 1.0
558 814 104.0
558 815 139.0
558 816 126.0
558 818 1.0
558 819 1.0
558 826 37.0
558 827 284.0
558 828 90.0
558 829 1.0
558 836 34.0
558 837 193.0
558 838 9.0
558 839 75.0
558 842 1.0
558 847 125.0
558 848 48.0
558 857 495.0
558 858 1.0
558 863 4.0
558 864 4.0
558 880 2.0
558 886 4.0
558 895 22.0
558 904 12.0
558 906 4.0
558 907 2.0
558 915 16.0
558 916 2.0
558 923 6.0
558 924 32.0
558 925 13.0
558 934 12.0
558 935 5.0
558 936 71.0
558 944 10.0
558 945 5.0
558 952 50.0
558 953 2.0
558 960 118.0
558 965 35.0
558 974 2.0
558 980 8.0
558 981 26.0
558 988 1.0
558 989 1.0
558 997 10.0
558 1007 4.0
558 1015 74.0
558 1021 2.0
558 1023 3.0
558 1030 1.0
558 1031 3.0
558 1045 1.0
558 1058 1.0
558 1063 39.0
559 561 40.0
559 562 1385.0
559 563 1279.0
559 564 3.0
559 568 7.0
559 569 182.0
559 570 7665.0
559 571 271.0
559 572 282.0
559 573 2673.0
559 574 48.0
559 578 1.0
559 579 17.0
559 580 2200.0
559 581 1774.0
559 582 1368.0
559 583 624.0
559 584 1.0
559 588 1.0
559 589 57.0
559 590 353.0
559 591 90.0
559 592 112.0
559 593 3.0
559 596 1.0
559 597 6.0
559 598 28.0
559 599 79.0
559 600 35.0
559 607 48.0
559 610 1.0
559 613 1.0
559 620 1.0
559 631 2.0
559 635 2.0
559 636 13.0
559 641 21.0
559 644 2.0
559 645 2.0
559 646 28.0
559 649 1.0
559 656 5.0
559 657 25.0
559 658 9.0
559 659 2.0
559 661 5.0
559 662 82.0
559 663 141.0
559 664 142.0
559 665 2.0
559 666 1.0
559 667 1.0
559 669 54.0
559 670 34.0
559 672 12.0
559 675 95.0
559 676 1452.0
559 677 6.0
559 678 7.0
559 679 9.0
559 680 123.0
559 681 111.0
559 682 315.0
559 683 12.0
559 684 64.0
559 687 11.0
559 688 95.0
559 689 5.0
559 690 10.0
559 691 8.0
559 692 134.0
559 693 20.0
559 694 15.0
559 697 4.0
559 698 54.0
559 699 89.0
559 700 16.0
559 701 3.0
559 702 5.0
559 703 128.0
559 704 210.0
559 705 3.0
559 706 25.0
559 707 2.0
559 710 20.0
559 711 3.0
559 712 516.0
559 713 1060.0
559 714 947.0
559 715 341.0
559 716 32.0
559 717 9.0
559 719 1.0
559 720 6.0
559 721 29.0
559 722 94.0
559 723 129.0
559 724 987.0
559 725 3.0
559 726 3.0
559 727 6.0
559 730 10.0
559 731 67.0
559 732 152.0
559 733 2.0
559 740 9.0
559 741 207.0
559 742 4.0
559 748 3.0
559 753 4.0
559 754 2.0
559 760 12.0
559 761 7.0
559 763 1.0
559 764 3.0
559 765 5.0
559 769 16.0
559 770 4.0
559 773 1.0
559 774 2.0
559 778 1.0
559 779 34.0
559 780 108.0
559 781 39.0
559 784 23.0
559 785 35.0
559 790 48.0
559 791 138.0
559 792 544.0
559 793 379.0
559 794 5.0
559 795 1.0
559 797 50.0
559 802 9.0
559 803 137.0
559 804 654.0
559 805 66.0
559 807 15.0
559 808 2.0
559 809 60.0
559 810 2.0
559 813 1.0
559 814 11.0
559 815 107.0
559 816 38.0
559 818 16.0
559 819 1.0
559 820 10.0
559 821 9.0
559 822 2.0
559 823 2.0
559 824 1.0
559 826 6.0
559 827 2.0
559 829 17.0
559 830 22.0
559 831 10.0
559 832 1.0
559 836 1.0
559 837 41.0
559 839 10.0
559 842 32.0
559 846 1.0
559 847 9.0
559 848 142.0
559 851 22.0
559 857 32.0
559 858 2.0
559 864 5.0
559 880 4.0
559 885 2.0
559 886 41.0
559 893 7.0
559 895 145.0
559 896 89.0
559 903 4.0
559 904 5.0
559 905 38.0
559 906 100.0
559 907 5.0
559 910 1.0
559 914 7.0
559 915 21.0
559 916 4.0
559 918 1.0
559 920 5.0
559 923 1.0
559 924 5.0
559 925 88.0
559 929 4.0
559 930 3.0
559 936 3.0
559 939 6.0
559 944 64.0
559 945 1.0
559 949 3.0
559 952 2.0
559 953 146.0
559 960 41.0
559 961 1.0
559 963 22.0
559 965 1.0
559 969 11.0
559 974 40.0
559 980 38.0
559 981 144.0
559 987 2.0
559 988 50.0
559 989 33.0
559 990 1.0
559 993 6.0
559 997 14.0
559 998 1.0
559 1002 7.0
559 1005 3.0
559 1006 2.0
559 1013 3.0
559 1014 2.0
559 1019 1.0
559 1020 1.0
559 1030 1.0
559 1031 1.0
559 1045 50.0
559 1046 6.0
559 1049 1.0
559 1051 1.0
559 1052 1.0
559 1062 1.0
559 1063 3.0
560 561 212.0
560 562 28.0
560 563 22.0
560 569 4.0
560 570 30.0
560 571 78.0
560 572 6.0
560 573 57.0
560 574 5.0
560 580 31.0
560 581 17.0
560 582 9.0
560 583 1.0
560 590 1.0
560 591 9.0
560 621 1.0
560 622 2.0
560 629 2.0
560 630 23.0
560 631 3.0
560 634 4.0
560 635 1.0
560 640 6.0
560 641 1.0
560 644 6.0
560 645 2.0
560 646 1.0
560 650 1.0
560 653 29.0
560 655 32.0
560 656 1.0
560 657 1.0
560 663 5.0
560 664 78.0
560 669 3.0
560 672 2.0
560 676 3.0
560 678 884.0
560 679 228.0
560 680 19.0
560 681 1.0
560 682 4.0
560 684 2.0
560 687 6.0
560 689 5.0
560 690 1037.0
560 692 1.0
560 697 1.0
560 698 3.0
560 699 1.0
560 700 2.0
560 701 7.0
560 702 40.0
560 703 8.0
560 704 25.0
560 710 3.0
560 712 10.0
560 713 2.0
560 714 14.0
560 715 1.0
560 716 1.0
560 722 2.0
560 723 1.0
560 724 1.0
560 726 1.0
560 727 4.0
560 732 2.0
560 741 1.0
560 754 1.0
560 763 3.0
560 765 1.0
560 769 1.0
560 771 1.0
560 773 3.0
560 780 45.0
560 782 2.0
560 783 33.0
560 785 1.0
560 791 1.0
560 792 4.0
560 794 4.0
560 795 46.0
560 797 1.0
560 803 4.0
560 806 4.0
560 807 13.0
560 809 1.0
560 818 5.0
560 819 10.0
560 829 1.0
560 830 1.0
560 873 1.0
560 880 1.0
560 895 3.0
560 909 15.0
560 981 1.0
560 992 13.0
560 1049 2.0
561 562 391.0
561 563 71.0
561 570 38.0
561 571 7.0
561 572 9.0
561 573 93.0
561 574 84.0
561 580 20.0
561 581 49.0
561 582 63.0
561 583 18.0
561 584 49.0
561 585 4.0
561 591 9.0
561 592 9.0
561 593 6.0
561 594 13.0
561 595 1.0
561 596 1.0
561 602 2.0
561 603 5.0
561 610 12.0
561 611 2.0
561 634 4.0
561 636 12.0
561 644 5.0
561 646 223.0
561 653 7.0
561 654 2.0
561 655 9.0
561 656 12.0
561 657 338.0
561 659 2.0
561 663 2.0
561 667 2.0
561 669 366.0
561 670 37.0
561 676 6.0
561 677 4.0
561 678 921.0
561 679 1155.0
561 680 197.0
561 681 2.0
561 682 41.0
561 683 5.0
561 687 2.0
561 689 399.0
561 690 154.0
561 691 2056.0
561 692 23.0
561 693 3.0
561 694 46.0
561 701 47.0
561 702 27.0
561 703 135.0
561 704 21.0
561 705 1.0
561 706 58.0
561 712 3.0
561 713 7.0
561 714 19.0
561 715 38.0
561 716 29.0
561 717 7.0
561 721 1.0
561 722 2.0
561 723 2.0
561 724 8.0
561 725 2.0
561 726 45.0
561 727 6.0
561 732 1.0
561 733 1.0
561 763 1.0
561 764 1.0
561 765 10.0
561 774 55.0
561 780 1.0
561 783 17.0
561 785 14.0
561 786 12.0
561 792 2.0
561 795 29.0
561 797 7.0
561 798 21.0
561 803 3.0
561 807 13.0
561 810 34.0
561 818 2.0
561 819 13.0
561 820 2.0
561 821 2.0
561 822 34.0
561 823 9.0
561 829 2.0
561 831 1.0
561 836 1.0
561 837 2.0
561 838 1.0
561 839 1.0
561 840 4.0
561 842 1.0
561 851 1.0
561 852 2.0
561 880 1.0
561 890 1.0
561 891 12.0
561 900 1.0
561 901 22.0
561 909 12.0
561 910 1.0
561 931 1.0
561 963 1.0
561 972 1.0
561 992 8.0
561 1011 1.0
561 1049 4.0
561 1055 2.0
562 563 482.0
562 564 1.0
562 565 4.0
562 567 1.0
562 568 2.0
562 569 58.0
562 570 1395.0
562 571 18.0
562 572 558.0
562 573 744.0
562 574 190.0
562 575 8.0
562 576 2.0
562 578 3.0
562 579 74.0
562 580 51.0
562 581 196.0
562 582 224.0
562 583 62.0
562 584 21.0
562 587 1.0
562 589 51.0
562 590 7.0
562 591 34.0
562 592 15.0
562 593 22.0
562 594 6.0
562 595 1.0
562 597 8.0
562 598 42.0
562 599 9.0
562 602 1.0
562 603 1.0
562 606 3.0
562 607 1.0
562 610 3.0
562 635 3.0
562 636 9.0
562 644 2.0
562 645 3.0
562 646 8.0
562 652 1.0
562 657 24.0
562 658 11.0
562 659 2.0
562 664 3.0
562 666 1.0
562 667 1.0
562 669 27.0
562 670 24.0
562 672 2.0
562 678 7.0
562 680 8.0
562 681 12.0
562 682 222.0
562 683 2.0
562 684 6.0
562 688 2.0
562 689 32.0
562 690 14.0
562 691 3.0
562 692 7.0
562 693 5.0
562 694 14.0
562 696 3.0
562 697 6.0
562 698 18.0
562 701 24.0
562 702 15.0
562 703 170.0
562 704 133.0
562 706 106.0
562 707 13.0
562 708 1.0
562 710 24.0
562 712 218.0
562 713 301.0
562 714 417.0
562 715 299.0
562 716 66.0
562 717 42.0
562 719 2.0
562 720 6.0
562 721 4.0
562 722 6.0
562 723 18.0
562 724 22.0
562 725 9.0
562 726 38.0
562 727 10.0
562 730 4.0
562 731 2.0
562 732 8.0
562 764 3.0
562 765 5.0
562 769 11.0
562 774 1.0
562 784 15.0
562 785 27.0
562 786 9.0
562 790 1.0
562 791 1.0
562 797 38.0
562 798 15.0
562 807 3.0
562 808 2.0
562 809 13.0
562 810 30.0
562 817 16.0
562 818 1.0
562 821 9.0
562 822 30.0
562 823 5.0
562 829 2.0
562 831 7.0
562 833 1.0
562 838 3.0
562 840 26.0
562 841 54.0
562 842 92.0
562 850 1.0
562 851 6.0
562 852 5.0
562 860 21.0
562 867 1.0
562 880 4.0
562 881 1.0
562 891 9.0
562 900 2.0
562 901 14.0
562 910 2.0
562 920 12.0
562 926 11.0
562 929 1.0
562 930 4.0
562 939 4.0
562 945 1.0
562 947 1.0
562 948 11.0
562 949 34.0
562 955 1.0
562 956 5.0
562 962 1.0
562 963 6.0
562 993 7.0
562 998 4.0
562 1002 5.0
562 1007 10.0
562 1011 1.0
562 1018 7.0
562 1026 8.0
562 1033 4.0
562 1049 1.0
562 1052 2.0
562 1062 1.0
563 564 6.0
563 569 5.0
563 570 1788.0
563 571 224.0
563 572 5.0
563 573 6935.0
563 574 5699.0
563 576 16.0
563 579 2.0
563 580 1622.0
563 581 2169.0
563 582 1826.0
563 583 6163.0
563 584 1666.0
563 585 6.0
563 586 1.0
563 589 1.0
563 590 139.0
563 591 261.0
563 592 1163.0
563 593 3930.0
563 594 556.0
563 595 43.0
563 599 10.0
563 600 2.0
563 601 14.0
563 602 1473.0
563 603 420.0
563 610 189.0
563 611 15.0
563 636 56.0
563 645 2.0
563 646 154.0
563 655 1.0
563 656 11.0
563 657 106.0
563 662 8.0
563 663 17.0
563 664 105.0
563 669 567.0
563 670 90.0
563 672 2.0
563 675 11.0
563 676 204.0
563 680 53.0
563 681 149.0
563 682 924.0
563 683 14.0
563 684 515.0
563 687 1.0
563 688 3.0
563 689 9.0
563 690 2.0
563 691 19.0
563 692 15.0
563 693 192.0
563 694 141.0
563 696 7.0
563 698 1.0
563 699 1.0
563 701 75.0
563 702 3.0
563 703 2.0
563 704 160.0
563 705 1919.0
563 706 321.0
563 707 76.0
563 708 14.0
563 710 3.0
563 711 35.0
563 712 369.0
563 713 391.0
563 714 840.0
563 715 662.0
563 716 395.0
563 717 36.0
563 718 2.0
563 721 66.0
563 722 365.0
563 723 122.0
563 724 1034.0
563 725 739.0
563 726 139.0
563 727 148.0
563 728 10.0
563 732 16.0
563 733 19.0
563 734 20.0
563 735 606.0
563 736 35.0
563 737 5.0
563 738 46.0
563 741 10.0
563 743 2.0
563 744 217.0
563 745 276.0
563 750 42.0
563 751 1494.0
563 752 14.0
563 764 1.0
563 765 34.0
563 769 1.0
563 770 1.0
563 779 7.0
563 780 11.0
563 781 6.0
563 783 6.0
563 784 38.0
563 785 121.0
563 786 20.0
563 790 7.0
563 791 11.0
563 792 180.0
563 793 86.0
563 794 1.0
563 795 8.0
563 796 22.0
563 797 152.0
563 798 55.0
563 802 1.0
563 803 16.0
563 804 11.0
563 806 2.0
563 807 14.0
563 808 11.0
563 809 172.0
563 810 103.0
563 811 4.0
563 812 1.0
563 816 1.0
563 817 3.0
563 818 68.0
563 819 14.0
563 820 8.0
563 821 100.0
563 822 236.0
563 823 174.0
563 824 38.0
563 827 1.0
563 829 61.0
563 830 8.0
563 831 655.0
563 832 323.0
563 833 117.0
563 834 31.0
563 835 1.0
563 836 11.0
563 837 43.0
563 838 41.0
563 839 63.0
563 840 19.0
563 841 258.0
563 842 321.0
563 843 32.0
563 846 11.0
563 847 52.0
563 848 9.0
563 850 2.0
563 851 517.0
563 852 234.0
563 853 9.0
563 857 34.0
563 859 2.0
563 860 537.0
563 861 19.0
563 866 2.0
563 867 590.0
563 871 1.0
563 880 7.0
563 885 1.0
563 889 4.0
563 890 3.0
563 891 18.0
563 895 26.0
563 896 9.0
563 899 3.0
563 900 32.0
563 901 73.0
563 905 13.0
563 906 15.0
563 909 8.0
563 910 37.0
563 911 2.0
563 915 4.0
563 920 168.0
563 921 1.0
563 925 8.0
563 926 1.0
563 929 1.0
563 930 85.0
563 931 3.0
563 935 1.0
563 939 151.0
563 940 56.0
563 941 1.0
563 944 7.0
563 945 3.0
563 947 38.0
563 948 1017.0
563 949 178.0
563 952 1.0
563 953 2.0
563 955 248.0
563 956 88.0
563 957 27.0
563 962 73.0
563 963 591.0
563 968 65.0
563 972 1.0
563 974 1.0
563 978 1.0
563 980 7.0
563 981 39.0
563 985 6.0
563 986 2.0
563 988 3.0
563 989 9.0
563 992 5.0
563 993 16.0
563 998 1.0
563 1002 87.0
563 1005 2.0
563 1006 1.0
563 1007 1.0
563 1011 1.0
563 1013 2.0
563 1014 1.0
563 1018 181.0
563 1019 9.0
563 1026 696.0
563 1027 28.0
563 1032 5.0
563 1033 58.0
563 1045 3.0
563 1049 3.0
563 1052 2.0
563 1062 4.0
564 570 3.0
564 573 5.0
564 574 13.0
564 575 10.0
564 584 13.0
564 594 3.0
564 603 2.0
564 610 1.0
564 636 1.0
564 657 2.0
564 659 4.0
564 695 3.0
564 705 2.0
564 706 2.0
564 707 1.0
564 785 2.0
564 797 2.0
564 798 1.0
564 809 2.0
564 810 6.0
564 820 4.0
564 821 7.0
564 822 1.0
564 823 1.0
564 901 1.0
564 911 1.0
564 929 4.0
564 940 1.0
564 1002 1.0
564 1018 1.0
564 1062 1.0
565 570 1.0
565 573 1.0
565 574 103.0
565 575 97.0
565 581 1.0
565 582 1.0
565 583 31.0
565 593 31.0
565 594 3.0
565 602 31.0
565 610 10.0
565 682 1.0
565 695 23.0
565 696 15.0
565 708 28.0
565 716 5.0
565 717 9.0
565 725 32.0
565 726 21.0
565 727 1.0
565 735 1.0
565 751 2.0
565 808 1.0
565 810 1.0
565 821 1.0
565 823 18.0
565 843 2.0
565 852 8.0
565 860 2.0
565 867 1.0
565 919 4.0
565 921 10.0
565 929 1.0
565 930 1.0
565 940 2.0
565 1004 1.0
565 1011 1.0
566 669 3.0
566 694 3.0
566 695 3.0
566 696 2.0
566 708 3.0
566 798 1.0
566 810 1.0
566 831 1.0
566 939 1.0
567 568 43.0
567 569 10.0
567 578 8.0
567 589 6.0
567 590 1.0
567 599 5.0
567 687 1.0
567 698 44.0
567 699 9.0
567 701 1.0
567 709 4.0
567 710 8.0
567 711 1.0
567 721 1.0
567 732 2.0
567 741 2.0
567 792 10.0
567 793 1.0
567 794 1.0
567 803 7.0
567 804 6.0
567 814 2.0
567 827 2.0
567 838 5.0
567 904 2.0
567 924 2.0
567 925 1.0
567 945 4.0
567 1006 1.0
568 569 509.0
568 570 1.0
568 573 1.0
568 578 99.0
568 579 68.0
568 588 18.0
568 589 88.0
568 598 41.0
568 599 2.0
568 607 1.0
568 614 1.0
568 653 14.0
568 662 1.0
568 663 2.0
568 664 5.0
568 665 2.0
568 674 3.0
568 676 2.0
568 685 1.0
568 686 34.0
568 687 3.0
568 688 1.0
568 690 3.0
568 697 38.0
568 698 328.0
568 699 180.0
568 700 14.0
568 701 2.0
568 704 4.0
568 709 8.0
568 710 305.0
568 711 5.0
568 715 1.0
568 720 3.0
568 721 104.0
568 722 18.0
568 731 124.0
568 732 358.0
568 741 181.0
568 780 2.0
568 781 10.0
568 790 1.0
568 791 6.0
568 792 266.0
568 793 49.0
568 794 121.0
568 802 10.0
568 803 35.0
568 804 178.0
568 814 35.0
568 815 41.0
568 816 17.0
568 825 5.0
568 827 12.0
568 836 2.0
568 837 4.0
568 838 1.0
568 840 1.0
568 857 6.0
568 886 9.0
568 895 8.0
568 904 2.0
568 906 1.0
568 924 7.0
568 925 3.0
568 935 1.0
568 952 2.0
568 969 9.0
568 974 4.0
568 980 2.0
568 981 13.0
568 1006 2.0
568 1015 1.0
568 1063 1.0
569 570 10.0
569 573 7.0
569 577 47.0
569 578 128.0
569 579 773.0
569 580 404.0
569 581 3.0
569 582 3.0
569 583 2.0
569 587 14.0
569 588 36.0
569 589 271.0
569 590 504.0
569 591 16.0
569 598 173.0
569 599 90.0
569 600 31.0
569 607 48.0
569 631 2.0
569 641 2.0
569 646 1.0
569 657 2.0
569 661 8.0
569 662 62.0
569 663 149.0
569 664 752.0
569 665 16.0
569 669 2.0
569 674 2.0
569 675 92.0
569 676 936.0
569 682 3.0
569 684 3.0
569 685 1.0
569 686 5.0
569 687 29.0
569 688 37.0
569 690 36.0
569 691 3.0
569 697 188.0
569 698 1480.0
569 699 191.0
569 700 109.0
569 701 8.0
569 702 3.0
569 704 2.0
569 709 21.0
569 710 1587.0
569 711 201.0
569 712 8.0
569 713 1.0
569 715 14.0
569 719 6.0
569 720 9.0
569 721 1219.0
569 722 489.0
569 723 60.0
569 724 1.0
569 730 40.0
569 731 535.0
569 732 2574.0
569 733 23.0
569 740 9.0
569 741 1120.0
569 742 12.0
569 749 1.0
569 770 4.0
569 774 1.0
569 778 1.0
569 779 14.0
569 780 92.0
569 781 12.0
569 790 23.0
569 791 140.0
569 792 744.0
569 793 363.0
569 794 7.0
569 802 4.0
569 803 163.0
569 804 111.0
569 805 13.0
569 806 6.0
569 814 39.0
569 815 13.0
569 816 18.0
569 817 1.0
569 818 11.0
569 825 5.0
569 826 4.0
569 827 8.0
569 829 3.0
569 835 37.0
569 836 10.0
569 837 11.0
569 838 2.0
569 839 1.0
569 840 1.0
569 846 5.0
569 847 19.0
569 848 8.0
569 856 1.0
569 857 196.0
569 858 4.0
569 863 14.0
569 864 52.0
569 886 7.0
569 893 1.0
569 895 111.0
569 896 62.0
569 904 5.0
569 905 80.0
569 906 66.0
569 907 2.0
569 914 1.0
569 915 48.0
569 916 1.0
569 924 8.0
569 925 40.0
569 935 18.0
569 936 3.0
569 944 6.0
569 945 3.0
569 952 1.0
569 953 1.0
569 960 3.0
569 969 2.0
569 974 19.0
569 980 20.0
569 981 228.0
569 988 11.0
569 997 7.0
569 1005 7.0
569 1013 8.0
569 1014 2.0
569 1022 1.0
569 1045 10.0
569 1046 1.0
569 1052 4.0
570 571 25.0
570 572 191.0
570 573 3327.0
570 574 67.0
570 579 4.0
570 580 4009.0
570 581 2919.0
570 582 2538.0
570 583 983.0
570 584 2.0
570 589 4.0
570 590 44.0
570 591 377.0
570 592 201.0
570 594 2.0
570 598 4.0
570 599 15.0
570 600 11.0
570 607 14.0
570 610 2.0
570 631 1.0
570 635 1.0
570 636 15.0
570 641 2.0
570 645 1.0
570 646 31.0
570 656 6.0
570 657 28.0
570 658 9.0
570 659 2.0
570 661 5.0
570 662 79.0
570 663 137.0
570 664 202.0
570 665 3.0
570 669 60.0
570 670 35.0
570 672 15.0
570 675 101.0
570 676 1517.0
570 677 8.0
570 678 13.0
570 679 9.0
570 680 131.0
570 681 19.0
570 682 244.0
570 683 14.0
570 684 109.0
570 687 11.0
570 688 85.0
570 689 6.0
570 690 19.0
570 691 1.0
570 692 212.0
570 693 10.0
570 694 14.0
570 698 3.0
570 699 6.0
570 700 16.0
570 701 67.0
570 704 190.0
570 705 3.0
570 706 26.0
570 707 2.0
570 710 4.0
570 711 74.0
570 712 461.0
570 713 507.0
570 714 746.0
570 715 357.0
570 716 28.0
570 717 12.0
570 721 6.0
570 722 68.0
570 723 178.0
570 724 1089.0
570 725 3.0
570 726 11.0
570 727 11.0
570 730 1.0
570 731 6.0
570 732 48.0
570 741 16.0
570 764 1.0
570 765 9.0
570 769 4.0
570 770 4.0
570 778 1.0
570 779 34.0
570 780 31.0
570 781 40.0
570 784 12.0
570 785 24.0
570 790 46.0
570 791 70.0
570 792 636.0
570 793 415.0
570 794 2.0
570 796 1.0
570 797 26.0
570 802 10.0
570 803 38.0
570 804 620.0
570 805 66.0
570 807 20.0
570 809 14.0
570 810 3.0
570 815 6.0
570 816 26.0
570 817 1.0
570 818 28.0
570 820 22.0
570 821 10.0
570 822 3.0
570 823 2.0
570 824 1.0
570 826 5.0
570 827 2.0
570 829 28.0
570 830 21.0
570 831 13.0
570 832 1.0
570 836 25.0
570 837 43.0
570 838 2.0
570 839 12.0
570 840 37.0
570 842 3.0
570 846 4.0
570 847 7.0
570 848 37.0
570 851 1.0
570 856 2.0
570 857 16.0
570 864 2.0
570 880 3.0
570 885 2.0
570 886 41.0
570 893 7.0
570 895 134.0
570 896 94.0
570 903 4.0
570 905 46.0
570 906 108.0
570 907 5.0
570 910 1.0
570 914 7.0
570 915 20.0
570 916 4.0
570 924 5.0
570 925 50.0
570 929 3.0
570 930 2.0
570 935 1.0
570 936 1.0
570 944 37.0
570 949 1.0
570 952 6.0
570 953 33.0
570 960 10.0
570 969 11.0
570 974 40.0
570 980 32.0
570 981 143.0
570 987 2.0
570 988 43.0
570 989 26.0
570 990 1.0
570 993 4.0
570 997 10.0
570 998 1.0
570 1002 2.0
570 1005 3.0
570 1006 2.0
570 1013 3.0
570 1014 2.0
570 1015 1.0
570 1019 1.0
570 1020 1.0
570 1045 42.0
570 1046 6.0
570 1049 1.0
570 1051 1.0
570 1052 2.0
571 572 1.0
571 573 488.0
571 574 1.0
571 580 3.0
571 581 139.0
571 582 123.0
571 583 12.0
571 592 1.0
571 634 2.0
571 645 3.0
571 646 4.0
571 655 6.0
571 657 7.0
571 669 6.0
571 670 1.0
571 672 5.0
571 678 8.0
571 679 1.0
571 680 7.0
571 681 6.0
571 682 59.0
571 684 4.0
571 689 4.0
571 692 14.0
571 694 1.0
571 700 1.0
571 701 28.0
571 702 2.0
571 704 4.0
571 712 52.0
571 713 47.0
571 714 216.0
571 715 16.0
571 716 2.0
571 721 1.0
571 722 1.0
571 723 1.0
571 726 1.0
571 764 1.0
571 765 2.0
571 773 1.0
571 783 9.0
571 784 1.0
571 785 9.0
571 795 9.0
571 797 9.0
571 804 2.0
571 807 4.0
571 809 4.0
571 816 2.0
571 819 4.0
571 827 3.0
571 829 1.0
571 830 6.0
571 836 2.0
571 837 5.0
571 838 2.0
571 839 1.0
571 842 3.0
571 880 4.0
571 895 2.0
571 909 1.0
571 925 15.0
571 944 17.0
571 949 2.0
571 988 4.0
571 989 5.0
571 1045 3.0
572 573 97.0
572 574 83.0
572 580 14.0
572 581 12.0
572 582 62.0
572 583 1.0
572 591 2.0
572 594 2.0
572 598 1.0
572 635 2.0
572 636 3.0
572 644 1.0
572 645 1.0
572 646 3.0
572 657 12.0
572 658 11.0
572 666 1.0
572 667 1.0
572 669 1.0
572 670 16.0
572 677 5.0
572 678 55.0
572 679 56.0
572 680 17.0
572 681 5.0
572 682 57.0
572 683 2.0
572 684 3.0
572 689 45.0
572 690 15.0
572 692 87.0
572 693 2.0
572 694 2.0
572 701 6.0
572 704 101.0
572 706 59.0
572 707 2.0
572 712 7.0
572 713 32.0
572 714 63.0
572 715 84.0
572 716 19.0
572 717 3.0
572 723 2.0
572 725 3.0
572 726 10.0
572 727 5.0
572 731 1.0
572 764 2.0
572 765 1.0
572 774 2.0
572 785 1.0
572 797 1.0
572 807 25.0
572 809 2.0
572 810 5.0
572 818 1.0
572 820 6.0
572 821 2.0
572 822 1.0
572 829 1.0
572 830 1.0
572 831 9.0
572 833 1.0
572 840 13.0
572 842 1.0
572 851 1.0
572 852 2.0
572 860 7.0
572 880 2.0
572 881 1.0
572 918 3.0
572 920 5.0
572 929 1.0
572 930 3.0
572 939 5.0
572 948 2.0
572 955 1.0
572 1002 2.0
572 1011 1.0
572 1018 3.0
572 1062 1.0
573 574 86.0
573 576 3.0
573 579 2.0
573 580 2381.0
573 581 4376.0
573 582 3881.0
573 583 4104.0
573 584 23.0
573 589 1.0
573 590 226.0
573 591 803.0
573 592 1162.0
573 593 87.0
573 594 5.0
573 595 2.0
573 597 2.0
573 599 26.0
573 600 2.0
573 606 5.0
573 607 2.0
573 610 1.0
573 634 1.0
573 635 1.0
573 636 46.0
573 645 5.0
573 646 125.0
573 653 3.0
573 655 7.0
573 656 5.0
573 657 86.0
573 658 9.0
573 659 2.0
573 662 5.0
573 663 14.0
573 664 101.0
573 666 1.0
573 667 1.0
573 669 233.0
573 670 87.0
573 672 48.0
573 675 10.0
573 676 142.0
573 678 7.0
573 680 147.0
573 681 165.0
573 682 984.0
573 683 32.0
573 684 370.0
573 688 3.0
573 689 9.0
573 690 4.0
573 691 5.0
573 692 455.0
573 693 25.0
573 694 81.0
573 697 1.0
573 698 4.0
573 701 145.0
573 702 4.0
573 704 786.0
573 705 5.0
573 706 33.0
573 707 7.0
573 710 5.0
573 711 61.0
573 712 573.0
573 713 134.0
573 714 419.0
573 715 267.0
573 716 30.0
573 717 11.0
573 721 151.0
573 722 555.0
573 723 144.0
573 724 646.0
573 725 55.0
573 726 29.0
573 727 22.0
573 732 21.0
573 733 36.0
573 738 1.0
573 741 16.0
573 744 1.0
573 764 3.0
573 765 33.0
573 769 2.0
573 773 1.0
573 779 1.0
573 780 6.0
573 781 2.0
573 783 15.0
573 784 36.0
573 785 114.0
573 790 1.0
573 791 8.0
573 792 138.0
573 793 61.0
573 795 17.0
573 796 4.0
573 797 129.0
573 802 1.0
573 803 11.0
573 804 7.0
573 806 1.0
573 807 33.0
573 808 2.0
573 809 77.0
573 810 6.0
573 816 1.0
573 818 68.0
573 819 17.0
573 820 6.0
573 821 10.0
573 822 6.0
573 823 2.0
573 824 1.0
573 827 1.0
573 829 64.0
573 830 55.0
573 831 29.0
573 832 1.0
573 836 14.0
573 837 92.0
573 838 68.0
573 839 87.0
573 840 47.0
573 841 18.0
573 846 10.0
573 847 103.0
573 848 8.0
573 851 18.0
573 852 2.0
573 857 38.0
573 860 1.0
573 880 9.0
573 889 3.0
573 895 22.0
573 896 10.0
573 899 1.0
573 905 11.0
573 906 14.0
573 909 1.0
573 910 1.0
573 915 5.0
573 920 19.0
573 924 1.0
573 925 15.0
573 929 1.0
573 930 4.0
573 935 1.0
573 944 23.0
573 945 6.0
573 948 6.0
573 952 2.0
573 953 2.0
573 963 17.0
573 972 1.0
573 980 6.0
573 981 34.0
573 988 3.0
573 989 23.0
573 993 6.0
573 1002 6.0
573 1005 2.0
573 1011 1.0
573 1013 2.0
573 1026 1.0
573 1033 2.0
573 1045 3.0
573 1049 1.0
573 1052 1.0
573 1062 1.0
574 575 410.0
574 576 266.0
574 580 9.0
574 581 15.0
574 582 12.0
574 583 1778.0
574 584 2956.0
574 585 58.0
574 586 11.0
574 592 375.0
574 593 3482.0
574 594 694.0
574 595 63.0
574 596 30.0
574 601 14.0
574 602 1441.0
574 603 412.0
574 604 3.0
574 610 184.0
574 611 16.0
574 635 5.0
574 636 64.0
574 644 2.0
574 645 2.0
574 646 8.0
574 657 35.0
574 658 35.0
574 659 3.0
574 669 562.0
574 670 60.0
574 672 26.0
574 680 13.0
574 681 146.0
574 682 143.0
574 683 19.0
574 684 213.0
574 690 2.0
574 691 38.0
574 692 3.0
574 693 263.0
574 694 88.0
574 695 1.0
574 696 47.0
574 701 1.0
574 704 2.0
574 705 133.0
574 706 695.0
574 707 190.0
574 708 73.0
574 714 1.0
574 715 3.0
574 716 247.0
574 717 229.0
574 722 1.0
574 723 1.0
574 724 43.0
574 725 415.0
574 726 1010.0
574 727 411.0
574 728 27.0
574 734 11.0
574 735 613.0
574 736 65.0
574 737 9.0
574 738 22.0
574 744 228.0
574 745 263.0
574 750 42.0
574 751 1341.0
574 752 7.0
574 764 5.0
574 765 2.0
574 774 2.0
574 784 4.0
574 785 13.0
574 786 35.0
574 796 4.0
574 797 45.0
574 798 73.0
574 809 39.0
574 810 256.0
574 811 2.0
574 812 1.0
574 820 35.0
574 821 97.0
574 822 219.0
574 823 56.0
574 824 2.0
574 831 76.0
574 832 20.0
574 833 4.0
574 841 2.0
574 842 42.0
574 843 32.0
574 850 2.0
574 851 47.0
574 852 84.0
574 853 8.0
574 860 504.0
574 861 14.0
574 867 564.0
574 871 1.0
574 880 5.0
574 881 1.0
574 890 2.0
574 891 52.0
574 899 2.0
574 900 23.0
574 901 129.0
574 902 1.0
574 910 27.0
574 911 14.0
574 920 22.0
574 921 35.0
574 929 6.0
574 930 23.0
574 931 2.0
574 938 1.0
574 939 112.0
574 940 6.0
574 947 1.0
574 948 6.0
574 949 6.0
574 956 7.0
574 957 1.0
574 963 62.0
574 968 56.0
574 985 5.0
574 986 3.0
574 993 11.0
574 994 8.0
574 1002 9.0
574 1003 1.0
574 1011 5.0
574 1018 2.0
574 1019 1.0
574 1026 1.0
574 1027 5.0
574 1049 2.0
575 576 116.0
575 583 165.0
575 584 14.0
575 593 163.0
575 594 1.0
575 602 168.0
575 610 19.0
575 635 3.0
575 646 1.0
575 657 10.0
575 658 14.0
575 669 1.0
575 670 39.0
575 672 1.0
575 680 1.0
575 682 3.0
575 694 130.0
575 695 92.0
575 696 35.0
575 706 509.0
575 707 50.0
575 708 29.0
575 717 32.0
575 725 70.0
575 726 46.0
575 727 4.0
575 735 8.0
575 751 31.0
575 764 1.0
575 773 2.0
575 786 223.0
575 798 371.0
575 808 1.0
575 810 613.0
575 820 3.0
575 821 51.0
575 822 10.0
575 823 79.0
575 833 2.0
575 843 4.0
575 852 18.0
575 860 23.0
575 867 20.0
575 880 1.0
575 900 3.0
575 901 379.0
575 902 4.0
575 911 65.0
575 919 14.0
575 921 118.0
575 928 6.0
575 929 21.0
575 940 1.0
575 957 2.0
575 986 71.0
575 994 9.0
575 1001 6.0
575 1003 17.0
575 1011 1.0
575 1018 1.0
575 1055 5.0
575 1061 3.0
575 1062 8.0
576 583 113.0
576 584 89.0
576 585 51.0
576 586 9.0
576 592 7.0
576 593 85.0
576 594 13.0
576 595 3.0
576 602 88.0
576 603 12.0
576 610 7.0
576 670 5.0
576 671 1.0
576 672 3.0
576 682 5.0
576 683 3.0
576 684 5.0
576 694 3.0
576 705 14.0
576 706 1.0
576 707 4.0
576 715 1.0
576 717 3.0
576 724 1.0
576 725 4.0
576 726 9.0
576 727 9.0
576 728 1.0
576 734 1.0
576 735 43.0
576 736 6.0
576 744 31.0
576 745 3.0
576 751 24.0
576 823 2.0
576 831 4.0
576 832 1.0
576 833 1.0
576 834 1.0
576 843 1.0
576 860 3.0
576 867 33.0
576 930 2.0
576 940 1.0
576 948 5.0
576 949 2.0
576 955 3.0
576 963 1.0
576 1026 5.0
576 1027 1.0
576 1033 2.0
577 578 63.0
577 579 14.0
577 588 107.0
577 590 1.0
577 598 4.0
577 663 2.0
577 664 1.0
577 665 1.0
577 675 3.0
577 676 1.0
577 687 2.0
577 688 5.0
577 700 5.0
577 711 4.0
577 732 7.0
577 741 7.0
577 791 3.0
577 792 2.0
577 804 1.0
578 579 47.0
578 587 13.0
578 588 31.0
578 589 65.0
578 590 8.0
578 598 10.0
578 599 23.0
578 607 1.0
578 662 1.0
578 663 3.0
578 664 1.0
578 665 1.0
578 675 3.0
578 676 1.0
578 687 2.0
578 688 7.0
578 697 2.0
578 698 82.0
578 699 2.0
578 700 19.0
578 710 6.0
578 711 6.0
578 715 1.0
578 719 8.0
578 720 1.0
578 722 2.0
578 731 1.0
578 732 67.0
578 741 34.0
578 791 6.0
578 792 3.0
578 803 2.0
578 804 5.0
578 827 1.0
578 836 1.0
578 857 2.0
578 864 3.0
578 915 1.0
578 997 1.0
579 580 6.0
579 581 4.0
579 582 3.0
579 583 1.0
579 587 25.0
579 588 14.0
579 589 883.0
579 590 455.0
579 598 465.0
579 599 224.0
579 600 2.0
579 607 67.0
579 641 25.0
579 652 12.0
579 662 2.0
579 663 3.0
579 664 46.0
579 674 1.0
579 675 1.0
579 676 4.0
579 684 2.0
579 686 16.0
579 687 3.0
579 688 16.0
579 689 29.0
579 690 11.0
579 691 1.0
579 697 10.0
579 698 6.0
579 699 31.0
579 700 96.0
579 701 13.0
579 702 1.0
579 705 1.0
579 710 77.0
579 711 37.0
579 712 5.0
579 715 8.0
579 719 16.0
579 720 67.0
579 721 12.0
579 722 2.0
579 730 37.0
579 731 393.0
579 732 494.0
579 739 7.0
579 740 98.0
579 741 293.0
579 742 3.0
579 753 14.0
579 780 25.0
579 791 27.0
579 792 20.0
579 793 1.0
579 802 3.0
579 803 27.0
579 804 90.0
579 814 1.0
579 815 27.0
579 816 62.0
579 817 10.0
579 818 1.0
579 827 3.0
579 829 3.0
579 837 1.0
579 838 1.0
579 840 1.0
579 848 1.0
579 863 1.0
579 870 1.0
579 895 1.0
579 925 2.0
579 926 11.0
579 953 2.0
579 974 1.0
579 981 1.0
579 998 5.0
579 1007 8.0
579 1058 2.0
580 581 2480.0
580 582 1968.0
580 583 1730.0
580 584 1.0
580 589 105.0
580 590 2568.0
580 591 1447.0
580 592 326.0
580 593 1.0
580 594 1.0
580 598 64.0
580 599 674.0
580 600 107.0
580 606 2.0
580 607 369.0
580 631 7.0
580 636 10.0
580 646 28.0
580 652 16.0
580 656 1.0
580 657 5.0
580 663 13.0
580 664 33.0
580 665 1.0
580 669 66.0
580 670 27.0
580 672 10.0
580 675 2.0
580 677 3.0
580 678 2.0
580 679 1.0
580 680 23.0
580 681 2.0
580 682 100.0
580 683 10.0
580 684 109.0
580 688 7.0
580 689 21.0
580 690 24.0
580 692 70.0
580 693 37.0
580 694 14.0
580 697 4.0
580 698 18.0
580 699 6.0
580 700 3.0
580 701 1051.0
580 704 114.0
580 706 2.0
580 710 9.0
580 711 64.0
580 712 1743.0
580 713 613.0
580 714 150.0
580 715 152.0
580 719 25.0
580 720 34.0
580 721 197.0
580 722 377.0
580 723 162.0
580 724 20.0
580 726 8.0
580 727 3.0
580 730 10.0
580 731 132.0
580 732 584.0
580 733 55.0
580 741 843.0
580 742 14.0
580 748 16.0
580 765 2.0
580 769 402.0
580 780 12.0
580 784 5.0
580 785 6.0
580 791 15.0
580 792 11.0
580 795 1.0
580 796 1.0
580 797 5.0
580 803 16.0
580 804 2.0
580 807 7.0
580 810 1.0
580 816 8.0
580 817 1.0
580 818 63.0
580 819 1.0
580 820 27.0
580 821 14.0
580 826 7.0
580 827 1.0
580 828 2.0
580 829 98.0
580 830 1.0
580 831 9.0
580 836 22.0
580 837 118.0
580 838 60.0
580 839 68.0
580 840 38.0
580 846 1.0
580 847 2.0
580 848 4.0
580 849 2.0
580 857 9.0
580 864 26.0
580 895 2.0
580 907 1.0
580 915 1.0
580 916 1.0
580 920 1.0
580 923 1.0
580 925 6.0
580 929 13.0
580 930 5.0
580 939 3.0
580 944 10.0
580 945 3.0
580 953 18.0
580 954 3.0
580 981 1.0
580 988 4.0
580 997 1.0
580 998 1.0
580 1002 10.0
580 1011 1.0
580 1019 3.0
580 1020 2.0
580 1030 16.0
580 1045 4.0
580 1062 5.0
581 582 4279.0
581 583 1262.0
581 584 1.0
581 589 3.0
581 590 1.0
581 591 6.0
581 592 76.0
581 600 1.0
581 610 1.0
581 636 19.0
581 646 54.0
581 655 1.0
581 656 4.0
581 657 10.0
581 662 1.0
581 663 2.0
581 664 28.0
581 669 109.0
581 670 31.0
581 672 17.0
581 675 2.0
581 676 24.0
581 680 69.0
581 681 2.0
581 682 172.0
581 683 9.0
581 684 126.0
581 688 4.0
581 689 7.0
581 690 2.0
581 691 1.0
581 692 387.0
581 693 2.0
581 694 22.0
581 701 114.0
581 702 4.0
581 704 395.0
581 705 1.0
581 706 2.0
581 707 1.0
581 710 1.0
581 711 31.0
581 712 527.0
581 713 1.0
581 714 11.0
581 715 32.0
581 716 10.0
581 717 8.0
581 721 85.0
581 722 307.0
581 723 55.0
581 724 12.0
581 726 3.0
581 727 1.0
581 731 1.0
581 732 19.0
581 733 39.0
581 741 14.0
581 765 6.0
581 784 8.0
581 785 12.0
581 791 3.0
581 792 23.0
581 793 15.0
581 796 3.0
581 797 14.0
581 803 4.0
581 804 2.0
581 807 2.0
581 809 3.0
581 810 2.0
581 816 2.0
581 818 6.0
581 820 13.0
581 821 4.0
581 822 2.0
581 823 1.0
581 824 1.0
581 827 1.0
581 829 2.0
581 830 28.0
581 831 27.0
581 832 1.0
581 836 16.0
581 837 80.0
581 838 58.0
581 839 30.0
581 840 34.0
581 846 1.0
581 880 2.0
581 895 6.0
581 896 5.0
581 905 2.0
581 906 3.0
581 910 1.0
581 915 2.0
581 920 1.0
581 924 1.0
581 925 12.0
581 930 1.0
581 944 23.0
581 945 2.0
581 980 1.0
581 981 11.0
581 988 1.0
581 989 25.0
581 993 3.0
581 1049 1.0
582 583 1358.0
582 589 3.0
582 590 4.0
582 591 1.0
582 592 1.0
582 600 1.0
582 610 1.0
582 636 12.0
582 646 32.0
582 655 1.0
582 657 2.0
582 662 1.0
582 663 1.0
582 664 28.0
582 669 65.0
582 670 30.0
582 672 15.0
582 675 2.0
582 676 24.0
582 678 2.0
582 679 2.0
582 680 88.0
582 681 2.0
582 682 71.0
582 683 6.0
582 684 125.0
582 688 4.0
582 689 8.0
582 690 4.0
582 691 1.0
582 692 408.0
582 693 2.0
582 694 14.0
582 701 80.0
582 702 3.0
582 704 256.0
582 705 1.0
582 706 1.0
582 707 1.0
582 711 24.0
582 712 376.0
582 713 40.0
582 714 1.0
582 715 62.0
582 716 9.0
582 717 8.0
582 721 63.0
582 722 263.0
582 723 65.0
582 724 74.0
582 726 2.0
582 731 1.0
582 732 18.0
582 733 31.0
582 741 12.0
582 784 2.0
582 785 3.0
582 791 2.0
582 792 22.0
582 793 15.0
582 797 9.0
582 803 4.0
582 804 2.0
582 806 1.0
582 807 3.0
582 809 3.0
582 810 2.0
582 816 2.0
582 818 43.0
582 820 13.0
582 821 4.0
582 822 3.0
582 823 1.0
582 824 1.0
582 827 1.0
582 829 42.0
582 830 24.0
582 831 29.0
582 832 1.0
582 836 14.0
582 837 57.0
582 838 47.0
582 839 67.0
582 840 37.0
582 895 6.0
582 896 5.0
582 905 2.0
582 906 3.0
582 910 1.0
582 915 2.0
582 918 2.0
582 920 1.0
582 924 1.0
582 925 11.0
582 930 1.0
582 944 17.0
582 945 2.0
582 980 1.0
582 981 11.0
582 988 1.0
582 989 15.0
582 993 3.0
582 1049 1.0
583 584 39.0
583 585 3.0
583 589 1.0
583 590 122.0
583 591 513.0
583 592 1474.0
583 593 2338.0
583 594 38.0
583 595 3.0
583 599 9.0
583 600 2.0
583 601 9.0
583 602 936.0
583 603 51.0
583 610 67.0
583 611 2.0
583 636 5.0
583 646 25.0
583 657 13.0
583 658 10.0
583 669 39.0
583 670 79.0
583 672 17.0
583 675 1.0
583 680 44.0
583 681 14.0
583 682 306.0
583 683 17.0
583 684 225.0
583 688 2.0
583 690 1.0
583 691 6.0
583 692 7.0
583 693 4.0
583 694 82.0
583 695 1.0
583 696 12.0
583 698 1.0
583 701 7.0
583 703 37.0
583 704 168.0
583 705 14.0
583 706 104.0
583 707 49.0
583 708 9.0
583 710 1.0
583 711 27.0
583 712 95.0
583 713 116.0
583 714 25.0
583 715 1358.0
583 716 7.0
583 717 131.0
583 721 12.0
583 722 104.0
583 723 61.0
583 724 151.0
583 725 64.0
583 726 17.0
583 727 34.0
583 728 3.0
583 732 15.0
583 733 2.0
583 734 11.0
583 735 7.0
583 736 8.0
583 737 2.0
583 738 2.0
583 741 9.0
583 744 4.0
583 745 10.0
583 751 201.0
583 765 4.0
583 769 7.0
583 785 5.0
583 786 2.0
583 791 1.0
583 797 7.0
583 798 1.0
583 806 1.0
583 807 8.0
583 809 2.0
583 810 55.0
583 812 1.0
583 818 57.0
583 819 2.0
583 820 4.0
583 822 42.0
583 823 8.0
583 824 2.0
583 829 57.0
583 830 2.0
583 833 1.0
583 836 12.0
583 837 19.0
583 838 16.0
583 839 55.0
583 840 24.0
583 841 12.0
583 842 1.0
583 846 1.0
583 850 1.0
583 851 24.0
583 859 1.0
583 860 12.0
583 867 18.0
583 890 1.0
583 891 10.0
583 900 1.0
583 901 15.0
583 910 9.0
583 948 6.0
583 956 1.0
583 963 19.0
583 1026 2.0
583 1033 5.0
584 585 182.0
584 586 31.0
584 591 4.0
584 592 7.0
584 593 949.0
584 594 1382.0
584 595 159.0
584 596 61.0
584 602 91.0
584 603 352.0
584 604 3.0
584 610 100.0
584 611 13.0
584 636 20.0
584 657 1.0
584 658 6.0
584 669 786.0
584 670 7.0
584 672 15.0
584 680 27.0
584 681 149.0
584 682 83.0
584 683 6.0
584 684 93.0
584 691 20.0
584 693 384.0
584 694 3.0
584 704 7.0
584 705 294.0
584 706 1.0
584 707 1.0
584 713 4.0
584 714 4.0
584 715 4.0
584 716 16.0
584 722 1.0
584 723 1.0
584 724 1.0
584 725 8.0
584 726 824.0
584 727 136.0
584 728 10.0
584 734 3.0
584 735 32.0
584 736 412.0
584 737 2.0
584 738 17.0
584 744 360.0
584 745 265.0
584 750 7.0
584 751 699.0
584 752 5.0
584 785 1.0
584 797 1.0
584 809 5.0
584 820 37.0
584 821 97.0
584 822 10.0
584 823 3.0
584 831 100.0
584 832 12.0
584 840 1.0
584 841 1.0
584 842 1.0
584 843 1.0
584 851 2.0
584 852 18.0
584 853 5.0
584 867 5.0
584 920 4.0
584 929 4.0
584 930 21.0
584 931 2.0
584 939 149.0
584 940 3.0
584 948 10.0
584 963 2.0
584 1002 5.0
584 1003 2.0
584 1011 5.0
584 1018 9.0
584 1019 1.0
584 1026 4.0
584 1027 1.0
585 586 56.0
585 593 14.0
585 594 96.0
585 595 2.0
585 596 23.0
585 602 16.0
585 603 79.0
585 610 6.0
585 611 2.0
585 636 13.0
585 646 1.0
585 658 8.0
585 670 20.0
585 672 2.0
585 680 13.0
585 682 59.0
585 683 2.0
585 684 24.0
585 691 1.0
585 694 12.0
585 704 1.0
585 716 2.0
585 725 4.0
585 726 12.0
585 727 13.0
585 728 1.0
585 734 4.0
585 735 2.0
585 736 14.0
585 744 23.0
585 751 3.0
585 809 1.0
585 840 1.0
585 867 1.0
586 593 55.0
586 594 70.0
586 595 6.0
586 602 84.0
586 603 31.0
586 610 24.0
586 611 1.0
586 636 1.0
586 658 1.0
586 682 1.0
586 706 2.0
586 717 1.0
586 735 15.0
586 736 18.0
586 744 11.0
586 745 1.0
586 751 41.0
586 810 2.0
586 822 2.0
586 910 2.0
587 588 5.0
587 690 1.0
587 732 3.0
587 741 2.0
588 589 1.0
588 591 20.0
588 598 6.0
588 663 1.0
588 664 9.0
588 676 8.0
588 687 1.0
588 688 6.0
588 697 1.0
588 698 17.0
588 699 1.0
588 700 206.0
588 711 174.0
588 721 75.0
588 722 1.0
588 723 20.0
588 730 5.0
588 731 21.0
588 732 11.0
588 733 6.0
588 739 1.0
588 741 4.0
588 780 1.0
588 792 15.0
588 793 5.0
588 804 122.0
588 814 2.0
588 816 50.0
588 818 19.0
588 827 6.0
588 829 19.0
588 837 15.0
588 838 4.0
588 839 18.0
588 847 9.0
588 848 1.0
588 895 1.0
588 905 2.0
588 915 1.0
588 925 1.0
588 935 1.0
588 945 2.0
588 981 2.0
588 1030 1.0
589 590 87.0
589 591 23.0
589 592 1.0
589 598 437.0
589 599 90.0
589 600 1.0
589 607 39.0
589 614 1.0
589 652 1.0
589 662 1.0
589 664 15.0
589 676 8.0
589 684 2.0
589 686 1.0
589 687 2.0
589 688 1.0
589 689 29.0
589 690 3.0
589 691 1.0
589 697 1.0
589 698 43.0
589 699 2.0
589 700 33.0
589 701 19.0
589 705 1.0
589 710 3.0
589 711 182.0
589 712 82.0
589 715 6.0
589 719 1.0
589 720 7.0
589 721 945.0
589 722 136.0
589 723 36.0
589 730 18.0
589 731 286.0
589 732 43.0
589 733 2.0
589 739 7.0
589 740 39.0
589 741 58.0
589 769 21.0
589 780 1.0
589 792 25.0
589 793 6.0
589 803 1.0
589 804 31.0
589 805 4.0
589 814 2.0
589 816 28.0
589 817 10.0
589 818 9.0
589 826 20.0
589 827 34.0
589 829 3.0
589 836 5.0
589 837 358.0
589 838 177.0
589 840 1.0
589 847 123.0
589 848 232.0
589 856 1.0
589 857 3.0
589 864 1.0
589 895 2.0
589 905 1.0
589 906 10.0
589 916 1.0
589 925 3.0
589 926 16.0
589 936 7.0
589 944 7.0
589 945 72.0
589 952 11.0
589 953 144.0
589 980 1.0
589 981 6.0
589 988 3.0
589 989 7.0
589 998 4.0
589 1007 8.0
589 1015 2.0
589 1022 2.0
589 1023 1.0
589 1030 2.0
589 1045 3.0
589 1058 2.0
589 1063 1.0
590 591 380.0
590 592 7.0
590 598 79.0
590 599 2969.0
590 600 252.0
590 602 11.0
590 607 1500.0
590 610 11.0
590 657 1.0
590 663 3.0
590 664 15.0
590 669 1.0
590 670 5.0
590 676 3.0
590 677 1.0
590 682 4.0
590 683 1.0
590 684 23.0
590 688 5.0
590 689 26.0
590 690 10.0
590 693 11.0
590 697 6.0
590 698 271.0
590 699 35.0
590 700 30.0
590 701 623.0
590 710 287.0
590 711 79.0
590 712 1316.0
590 713 8.0
590 714 1.0
590 715 7.0
590 719 2.0
590 720 21.0
590 721 14.0
590 722 110.0
590 723 290.0
590 724 1.0
590 730 29.0
590 731 19.0
590 732 162.0
590 733 44.0
590 740 77.0
590 741 1084.0
590 742 54.0
590 748 18.0
590 749 1.0
590 769 10.0
590 780 3.0
590 791 2.0
590 792 2.0
590 803 6.0
590 804 7.0
590 805 2.0
590 806 73.0
590 814 1.0
590 816 5.0
590 817 7.0
590 818 170.0
590 819 1.0
590 820 1.0
590 821 1.0
590 826 4.0
590 827 4.0
590 828 10.0
590 829 240.0
590 831 4.0
590 836 1.0
590 837 45.0
590 838 56.0
590 839 117.0
590 846 1.0
590 847 1.0
590 848 29.0
590 849 10.0
590 851 1.0
590 864 1.0
590 870 1.0
590 895 2.0
590 904 1.0
590 906 2.0
590 907 4.0
590 915 1.0
590 916 1.0
590 923 1.0
590 925 7.0
590 926 1.0
590 929 1.0
590 939 7.0
590 944 22.0
590 945 35.0
590 953 42.0
590 954 4.0
590 963 1.0
590 981 2.0
590 988 5.0
590 997 1.0
590 998 1.0
590 1007 1.0
590 1019 2.0
590 1020 1.0
590 1023 1.0
590 1030 41.0
590 1045 5.0
590 1062 1.0
590 1066 1.0
591 592 421.0
591 593 1.0
591 594 2.0
591 595 2.0
591 598 8.0
591 599 24.0
591 600 11.0
591 602 8.0
591 606 2.0
591 607 16.0
591 610 7.0
591 631 4.0
591 636 1.0
591 646 2.0
591 652 7.0
591 657 1.0
591 663 3.0
591 669 4.0
591 670 19.0
591 672 9.0
591 677 1.0
591 678 2.0
591 679 1.0
591 680 6.0
591 682 14.0
591 683 2.0
591 684 22.0
591 689 2.0
591 690 11.0
591 691 1.0
591 693 6.0
591 694 21.0
591 698 3.0
591 699 1.0
591 700 4.0
591 701 15.0
591 704 3.0
591 710 3.0
591 711 6.0
591 712 71.0
591 713 436.0
591 714 1.0
591 715 18.0
591 721 6.0
591 722 63.0
591 723 2817.0
591 725 1.0
591 731 6.0
591 732 6.0
591 733 635.0
591 740 3.0
591 741 6.0
591 769 36.0
591 780 3.0
591 791 3.0
591 792 2.0
591 797 1.0
591 803 4.0
591 806 449.0
591 817 5.0
591 818 2271.0
591 820 1.0
591 822 1.0
591 829 2142.0
591 831 3.0
591 836 1.0
591 837 2.0
591 838 21.0
591 839 1192.0
591 846 1.0
591 847 2.0
591 848 5.0
591 849 39.0
591 857 15.0
591 907 3.0
591 925 1.0
591 929 1.0
591 939 3.0
591 944 1.0
591 945 20.0
591 953 5.0
591 989 2.0
591 1030 12.0
591 1066 1.0
592 593 487.0
592 594 2.0
592 595 1.0
592 598 1.0
592 600 2.0
592 602 239.0
592 603 2.0
592 607 1.0
592 610 142.0
592 636 1.0
592 646 13.0
592 656 1.0
592 657 9.0
592 658 1.0
592 669 20.0
592 670 25.0
592 672 7.0
592 680 15.0
592 682 43.0
592 683 4.0
592 684 53.0
592 694 38.0
592 704 2.0
592 706 2.0
592 707 1.0
592 711 2.0
592 712 4.0
592 713 5.0
592 714 1.0
592 715 93.0
592 716 22.0
592 717 7.0
592 721 2.0
592 722 3.0
592 724 61.0
592 725 101.0
592 726 7.0
592 727 4.0
592 732 1.0
592 733 2.0
592 734 6.0
592 735 8.0
592 737 1.0
592 738 3.0
592 741 4.0
592 751 58.0
592 765 4.0
592 769 1.0
592 774 1.0
592 784 6.0
592 785 6.0
592 796 6.0
592 797 6.0
592 807 44.0
592 808 6.0
592 809 3.0
592 810 1.0
592 819 35.0
592 821 2.0
592 822 1.0
592 830 41.0
592 832 4.0
592 836 1.0
592 837 1.0
592 840 45.0
592 841 3.0
592 842 19.0
592 846 1.0
592 850 4.0
592 851 179.0
592 852 1.0
592 860 65.0
592 867 4.0
592 889 1.0
592 890 2.0
592 899 1.0
592 900 1.0
592 910 5.0
592 920 6.0
592 930 1.0
592 939 1.0
592 956 10.0
592 963 93.0
592 968 4.0
592 993 1.0
592 1002 1.0
592 1033 7.0
593 594 215.0
593 595 25.0
593 596 72.0
593 601 33.0
593 602 3046.0
593 603 66.0
593 610 212.0
593 611 4.0
593 636 7.0
593 645 3.0
593 646 46.0
593 657 58.0
593 658 11.0
593 669 2.0
593 670 593.0
593 672 86.0
593 680 1.0
593 681 5.0
593 682 635.0
593 683 1.0
593 684 114.0
593 691 5.0
593 693 1.0
593 694 487.0
593 695 1.0
593 696 12.0
593 704 2.0
593 705 21.0
593 706 106.0
593 707 46.0
593 708 11.0
593 714 1.0
593 715 156.0
593 716 208.0
593 717 159.0
593 723 1.0
593 724 2.0
593 725 59.0
593 726 248.0
593 727 23.0
593 728 15.0
593 734 14.0
593 735 14.0
593 736 5.0
593 738 1.0
593 744 198.0
593 745 120.0
593 750 43.0
593 751 1822.0
593 752 7.0
593 756 1.0
593 763 2.0
593 764 1.0
593 765 31.0
593 784 50.0
593 785 166.0
593 786 2.0
593 795 1.0
593 796 3.0
593 797 160.0
593 798 1.0
593 807 2.0
593 809 81.0
593 810 54.0
593 812 1.0
593 818 1.0
593 819 2.0
593 821 28.0
593 822 51.0
593 823 8.0
593 824 2.0
593 829 1.0
593 830 2.0
593 831 3.0
593 832 10.0
593 833 1.0
593 840 1.0
593 841 1.0
593 842 7.0
593 851 35.0
593 859 1.0
593 860 14.0
593 867 18.0
593 880 8.0
593 889 1.0
593 890 37.0
593 891 11.0
593 899 33.0
593 900 28.0
593 901 21.0
593 910 10.0
593 939 2.0
593 948 3.0
593 956 1.0
593 963 20.0
593 978 16.0
593 993 4.0
593 1026 1.0
594 595 52.0
594 596 136.0
594 602 242.0
594 603 870.0
594 604 16.0
594 610 240.0
594 611 21.0
594 636 9.0
594 645 4.0
594 646 48.0
594 657 63.0
594 658 1.0
594 668 24.0
594 669 214.0
594 670 15.0
594 680 2.0
594 681 41.0
594 682 50.0
594 683 6.0
594 684 45.0
594 691 5.0
594 693 88.0
594 694 14.0
594 695 7.0
594 696 23.0
594 704 3.0
594 705 26.0
594 706 248.0
594 707 201.0
594 708 45.0
594 713 1.0
594 714 1.0
594 716 152.0
594 717 319.0
594 724 2.0
594 725 9.0
594 726 957.0
594 727 21.0
594 735 4.0
594 736 503.0
594 744 8.0
594 745 28.0
594 751 44.0
594 756 1.0
594 764 2.0
594 765 44.0
594 774 1.0
594 784 46.0
594 785 169.0
594 786 1.0
594 795 1.0
594 796 3.0
594 797 266.0
594 798 5.0
594 808 1.0
594 809 273.0
594 820 1.0
594 821 144.0
594 822 46.0
594 823 8.0
594 832 122.0
594 840 1.0
594 842 126.0
594 843 2.0
594 851 2.0
594 852 15.0
594 853 12.0
594 860 9.0
594 861 2.0
594 867 16.0
594 880 8.0
594 890 34.0
594 891 1.0
594 899 16.0
594 900 75.0
594 901 1.0
594 909 1.0
594 910 7.0
594 920 4.0
594 930 2.0
594 949 1.0
594 963 2.0
594 978 20.0
594 985 1.0
594 993 19.0
594 1002 2.0
594 1018 3.0
594 1027 1.0
594 1049 4.0
595 596 14.0
595 602 57.0
595 603 83.0
595 610 99.0
595 611 5.0
595 636 4.0
595 646 1.0
595 669 4.0
595 682 4.0
595 684 2.0
595 693 1.0
595 706 1.0
595 727 5.0
595 735 1.0
595 736 5.0
595 745 2.0
595 751 8.0
595 765 1.0
595 785 1.0
595 797 1.0
595 809 1.0
595 821 1.0
595 842 1.0
595 930 1.0
595 1018 2.0
596 602 75.0
596 603 12.0
596 610 28.0
596 669 7.0
596 672 2.0
596 682 2.0
596 693 2.0
596 725 2.0
596 727 1.0
596 735 15.0
596 736 7.0
596 744 18.0
596 745 8.0
596 751 64.0
596 820 6.0
596 821 11.0
596 860 1.0
596 867 2.0
596 930 5.0
596 939 5.0
596 1011 3.0
597 598 8.0
597 681 1.0
597 742 1.0
597 784 1.0
597 785 1.0
597 797 1.0
598 599 5.0
598 600 1.0
598 607 33.0
598 662 1.0
598 688 1.0
598 689 2.0
598 690 2.0
598 691 1.0
598 698 2.0
598 700 8.0
598 701 4.0
598 705 1.0
598 710 1.0
598 711 4.0
598 712 5.0
598 713 2.0
598 714 1.0
598 715 3.0
598 719 2.0
598 720 3.0
598 721 81.0
598 722 5.0
598 723 2.0
598 731 795.0
598 732 24.0
598 733 1.0
598 740 13.0
598 741 2.0
598 792 5.0
598 793 1.0
598 802 5.0
598 804 9.0
598 814 5.0
598 816 7.0
598 818 4.0
598 826 9.0
598 827 7.0
598 829 2.0
598 836 1.0
598 837 37.0
598 839 2.0
598 847 66.0
598 848 3.0
598 856 13.0
598 863 24.0
598 906 1.0
598 926 1.0
598 934 8.0
598 944 3.0
598 953 8.0
598 998 1.0
598 1022 1.0
598 1030 1.0
599 600 3.0
599 607 1682.0
599 613 1.0
599 664 1.0
599 682 2.0
599 688 4.0
599 697 3.0
599 698 17.0
599 699 10.0
599 700 3.0
599 701 54.0
599 710 21.0
599 711 31.0
599 712 140.0
599 713 8.0
599 715 1.0
599 722 3.0
599 723 4.0
599 730 4.0
599 732 31.0
599 740 1.0
599 741 26.0
599 742 14.0
599 748 12.0
599 780 1.0
599 803 1.0
599 806 1.0
599 816 4.0
599 818 3.0
599 829 30.0
599 836 1.0
599 837 1.0
599 838 6.0
599 839 3.0
599 848 2.0
599 915 1.0
599 925 1.0
599 945 6.0
599 953 2.0
599 997 1.0
599 1023 1.0
600 607 3.0
600 676 3.0
600 689 4.0
600 698 17.0
600 700 1.0
600 701 52.0
600 710 18.0
600 711 1.0
600 712 120.0
600 719 1.0
600 720 1.0
600 721 1.0
600 722 14.0
600 723 7.0
600 731 1.0
600 780 2.0
600 803 3.0
600 804 4.0
600 805 2.0
600 818 11.0
600 829 16.0
600 837 8.0
600 838 10.0
600 839 9.0
600 895 1.0
600 906 2.0
600 925 1.0
600 926 1.0
600 944 8.0
600 945 8.0
600 981 1.0
600 988 1.0
600 1007 1.0
600 1030 1.0
600 1045 1.0
601 636 1.0
601 646 2.0
601 657 4.0
601 670 15.0
601 672 1.0
601 682 15.0
601 694 12.0
601 717 2.0
601 726 7.0
601 765 2.0
601 785 4.0
601 797 7.0
601 809 7.0
601 821 2.0
601 900 1.0
602 603 6.0
602 609 53.0
602 610 1481.0
602 611 1.0
602 636 6.0
602 646 10.0
602 657 1.0
602 669 6.0
602 670 237.0
602 672 3.0
602 680 1.0
602 681 4.0
602 682 264.0
602 684 51.0
602 691 1.0
602 693 1.0
602 694 197.0
602 695 1.0
602 696 12.0
602 705 13.0
602 706 39.0
602 707 31.0
602 708 10.0
602 715 84.0
602 716 31.0
602 717 118.0
602 723 1.0
602 725 94.0
602 726 7.0
602 727 7.0
602 728 1.0
602 734 4.0
602 735 7.0
602 736 5.0
602 744 97.0
602 745 2.0
602 750 18.0
602 751 982.0
602 752 4.0
602 784 1.0
602 785 2.0
602 797 2.0
602 809 4.0
602 810 13.0
602 818 1.0
602 822 13.0
602 823 1.0
602 829 1.0
602 842 13.0
602 850 4.0
602 851 146.0
602 860 131.0
602 867 12.0
602 900 1.0
602 910 8.0
602 920 1.0
602 956 1.0
602 963 126.0
602 968 4.0
602 1002 1.0
602 1018 1.0
603 604 5.0
603 610 265.0
603 611 56.0
603 636 3.0
603 657 2.0
603 658 1.0
603 669 11.0
603 670 14.0
603 672 1.0
603 680 1.0
603 681 3.0
603 682 26.0
603 683 8.0
603 684 22.0
603 691 2.0
603 693 6.0
603 694 14.0
603 696 5.0
603 705 4.0
603 706 29.0
603 707 25.0
603 708 4.0
603 716 2.0
603 725 41.0
603 726 139.0
603 727 19.0
603 735 29.0
603 736 230.0
603 738 13.0
603 745 2.0
603 751 16.0
603 785 7.0
603 797 43.0
603 798 7.0
603 809 40.0
603 821 48.0
603 832 60.0
603 842 65.0
603 843 2.0
603 850 1.0
603 852 27.0
603 853 1.0
603 860 38.0
603 861 2.0
603 867 47.0
603 900 25.0
603 910 1.0
603 920 2.0
603 949 12.0
603 1018 1.0
603 1027 12.0
604 612 6.0
604 636 1.0
604 645 1.0
604 646 3.0
604 657 2.0
604 706 3.0
604 707 4.0
604 708 1.0
604 716 1.0
604 717 9.0
604 725 4.0
604 726 7.0
604 735 1.0
604 736 17.0
604 751 2.0
604 764 1.0
604 765 3.0
604 784 1.0
604 785 5.0
604 797 7.0
604 798 3.0
604 809 6.0
604 821 4.0
604 832 7.0
604 842 7.0
604 852 4.0
604 880 1.0
604 890 1.0
604 900 4.0
604 920 2.0
606 715 1.0
606 725 1.0
607 613 1.0
607 664 1.0
607 688 2.0
607 689 1.0
607 699 3.0
607 700 1.0
607 701 8.0
607 710 3.0
607 711 16.0
607 712 70.0
607 713 7.0
607 721 13.0
607 722 2.0
607 723 2.0
607 730 4.0
607 731 15.0
607 732 17.0
607 741 57.0
607 742 1.0
607 769 2.0
607 780 1.0
607 803 1.0
607 806 1.0
607 816 2.0
607 826 1.0
607 829 2.0
607 836 2.0
607 837 2.0
607 847 1.0
607 915 1.0
607 945 1.0
607 997 1.0
608 614 2.0
608 712 2.0
608 742 7.0
608 838 2.0
608 848 1.0
608 858 7.0
608 953 4.0
608 960 4.0
610 611 64.0
610 636 7.0
610 646 6.0
610 657 1.0
610 669 4.0
610 670 14.0
610 672 3.0
610 680 2.0
610 681 3.0
610 682 23.0
610 683 2.0
610 684 13.0
610 691 3.0
610 693 2.0
610 694 11.0
610 696 6.0
610 705 3.0
610 706 33.0
610 707 35.0
610 708 10.0
610 715 30.0
610 716 16.0
610 717 3.0
610 725 65.0
610 726 65.0
610 727 12.0
610 734 1.0
610 735 2.0
610 736 31.0
610 738 4.0
610 744 84.0
610 751 26.0
610 752 20.0
610 785 1.0
610 797 1.0
610 809 5.0
610 821 2.0
610 832 2.0
610 842 11.0
610 843 5.0
610 850 3.0
610 851 96.0
610 852 18.0
610 853 1.0
610 860 96.0
610 861 4.0
610 867 33.0
610 920 1.0
610 949 3.0
610 956 1.0
610 963 81.0
610 968 1.0
610 1002 1.0
610 1018 1.0
610 1027 3.0
611 682 2.0
611 684 1.0
611 691 2.0
611 696 1.0
611 706 4.0
611 707 3.0
611 708 2.0
611 726 11.0
611 736 3.0
611 797 3.0
611 809 4.0
611 821 2.0
611 832 3.0
611 842 3.0
611 900 3.0
612 725 1.0
612 736 6.0
612 751 2.0
612 797 1.0
612 798 1.0
612 809 1.0
612 821 1.0
612 832 2.0
612 842 2.0
612 852 1.0
612 900 1.0
612 920 1.0
613 614 2.0
613 712 1.0
613 848 1.0
613 858 1.0
613 953 1.0
613 960 2.0
614 721 1.0
614 742 2.0
614 858 2.0
617 623 1.0
617 632 1.0
617 643 1.0
618 622 1.0
618 623 2.0
618 624 2.0
618 632 2.0
618 640 1.0
618 642 2.0
618 767 1.0
619 626 1.0
619 627 1.0
619 628 7.0
619 634 4.0
619 644 1.0
619 645 4.0
619 706 1.0
619 764 1.0
619 772 1.0
619 785 1.0
619 874 3.0
619 880 1.0
620 623 1.0
620 625 6.0
620 626 24.0
620 634 1.0
620 636 2.0
620 644 5.0
620 645 6.0
620 655 5.0
620 667 2.0
620 754 1.0
620 756 1.0
620 764 3.0
620 795 2.0
620 879 1.0
620 880 6.0
621 622 70.0
621 623 1.0
621 629 106.0
621 630 106.0
622 623 81.0
622 629 317.0
622 630 335.0
622 631 8.0
622 632 3.0
622 641 2.0
622 642 5.0
622 652 4.0
622 676 1.0
622 753 6.0
622 754 1.0
622 761 1.0
622 791 1.0
622 803 1.0
623 624 10.0
623 626 1.0
623 629 1.0
623 630 1.0
623 632 5.0
623 634 1.0
623 641 11.0
623 642 7.0
623 643 2.0
623 645 1.0
623 652 11.0
623 699 19.0
623 711 1.0
623 754 36.0
623 755 2.0
623 761 23.0
623 769 4.0
623 780 23.0
623 791 18.0
623 803 19.0
623 815 19.0
623 878 1.0
624 640 1.0
624 699 9.0
624 754 10.0
624 761 10.0
624 767 1.0
624 769 1.0
624 780 10.0
624 791 8.0
624 803 9.0
624 815 9.0
625 626 57.0
625 627 1.0
625 635 1.0
625 636 1.0
625 637 1.0
625 645 21.0
625 646 3.0
625 657 2.0
625 756 5.0
625 757 1.0
625 763 2.0
625 764 1.0
625 879 5.0
626 627 5.0
626 628 9.0
626 634 1.0
626 635 7.0
626 636 32.0
626 644 3.0
626 645 164.0
626 646 17.0
626 655 2.0
626 657 15.0
626 658 1.0
626 667 2.0
626 670 4.0
626 682 3.0
626 694 3.0
626 706 11.0
626 717 3.0
626 754 1.0
626 757 20.0
626 758 4.0
626 763 1.0
626 764 51.0
626 772 1.0
626 785 4.0
626 810 1.0
626 874 4.0
626 879 9.0
626 880 32.0
626 881 9.0
626 972 4.0
627 628 8.0
627 635 5.0
627 636 54.0
627 637 3.0
627 645 7.0
627 647 62.0
627 655 2.0
627 670 10.0
627 680 1.0
627 682 7.0
627 694 9.0
627 706 10.0
627 756 1.0
627 757 14.0
627 758 4.0
627 763 2.0
627 764 3.0
627 797 1.0
627 810 9.0
627 879 1.0
627 880 5.0
628 635 3.0
628 636 23.0
628 637 8.0
628 645 2.0
628 646 2.0
628 647 19.0
628 657 2.0
628 658 1.0
628 670 5.0
628 694 4.0
628 706 9.0
628 757 1.0
628 758 2.0
628 764 11.0
628 784 1.0
628 810 6.0
628 874 3.0
628 879 4.0
628 880 1.0
628 890 1.0
629 630 616.0
629 632 1.0
629 633 5.0
629 640 4.0
629 642 1.0
629 652 2.0
629 653 1.0
629 753 2.0
629 762 4.0
629 767 2.0
629 768 1.0
630 631 5.0
630 632 1.0
630 633 5.0
630 640 28.0
630 642 1.0
630 652 2.0
630 653 1.0
630 699 5.0
630 753 2.0
630 762 4.0
630 767 3.0
630 780 5.0
630 791 5.0
630 794 1.0
630 803 5.0
630 815 5.0
631 640 620.0
631 641 2086.0
631 642 1.0
631 650 142.0
631 651 41.0
631 652 962.0
631 653 24.0
631 661 11.0
631 662 31.0
631 663 59.0
631 664 81.0
631 675 66.0
631 676 4.0
631 678 1.0
631 687 157.0
631 688 1.0
631 699 418.0
631 700 232.0
631 711 17.0
631 721 3.0
631 724 1.0
631 753 42.0
631 754 277.0
631 759 87.0
631 760 15.0
631 761 2.0
631 769 64.0
631 770 2.0
631 778 1.0
631 779 9.0
631 780 789.0
631 781 1.0
631 791 1252.0
631 793 8.0
631 794 2.0
631 803 1213.0
631 804 1.0
631 806 1.0
631 815 187.0
631 816 2.0
631 818 1.0
631 827 2.0
631 873 53.0
631 877 1.0
631 885 16.0
631 886 1.0
631 895 19.0
631 896 3.0
631 903 1.0
631 906 3.0
631 924 2.0
631 981 3.0
632 634 2.0
632 640 4.0
632 641 3.0
632 642 14.0
632 643 7.0
632 652 10.0
632 653 1.0
632 753 3.0
632 754 6.0
632 760 4.0
632 769 4.0
633 762 15.0
633 791 1.0
634 636 1.0
634 643 1.0
634 644 161.0
634 645 17.0
634 646 14.0
634 655 1.0
634 656 2.0
634 657 13.0
634 669 2.0
634 670 33.0
634 678 1.0
634 679 1.0
634 682 32.0
634 691 1.0
634 694 38.0
634 706 21.0
634 717 1.0
634 756 1.0
634 757 1.0
634 763 8.0
634 764 148.0
634 784 20.0
634 785 1.0
634 810 7.0
634 820 1.0
634 880 151.0
634 890 16.0
634 972 2.0
635 636 16.0
635 644 13.0
635 645 264.0
635 646 14.0
635 647 1.0
635 655 5.0
635 656 39.0
635 657 229.0
635 658 96.0
635 669 112.0
635 670 308.0
635 671 2.0
635 672 2.0
635 682 95.0
635 694 171.0
635 706 273.0
635 713 1.0
635 756 1.0
635 757 5.0
635 758 7.0
635 764 1986.0
635 765 3.0
635 773 144.0
635 783 10.0
635 784 11.0
635 785 10.0
635 795 7.0
635 797 145.0
635 807 6.0
635 810 162.0
635 819 6.0
635 830 5.0
635 840 2.0
635 879 1.0
635 880 1812.0
635 881 39.0
635 888 1.0
635 890 3.0
635 909 1.0
635 992 1.0
635 993 2.0
635 1049 1.0
636 645 62.0
636 646 2249.0
636 647 330.0
636 656 35.0
636 657 1555.0
636 658 103.0
636 659 69.0
636 664 1.0
636 669 797.0
636 670 403.0
636 676 1.0
636 680 58.0
636 681 6.0
636 682 40.0
636 691 2.0
636 693 25.0
636 694 199.0
636 701 1.0
636 703 1.0
636 704 1.0
636 706 1669.0
636 712 2.0
636 713 3.0
636 714 12.0
636 715 5.0
636 716 13.0
636 717 127.0
636 724 46.0
636 725 9.0
636 726 36.0
636 727 86.0
636 736 1.0
636 744 4.0
636 757 1.0
636 764 15.0
636 765 622.0
636 774 14.0
636 775 3.0
636 784 80.0
636 785 428.0
636 792 1.0
636 793 1.0
636 795 13.0
636 796 8.0
636 797 213.0
636 807 40.0
636 808 8.0
636 809 17.0
636 810 389.0
636 819 25.0
636 820 2.0
636 821 12.0
636 830 25.0
636 831 27.0
636 832 3.0
636 837 2.0
636 838 1.0
636 840 49.0
636 841 2.0
636 850 1.0
636 851 2.0
636 860 2.0
636 879 1.0
636 880 5.0
636 882 6.0
636 888 1.0
636 889 4.0
636 890 5.0
636 899 5.0
636 909 2.0
636 919 1.0
636 929 1.0
636 930 10.0
636 931 4.0
636 939 22.0
636 940 1.0
636 948 2.0
636 963 2.0
636 972 1.0
636 981 1.0
636 992 1.0
636 1000 1.0
636 1011 2.0
637 646 1.0
637 647 16.0
637 657 1.0
637 659 1.0
637 706 1.0
637 756 1.0
637 763 1.0
637 879 1.0
639 640 1.0
639 650 154.0
640 641 18.0
640 650 218.0
640 651 27.0
640 652 10.0
640 653 8.0
640 663 4.0
640 675 4.0
640 678 1.0
640 687 3.0
640 699 9.0
640 753 38.0
640 754 221.0
640 760 91.0
640 761 1.0
640 762 2.0
640 767 59.0
640 768 3.0
640 769 66.0
640 780 14.0
640 791 26.0
640 794 5.0
640 803 26.0
640 806 2.0
640 815 7.0
640 818 2.0
640 873 33.0
640 877 10.0
641 651 8.0
641 652 941.0
641 653 14.0
641 661 1.0
641 662 3.0
641 663 21.0
641 664 96.0
641 675 72.0
641 676 6.0
641 678 1.0
641 687 166.0
641 688 1.0
641 699 1136.0
641 700 337.0
641 711 107.0
641 721 1.0
641 724 2.0
641 753 269.0
641 754 23.0
641 759 87.0
641 760 94.0
641 761 1.0
641 769 166.0
641 770 2.0
641 779 12.0
641 780 1616.0
641 781 28.0
641 791 2018.0
641 792 1.0
641 793 9.0
641 803 2000.0
641 804 2.0
641 815 870.0
641 816 2.0
641 827 3.0
641 837 1.0
641 873 3.0
641 877 3.0
641 878 1.0
641 885 18.0
641 886 6.0
641 895 27.0
641 896 2.0
641 906 1.0
641 924 2.0
641 969 1.0
641 981 1.0
642 643 3.0
642 652 89.0
642 653 1.0
642 675 34.0
642 676 5.0
642 687 26.0
642 699 80.0
642 700 7.0
642 753 13.0
642 754 16.0
642 761 43.0
642 762 3.0
642 780 82.0
642 791 55.0
642 803 118.0
642 804 5.0
642 815 80.0
642 873 4.0
642 878 3.0
643 645 1.0
643 646 1.0
643 653 4.0
643 699 4.0
643 700 5.0
643 706 1.0
643 780 5.0
643 803 5.0
643 815 5.0
644 645 277.0
644 646 137.0
644 655 24.0
644 656 6.0
644 657 274.0
644 667 4.0
644 668 1.0
644 669 107.0
644 670 47.0
644 678 2.0
644 679 2.0
644 682 31.0
644 689 1.0
644 691 2.0
644 694 41.0
644 706 184.0
644 713 1.0
644 714 6.0
644 724 1.0
644 727 2.0
644 756 4.0
644 757 1.0
644 763 34.0
644 764 186.0
644 772 94.0
644 783 36.0
644 795 33.0
644 796 1.0
644 807 34.0
644 810 26.0
644 819 34.0
644 820 1.0
644 830 24.0
644 840 15.0
644 874 1.0
644 879 2.0
644 880 186.0
644 889 1.0
644 899 2.0
644 909 2.0
644 972 6.0
645 646 439.0
645 656 70.0
645 657 1298.0
645 658 1.0
645 668 3.0
645 669 255.0
645 670 165.0
645 680 2.0
645 681 13.0
645 682 23.0
645 693 1.0
645 694 111.0
645 705 3.0
645 706 854.0
645 714 15.0
645 716 20.0
645 717 99.0
645 722 1.0
645 724 19.0
645 725 2.0
645 726 14.0
645 727 35.0
645 756 40.0
645 757 4.0
645 763 166.0
645 764 355.0
645 765 2.0
645 772 76.0
645 773 57.0
645 774 2.0
645 783 1.0
645 784 14.0
645 785 314.0
645 795 2.0
645 796 11.0
645 797 185.0
645 807 20.0
645 808 54.0
645 809 90.0
645 810 165.0
645 819 13.0
645 821 13.0
645 830 4.0
645 831 9.0
645 832 6.0
645 840 8.0
645 842 1.0
645 874 5.0
645 879 4.0
645 880 348.0
645 881 66.0
645 888 3.0
645 890 8.0
645 891 1.0
645 898 1.0
645 899 8.0
645 900 1.0
645 901 1.0
645 909 6.0
645 919 38.0
645 929 1.0
645 939 4.0
645 948 8.0
645 972 3.0
645 977 2.0
645 992 2.0
645 1000 31.0
645 1001 3.0
645 1026 3.0
645 1049 1.0
645 1060 22.0
646 647 31.0
646 656 345.0
646 657 5575.0
646 658 58.0
646 659 57.0
646 664 1.0
646 669 3593.0
646 670 209.0
646 676 1.0
646 680 2.0
646 681 95.0
646 682 25.0
646 691 59.0
646 692 1.0
646 693 92.0
646 694 82.0
646 698 1.0
646 699 1.0
646 701 6.0
646 703 1.0
646 704 2.0
646 705 17.0
646 706 3574.0
646 710 1.0
646 712 11.0
646 713 12.0
646 714 208.0
646 715 5.0
646 716 142.0
646 717 437.0
646 721 3.0
646 722 4.0
646 724 262.0
646 725 52.0
646 726 174.0
646 727 179.0
646 728 2.0
646 732 1.0
646 735 3.0
646 744 11.0
646 745 1.0
646 751 8.0
646 756 46.0
646 757 2.0
646 763 100.0
646 764 17.0
646 765 2634.0
646 772 42.0
646 773 26.0
646 774 80.0
646 775 2.0
646 783 6.0
646 784 461.0
646 785 1985.0
646 792 1.0
646 793 1.0
646 795 133.0
646 796 103.0
646 797 1218.0
646 807 281.0
646 808 55.0
646 809 142.0
646 810 206.0
646 818 4.0
646 819 239.0
646 820 16.0
646 821 62.0
646 829 2.0
646 830 198.0
646 831 35.0
646 832 14.0
646 833 8.0
646 837 2.0
646 838 1.0
646 839 3.0
646 840 230.0
646 841 6.0
646 843 1.0
646 850 1.0
646 851 3.0
646 867 3.0
646 874 2.0
646 879 4.0
646 880 213.0
646 881 194.0
646 882 1.0
646 888 1.0
646 889 14.0
646 890 11.0
646 891 1.0
646 899 16.0
646 909 11.0
646 919 4.0
646 929 7.0
646 930 43.0
646 931 15.0
646 939 38.0
646 940 1.0
646 948 5.0
646 949 1.0
646 963 3.0
646 972 1.0
646 981 1.0
646 992 8.0
646 1000 1.0
646 1001 3.0
646 1011 7.0
646 1018 1.0
646 1019 1.0
646 1020 1.0
646 1026 1.0
646 1049 2.0
647 657 48.0
647 658 38.0
647 659 56.0
647 669 28.0
647 670 22.0
647 680 6.0
647 682 7.0
647 694 16.0
647 706 46.0
647 714 4.0
647 717 3.0
647 724 4.0
647 757 2.0
647 764 1.0
647 766 3.0
647 774 6.0
647 775 3.0
647 784 9.0
647 785 1.0
647 795 1.0
647 797 7.0
647 807 9.0
647 810 19.0
647 819 5.0
647 830 7.0
647 840 5.0
648 657 2.0
648 669 2.0
649 650 240.0
649 653 6.0
650 651 26.0
650 653 2.0
650 699 1.0
650 753 6.0
650 754 13.0
650 760 7.0
650 767 84.0
650 768 21.0
650 769 51.0
650 778 187.0
650 779 6.0
650 780 1.0
650 791 1.0
650 803 1.0
650 815 1.0
650 873 6.0
650 875 1.0
650 877 2.0
650 895 17.0
650 981 17.0
651 663 26.0
651 699 3.0
651 700 1.0
651 767 34.0
651 769 14.0
651 778 40.0
651 779 111.0
651 780 26.0
651 781 7.0
651 790 14.0
651 791 6.0
651 793 16.0
651 794 5.0
651 803 3.0
651 815 3.0
651 877 5.0
651 885 5.0
651 893 114.0
651 895 153.0
651 896 2.0
651 903 103.0
651 906 15.0
651 981 68.0
652 653 24.0
652 664 5.0
652 665 2.0
652 675 143.0
652 676 12.0
652 687 235.0
652 688 3.0
652 699 462.0
652 700 80.0
652 711 63.0
652 712 1.0
652 721 5.0
652 753 181.0
652 754 70.0
652 759 13.0
652 760 1.0
652 761 104.0
652 762 1.0
652 769 6.0
652 770 7.0
652 780 870.0
652 791 848.0
652 794 1.0
652 803 1016.0
652 804 9.0
652 805 2.0
652 806 1.0
652 815 379.0
652 816 3.0
652 826 1.0
652 827 5.0
652 846 1.0
652 873 9.0
652 878 6.0
652 886 1.0
652 895 2.0
652 924 3.0
652 969 3.0
652 974 1.0
652 981 2.0
653 663 4.0
653 664 36.0
653 665 94.0
653 675 4.0
653 676 29.0
653 678 15.0
653 679 10.0
653 680 3.0
653 686 1.0
653 687 5.0
653 689 3.0
653 690 4.0
653 691 1.0
653 699 84.0
653 700 32.0
653 701 2.0
653 702 6.0
653 704 1.0
653 710 21.0
653 713 1.0
653 714 1.0
653 715 3.0
653 754 5.0
653 761 2.0
653 770 20.0
653 771 42.0
653 780 11.0
653 781 5.0
653 782 245.0
653 791 43.0
653 792 21.0
653 793 27.0
653 794 201.0
653 803 89.0
653 804 33.0
653 805 68.0
653 806 201.0
653 815 62.0
653 816 10.0
653 817 3.0
653 818 46.0
653 829 4.0
653 840 1.0
653 887 2.0
653 916 1.0
653 924 1.0
653 969 1.0
653 998 1.0
653 1052 1.0
654 678 9.0
654 689 1.0
654 690 1.0
654 691 2.0
654 701 1.0
654 702 1.0
654 771 23.0
654 782 1.0
654 794 7.0
654 806 7.0
654 818 7.0
654 829 2.0
655 656 14.0
655 666 1.0
655 667 5.0
655 668 3.0
655 670 1.0
655 678 1.0
655 680 1.0
655 682 1.0
655 683 1.0
655 691 2.0
655 693 1.0
655 705 1.0
655 713 1.0
655 714 17.0
655 715 1.0
655 724 1.0
655 764 4.0
655 772 3.0
655 783 416.0
655 785 1.0
655 795 421.0
655 796 5.0
655 797 4.0
655 800 1.0
655 807 198.0
655 808 4.0
655 809 3.0
655 819 199.0
655 821 1.0
655 830 46.0
655 831 1.0
655 840 32.0
655 841 2.0
655 880 4.0
655 888 4.0
655 889 29.0
655 899 39.0
655 908 8.0
655 909 206.0
655 910 1.0
655 919 13.0
655 928 1.0
655 929 10.0
655 930 1.0
655 938 2.0
655 939 7.0
655 948 2.0
655 955 1.0
655 984 1.0
655 985 1.0
655 992 184.0
655 993 7.0
655 1001 2.0
655 1026 2.0
655 1049 88.0
655 1054 1.0
656 657 683.0
656 658 24.0
656 659 1.0
656 668 7.0
656 669 775.0
656 670 32.0
656 678 1.0
656 680 6.0
656 681 1.0
656 682 11.0
656 684 1.0
656 691 3.0
656 694 11.0
656 706 35.0
656 712 1.0
656 713 38.0
656 714 573.0
656 721 1.0
656 724 454.0
656 727 18.0
656 756 6.0
656 763 2.0
656 764 29.0
656 765 315.0
656 772 2.0
656 773 2.0
656 774 4.0
656 783 651.0
656 784 839.0
656 785 494.0
656 795 1781.0
656 796 225.0
656 797 103.0
656 807 2333.0
656 808 83.0
656 810 7.0
656 819 2234.0
656 820 2.0
656 830 778.0
656 840 509.0
656 841 13.0
656 851 1.0
656 880 44.0
656 881 1.0
656 888 1.0
656 889 31.0
656 890 27.0
656 898 5.0
656 899 2.0
656 900 1.0
656 908 1.0
656 909 7.0
656 918 21.0
656 919 1.0
656 929 2.0
656 939 1.0
656 955 1.0
656 963 1.0
656 992 11.0
656 993 1.0
656 1049 3.0
657 658 149.0
657 659 81.0
657 664 1.0
657 668 4.0
657 669 3981.0
657 670 631.0
657 676 1.0
657 677 1.0
657 680 10.0
657 681 214.0
657 682 25.0
657 684 1.0
657 691 66.0
657 692 2.0
657 693 17.0
657 694 332.0
657 698 1.0
657 699 1.0
657 703 1.0
657 704 2.0
657 705 27.0
657 706 5293.0
657 710 1.0
657 712 2.0
657 713 10.0
657 714 496.0
657 715 12.0
657 716 292.0
657 717 278.0
657 721 3.0
657 722 7.0
657 723 1.0
657 724 960.0
657 725 142.0
657 726 252.0
657 727 337.0
657 728 2.0
657 732 1.0
657 735 9.0
657 736 11.0
657 738 3.0
657 744 14.0
657 745 2.0
657 751 9.0
657 756 53.0
657 757 3.0
657 763 143.0
657 764 217.0
657 765 2880.0
657 772 74.0
657 773 138.0
657 774 643.0
657 775 9.0
657 776 1.0
657 783 6.0
657 784 1599.0
657 785 3394.0
657 792 1.0
657 793 1.0
657 795 216.0
657 796 698.0
657 797 2631.0
657 806 1.0
657 807 702.0
657 808 473.0
657 809 1017.0
657 810 664.0
657 818 2.0
657 819 521.0
657 820 14.0
657 821 523.0
657 822 1.0
657 823 1.0
657 829 2.0
657 830 449.0
657 831 53.0
657 832 422.0
657 833 1.0
657 839 2.0
657 840 656.0
657 841 27.0
657 842 235.0
657 843 13.0
657 847 1.0
657 850 2.0
657 851 24.0
657 852 13.0
657 860 9.0
657 861 7.0
657 867 8.0
657 874 2.0
657 879 11.0
657 880 451.0
657 881 696.0
657 882 1.0
657 888 5.0
657 889 60.0
657 890 27.0
657 891 10.0
657 898 1.0
657 899 68.0
657 900 2.0
657 901 1.0
657 909 20.0
657 910 1.0
657 919 71.0
657 920 60.0
657 929 1.0
657 930 8.0
657 931 1.0
657 939 79.0
657 947 4.0
657 948 36.0
657 949 21.0
657 955 4.0
657 963 21.0
657 972 1.0
657 977 1.0
657 981 1.0
657 992 12.0
657 993 1.0
657 1000 54.0
657 1001 6.0
657 1002 10.0
657 1009 1.0
657 1011 34.0
657 1017 1.0
657 1018 1.0
657 1026 7.0
657 1027 38.0
657 1049 5.0
657 1055 1.0
657 1056 1.0
657 1060 40.0
657 1062 10.0
657 1065 1.0
658 659 182.0
658 668 8.0
658 669 184.0
658 670 589.0
658 671 8.0
658 672 5.0
658 680 1.0
658 681 1.0
658 682 22.0
658 694 151.0
658 706 697.0
658 714 17.0
658 716 53.0
658 717 10.0
658 724 21.0
658 725 4.0
658 726 44.0
658 736 1.0
658 764 63.0
658 766 1.0
658 773 15.0
658 774 64.0
658 775 9.0
658 784 35.0
658 785 72.0
658 796 53.0
658 797 371.0
658 807 10.0
658 808 45.0
658 809 117.0
658 810 302.0
658 819 8.0
658 820 13.0
658 821 66.0
658 830 6.0
658 831 2.0
658 832 28.0
658 840 3.0
658 841 1.0
658 850 1.0
658 853 1.0
658 880 41.0
658 890 29.0
658 891 3.0
658 898 1.0
658 899 28.0
658 900 15.0
658 910 11.0
658 919 1.0
658 948 2.0
658 977 3.0
658 978 4.0
658 983 5.0
658 984 7.0
658 991 1.0
658 993 3.0
659 669 27.0
659 670 23.0
659 671 3.0
659 680 2.0
659 691 2.0
659 694 7.0
659 705 1.0
659 706 96.0
659 714 4.0
659 716 17.0
659 717 3.0
659 724 1.0
659 725 1.0
659 726 11.0
659 757 1.0
659 774 11.0
659 784 7.0
659 797 58.0
659 807 5.0
659 809 31.0
659 810 14.0
659 819 4.0
659 821 25.0
659 830 5.0
659 831 1.0
659 832 6.0
659 840 2.0
659 841 1.0
659 890 2.0
659 910 1.0
659 955 1.0
659 993 1.0
661 662 153.0
661 663 71.0
661 664 1.0
661 665 2.0
661 666 1.0
661 676 18.0
661 687 1.0
661 688 26.0
661 697 1.0
661 698 2.0
661 699 8.0
661 700 12.0
661 710 1.0
661 724 4.0
661 732 1.0
661 770 1.0
661 779 1.0
661 780 2.0
661 781 4.0
661 791 1.0
661 792 2.0
661 793 15.0
661 804 30.0
661 816 2.0
661 886 2.0
661 895 6.0
661 896 1.0
661 906 7.0
661 907 3.0
661 914 2.0
661 915 1.0
661 969 1.0
661 980 1.0
661 981 4.0
661 989 2.0
661 997 1.0
662 663 505.0
662 664 5.0
662 665 3.0
662 666 2.0
662 675 20.0
662 676 222.0
662 686 1.0
662 687 1.0
662 688 168.0
662 697 5.0
662 698 10.0
662 699 30.0
662 700 81.0
662 710 10.0
662 711 4.0
662 721 22.0
662 724 44.0
662 732 3.0
662 741 2.0
662 769 2.0
662 770 1.0
662 778 1.0
662 779 2.0
662 780 6.0
662 781 16.0
662 790 16.0
662 791 64.0
662 792 57.0
662 793 34.0
662 801 1.0
662 802 20.0
662 803 13.0
662 804 84.0
662 805 17.0
662 816 12.0
662 886 18.0
662 893 10.0
662 895 35.0
662 896 2.0
662 903 12.0
662 906 24.0
662 907 3.0
662 914 11.0
662 915 3.0
662 924 2.0
662 969 12.0
662 974 4.0
662 980 3.0
662 981 34.0
662 989 3.0
662 990 1.0
662 997 2.0
663 664 8.0
663 665 6.0
663 666 4.0
663 667 2.0
663 668 2.0
663 675 137.0
663 676 438.0
663 678 4.0
663 679 2.0
663 680 6.0
663 687 2.0
663 688 313.0
663 690 3.0
663 692 1.0
663 697 8.0
663 698 19.0
663 699 37.0
663 700 129.0
663 710 17.0
663 711 16.0
663 712 13.0
663 713 1.0
663 721 60.0
663 724 83.0
663 730 3.0
663 731 3.0
663 732 8.0
663 741 4.0
663 769 5.0
663 770 5.0
663 778 4.0
663 779 20.0
663 780 53.0
663 781 145.0
663 790 35.0
663 791 1769.0
663 792 1143.0
663 793 666.0
663 794 90.0
663 801 1.0
663 802 51.0
663 803 81.0
663 804 132.0
663 805 4.0
663 806 2.0
663 815 2.0
663 816 5.0
663 818 1.0
663 826 1.0
663 827 1.0
663 836 1.0
663 837 1.0
663 847 1.0
663 877 3.0
663 886 46.0
663 893 15.0
663 895 1487.0
663 896 321.0
663 903 21.0
663 904 1.0
663 905 2.0
663 906 173.0
663 907 3.0
663 913 3.0
663 914 11.0
663 926 3.0
663 934 1.0
663 935 9.0
663 944 3.0
663 945 4.0
663 952 10.0
663 969 16.0
663 974 113.0
663 980 27.0
663 981 1669.0
663 989 6.0
663 990 1.0
663 1007 3.0
664 665 181.0
664 666 7.0
664 667 7.0
664 668 6.0
664 669 1.0
664 675 8.0
664 676 704.0
664 678 19.0
664 679 2.0
664 684 2.0
664 686 3.0
664 687 11.0
664 688 4.0
664 689 2.0
664 690 12.0
664 691 3.0
664 692 8.0
664 697 1.0
664 698 83.0
664 699 532.0
664 700 447.0
664 701 1.0
664 702 1.0
664 710 269.0
664 711 45.0
664 712 21.0
664 713 2.0
664 714 1.0
664 715 5.0
664 721 206.0
664 723 3.0
664 724 160.0
664 730 9.0
664 731 20.0
664 732 48.0
664 741 34.0
664 742 1.0
664 753 4.0
664 769 40.0
664 770 1.0
664 780 387.0
664 790 3.0
664 791 435.0
664 792 631.0
664 793 365.0
664 794 39.0
664 803 575.0
664 804 112.0
664 805 15.0
664 806 18.0
664 814 2.0
664 815 51.0
664 816 103.0
664 817 4.0
664 818 3.0
664 827 13.0
664 839 3.0
664 847 2.0
664 895 92.0
664 896 67.0
664 904 2.0
664 905 100.0
664 906 82.0
664 914 1.0
664 915 59.0
664 924 7.0
664 925 49.0
664 926 1.0
664 935 38.0
664 936 3.0
664 944 14.0
664 945 11.0
664 952 1.0
664 974 30.0
664 980 15.0
664 981 273.0
664 988 2.0
664 997 5.0
664 1005 10.0
664 1006 2.0
664 1007 1.0
664 1013 11.0
664 1014 4.0
664 1022 1.0
664 1045 1.0
664 1046 1.0
664 1052 5.0
665 666 10.0
665 667 7.0
665 668 6.0
665 676 1.0
665 677 3.0
665 686 2.0
665 687 3.0
665 698 8.0
665 699 56.0
665 700 26.0
665 710 59.0
665 712 1.0
665 721 1.0
665 723 1.0
665 791 8.0
665 792 35.0
665 794 343.0
665 803 62.0
665 804 67.0
665 805 29.0
665 806 270.0
665 815 5.0
665 816 29.0
665 817 4.0
665 818 125.0
665 827 1.0
665 828 1.0
665 829 23.0
665 838 1.0
665 945 1.0
666 667 17.0
666 668 61.0
666 677 2.0
666 680 11.0
666 682 4.0
666 699 3.0
666 700 2.0
666 783 1.0
666 803 4.0
666 804 2.0
666 817 1.0
666 838 1.0
666 889 1.0
666 899 1.0
666 919 1.0
666 945 1.0
666 1002 2.0
666 1062 1.0
667 668 10.0
667 677 1.0
667 680 9.0
667 682 3.0
667 691 1.0
667 699 3.0
667 700 2.0
667 764 1.0
667 783 1.0
667 795 45.0
667 803 4.0
667 807 4.0
667 819 3.0
667 880 1.0
667 889 1.0
667 899 1.0
667 909 49.0
667 918 1.0
667 919 16.0
667 929 9.0
667 939 3.0
667 992 32.0
667 1001 4.0
667 1002 1.0
667 1049 15.0
667 1055 19.0
667 1056 3.0
667 1062 1.0
668 669 41.0
668 670 11.0
668 671 5.0
668 672 2.0
668 684 1.0
668 699 3.0
668 700 2.0
668 705 9.0
668 706 2.0
668 714 17.0
668 716 14.0
668 717 6.0
668 724 11.0
668 725 1.0
668 726 19.0
668 727 13.0
668 728 6.0
668 764 3.0
668 774 1.0
668 783 2.0
668 784 63.0
668 785 80.0
668 795 28.0
668 796 3.0
668 797 158.0
668 800 1.0
668 803 3.0
668 807 100.0
668 808 1.0
668 809 40.0
668 810 1.0
668 811 1.0
668 819 101.0
668 820 1.0
668 821 9.0
668 830 22.0
668 840 12.0
668 880 3.0
668 889 10.0
668 899 11.0
668 900 4.0
668 909 17.0
668 910 11.0
668 919 2.0
668 921 2.0
668 922 1.0
668 929 1.0
668 939 1.0
668 992 13.0
668 993 5.0
668 1001 1.0
668 1049 18.0
668 1055 3.0
669 670 315.0
669 671 93.0
669 672 10.0
669 676 1.0
669 680 4.0
669 681 2.0
669 682 72.0
669 684 32.0
669 691 72.0
669 692 1.0
669 693 339.0
669 694 110.0
669 695 36.0
669 696 13.0
669 698 1.0
669 699 1.0
669 701 7.0
669 703 1.0
669 704 2.0
669 705 252.0
669 706 195.0
669 707 72.0
669 708 42.0
669 710 1.0
669 711 1.0
669 712 19.0
669 713 26.0
669 714 514.0
669 715 22.0
669 716 45.0
669 717 2.0
669 721 6.0
669 722 10.0
669 723 2.0
669 724 506.0
669 725 3.0
669 726 51.0
669 727 28.0
669 733 1.0
669 736 6.0
669 756 16.0
669 763 16.0
669 764 82.0
669 765 1221.0
669 772 21.0
669 773 43.0
669 774 441.0
669 775 7.0
669 776 1.0
669 783 5.0
669 784 891.0
669 785 2081.0
669 786 3.0
669 792 1.0
669 793 1.0
669 795 185.0
669 796 315.0
669 797 1503.0
669 807 668.0
669 808 100.0
669 809 1.0
669 810 14.0
669 818 4.0
669 819 605.0
669 820 23.0
669 821 89.0
669 822 4.0
669 823 6.0
669 829 2.0
669 830 386.0
669 831 128.0
669 832 5.0
669 833 8.0
669 837 4.0
669 838 4.0
669 839 3.0
669 840 315.0
669 841 33.0
669 847 1.0
669 850 1.0
669 852 8.0
669 853 1.0
669 879 2.0
669 880 187.0
669 881 204.0
669 889 8.0
669 890 26.0
669 891 4.0
669 899 30.0
669 900 95.0
669 909 13.0
669 910 2.0
669 921 2.0
669 929 7.0
669 930 71.0
669 931 22.0
669 939 80.0
669 940 1.0
669 945 1.0
669 947 2.0
669 948 8.0
669 949 1.0
669 955 8.0
669 956 1.0
669 981 1.0
669 985 2.0
669 992 6.0
669 993 8.0
669 1011 16.0
669 1018 3.0
669 1019 1.0
669 1026 7.0
669 1027 1.0
669 1049 1.0
669 1062 4.0
669 1066 3.0
670 671 335.0
670 672 89.0
670 678 1.0
670 680 4.0
670 681 128.0
670 682 3504.0
670 684 53.0
670 689 1.0
670 691 7.0
670 692 1.0
670 693 1.0
670 694 3810.0
670 695 3.0
670 701 2.0
670 702 5.0
670 704 46.0
670 706 1664.0
670 708 1.0
670 712 5.0
670 713 12.0
670 714 23.0
670 715 1.0
670 716 1.0
670 717 1.0
670 721 1.0
670 722 1.0
670 723 1.0
670 724 16.0
670 726 6.0
670 727 1.0
670 745 1.0
670 751 59.0
670 752 13.0
670 763 3.0
670 764 262.0
670 765 121.0
670 772 17.0
670 773 117.0
670 774 2.0
670 784 34.0
670 785 8.0
670 795 7.0
670 796 162.0
670 797 907.0
670 798 95.0
670 799 32.0
670 800 1.0
670 807 2.0
670 808 114.0
670 809 15.0
670 810 1735.0
670 811 39.0
670 812 1.0
670 819 2.0
670 822 1.0
670 823 1.0
670 830 12.0
670 832 1.0
670 837 1.0
670 838 1.0
670 840 20.0
670 880 233.0
670 881 57.0
670 882 19.0
670 888 3.0
670 889 13.0
670 890 33.0
670 899 90.0
670 900 16.0
670 901 2.0
670 909 10.0
670 910 17.0
670 912 1.0
670 919 1.0
670 920 1.0
670 921 38.0
670 922 1.0
670 972 1.0
670 978 6.0
670 985 4.0
670 992 1.0
670 993 272.0
670 1002 1.0
670 1004 9.0
670 1049 5.0
671 672 94.0
671 681 23.0
671 682 1.0
671 683 33.0
671 684 70.0
671 694 5.0
671 706 7.0
671 764 1.0
671 773 1.0
671 795 5.0
671 796 22.0
671 797 279.0
671 798 22.0
671 799 10.0
671 800 1.0
671 809 12.0
671 810 9.0
671 811 19.0
671 812 1.0
671 821 12.0
671 832 3.0
671 842 1.0
671 851 1.0
671 880 1.0
671 900 4.0
671 910 16.0
671 912 1.0
671 920 1.0
671 921 7.0
671 963 1.0
671 993 170.0
671 1004 9.0
671 1049 1.0
672 680 7.0
672 681 8.0
672 682 44.0
672 683 50.0
672 688 1.0
672 693 7.0
672 694 3.0
672 705 1.0
672 706 7.0
672 707 3.0
672 708 3.0
672 712 1.0
672 713 3.0
672 714 1.0
672 716 10.0
672 717 3.0
672 721 2.0
672 727 3.0
672 744 1.0
672 764 1.0
672 773 1.0
672 796 4.0
672 797 75.0
672 798 7.0
672 807 7.0
672 808 10.0
672 809 3.0
672 810 4.0
672 837 1.0
672 838 1.0
672 880 1.0
672 900 1.0
672 910 6.0
672 993 66.0
673 687 3.0
673 699 1.0
673 710 3.0
673 802 4.0
673 816 1.0
673 1063 1.0
674 686 2.0
674 687 2.0
674 698 1.0
674 731 1.0
674 732 3.0
674 741 2.0
674 814 1.0
674 815 1.0
674 816 2.0
674 915 1.0
674 997 1.0
674 1063 2.0
675 676 142.0
675 687 195.0
675 688 65.0
675 697 6.0
675 698 26.0
675 699 26.0
675 700 46.0
675 710 44.0
675 711 9.0
675 712 1.0
675 713 1.0
675 721 23.0
675 724 27.0
675 732 8.0
675 741 5.0
675 753 32.0
675 759 3.0
675 760 1.0
675 761 14.0
675 770 3.0
675 780 123.0
675 790 15.0
675 791 293.0
675 792 35.0
675 802 27.0
675 803 212.0
675 804 28.0
675 805 5.0
675 814 2.0
675 815 3.0
675 816 35.0
675 827 10.0
675 873 3.0
675 895 16.0
675 896 1.0
675 906 1.0
675 914 5.0
675 916 3.0
675 924 24.0
675 952 1.0
675 974 1.0
675 980 1.0
675 981 18.0
675 998 2.0
675 1052 2.0
675 1063 9.0
676 677 2.0
676 679 3.0
676 680 4.0
676 682 1.0
676 684 2.0
676 687 52.0
676 688 376.0
676 692 6.0
676 693 1.0
676 697 14.0
676 698 41.0
676 699 36.0
676 700 133.0
676 701 1.0
676 710 71.0
676 711 42.0
676 712 18.0
676 713 13.0
676 714 11.0
676 715 3.0
676 721 448.0
676 722 1.0
676 723 17.0
676 724 740.0
676 730 6.0
676 731 19.0
676 732 70.0
676 741 50.0
676 753 4.0
676 769 7.0
676 770 17.0
676 779 136.0
676 780 95.0
676 781 153.0
676 790 211.0
676 791 159.0
676 792 1418.0
676 793 1515.0
676 794 53.0
676 803 62.0
676 804 3022.0
676 805 1889.0
676 813 1.0
676 814 9.0
676 815 21.0
676 816 22.0
676 817 1.0
676 818 15.0
676 826 14.0
676 827 4.0
676 837 14.0
676 840 1.0
676 847 15.0
676 848 1.0
676 857 1.0
676 877 4.0
676 885 2.0
676 886 242.0
676 893 1.0
676 895 321.0
676 896 269.0
676 903 2.0
676 904 12.0
676 905 229.0
676 906 785.0
676 907 151.0
676 914 87.0
676 915 739.0
676 916 725.0
676 917 44.0
676 924 8.0
676 925 51.0
676 934 1.0
676 935 19.0
676 936 3.0
676 944 6.0
676 945 3.0
676 952 4.0
676 953 1.0
676 960 1.0
676 969 168.0
676 974 96.0
676 980 88.0
676 981 419.0
676 987 6.0
676 988 94.0
676 989 658.0
676 990 27.0
676 997 140.0
676 998 493.0
676 1005 10.0
676 1006 2.0
676 1008 1.0
676 1013 11.0
676 1014 4.0
676 1022 1.0
676 1040 1.0
676 1045 57.0
676 1046 232.0
676 1051 24.0
676 1052 716.0
676 1058 4.0
676 1063 3.0
677 678 202.0
677 679 229.0
677 680 127.0
677 683 2.0
677 689 15.0
677 690 29.0
677 692 149.0
677 700 15.0
677 701 2.0
677 702 1.0
677 703 1.0
677 704 73.0
677 706 1.0
677 712 10.0
677 713 9.0
677 714 12.0
677 715 5.0
677 716 1.0
677 722 1.0
677 723 2.0
677 733 1.0
677 785 1.0
677 793 2.0
677 794 40.0
677 795 41.0
677 796 6.0
677 797 1.0
677 805 207.0
677 806 441.0
677 808 5.0
677 809 4.0
677 817 5.0
677 818 46.0
677 820 5.0
677 827 10.0
677 828 3.0
677 838 5.0
677 839 1.0
677 840 15.0
677 841 1.0
677 842 1.0
677 886 12.0
677 905 2.0
677 907 5.0
677 909 36.0
677 915 2.0
677 916 15.0
677 917 6.0
677 919 9.0
677 920 1.0
677 925 2.0
677 929 21.0
677 935 2.0
677 939 11.0
677 940 1.0
677 941 1.0
677 945 1.0
677 948 2.0
677 953 3.0
677 955 1.0
677 956 1.0
677 969 12.0
677 984 1.0
677 990 1.0
677 992 12.0
677 998 15.0
677 1002 5.0
677 1014 1.0
677 1026 2.0
677 1049 9.0
677 1052 15.0
677 1062 1.0
678 679 1841.0
678 680 324.0
678 682 3.0
678 684 1.0
678 687 4.0
678 689 861.0
678 690 641.0
678 691 474.0
678 692 673.0
678 694 1.0
678 700 1.0
678 701 114.0
678 702 85.0
678 703 31.0
678 704 149.0
678 713 106.0
678 714 192.0
678 715 15.0
678 780 16.0
678 783 2.0
678 792 1.0
678 794 9.0
678 795 1.0
678 803 3.0
678 806 8.0
678 807 1.0
678 818 6.0
678 819 1.0
678 820 8.0
678 840 17.0
678 895 2.0
678 926 1.0
678 929 6.0
678 981 1.0
678 1063 2.0
679 680 195.0
679 687 2.0
679 689 854.0
679 690 183.0
679 691 467.0
679 692 708.0
679 699 1.0
679 700 1.0
679 701 84.0
679 702 38.0
679 703 35.0
679 704 136.0
679 713 100.0
679 714 197.0
679 715 17.0
679 716 1.0
679 780 2.0
679 783 1.0
679 792 2.0
679 795 2.0
679 803 6.0
679 820 8.0
679 840 23.0
679 842 1.0
679 909 1.0
679 929 6.0
679 992 1.0
680 681 12.0
680 682 36.0
680 683 7.0
680 689 159.0
680 690 59.0
680 691 16.0
680 692 318.0
680 693 5.0
680 694 3.0
680 701 18.0
680 702 11.0
680 703 6.0
680 704 267.0
680 705 4.0
680 706 3.0
680 712 15.0
680 713 81.0
680 714 90.0
680 715 78.0
680 716 4.0
680 721 1.0
680 722 5.0
680 723 1.0
680 724 8.0
680 726 17.0
680 727 1.0
680 732 1.0
680 733 2.0
680 774 1.0
680 783 6.0
680 784 3.0
680 785 11.0
680 795 17.0
680 797 37.0
680 807 315.0
680 808 134.0
680 809 48.0
680 810 1.0
680 817 1.0
680 818 1.0
680 819 2.0
680 820 17.0
680 821 32.0
680 822 24.0
680 823 25.0
680 824 1.0
680 830 1.0
680 831 2.0
680 832 7.0
680 837 1.0
680 838 2.0
680 840 51.0
680 841 9.0
680 842 3.0
680 853 1.0
680 860 1.0
680 888 1.0
680 889 3.0
680 890 6.0
680 895 6.0
680 899 4.0
680 909 11.0
680 918 21.0
680 919 166.0
680 920 20.0
680 929 41.0
680 940 1.0
680 941 1.0
680 945 1.0
680 956 6.0
680 981 3.0
680 992 14.0
680 993 23.0
680 1000 1.0
680 1001 17.0
680 1002 22.0
680 1010 18.0
680 1049 10.0
680 1054 5.0
680 1055 2.0
680 1056 11.0
680 1060 2.0
680 1061 3.0
680 1062 3.0
681 682 64.0
681 684 2.0
681 693 168.0
681 694 29.0
681 705 54.0
681 706 13.0
681 707 8.0
681 708 1.0
681 713 5.0
681 714 24.0
681 715 3.0
681 716 12.0
681 717 3.0
681 721 4.0
681 724 13.0
681 725 14.0
681 726 43.0
681 727 2.0
681 735 1.0
681 736 2.0
681 744 1.0
681 751 1.0
681 756 1.0
681 765 93.0
681 783 7.0
681 784 176.0
681 785 403.0
681 795 26.0
681 796 22.0
681 797 666.0
681 798 89.0
681 799 19.0
681 803 1.0
681 807 48.0
681 808 194.0
681 809 1593.0
681 810 6.0
681 811 11.0
681 819 34.0
681 820 237.0
681 821 53.0
681 822 2.0
681 830 35.0
681 832 54.0
681 840 16.0
681 841 1.0
681 842 18.0
681 851 2.0
681 852 3.0
681 860 3.0
681 867 1.0
681 880 8.0
681 888 5.0
681 889 19.0
681 890 1.0
681 899 50.0
681 900 16.0
681 909 41.0
681 910 1.0
681 918 1.0
681 919 71.0
681 920 1598.0
681 921 9.0
681 928 13.0
681 929 14.0
681 930 4.0
681 931 1.0
681 939 1.0
681 949 1.0
681 984 1.0
681 985 1.0
681 992 23.0
681 993 38.0
681 1000 10.0
681 1001 27.0
681 1002 1006.0
681 1010 23.0
681 1011 3.0
681 1049 8.0
681 1054 4.0
681 1055 3.0
681 1056 1.0
681 1060 37.0
681 1061 6.0
681 1062 6.0
681 1066 1.0
682 683 74.0
682 684 50.0
682 688 1.0
682 689 2.0
682 691 7.0
682 692 1.0
682 693 52.0
682 694 3165.0
682 695 80.0
682 696 8.0
682 701 13.0
682 702 8.0
682 704 45.0
682 705 13.0
682 706 278.0
682 707 13.0
682 708 23.0
682 710 3.0
682 711 9.0
682 712 33.0
682 713 62.0
682 714 79.0
682 715 72.0
682 716 32.0
682 717 8.0
682 721 4.0
682 722 79.0
682 723 12.0
682 724 41.0
682 725 60.0
682 726 31.0
682 727 23.0
682 732 2.0
682 733 2.0
682 735 4.0
682 736 4.0
682 738 3.0
682 741 1.0
682 745 1.0
682 751 68.0
682 752 12.0
682 756 1.0
682 763 3.0
682 764 88.0
682 765 9.0
682 772 16.0
682 773 19.0
682 774 2.0
682 783 1.0
682 784 2.0
682 785 7.0
682 792 1.0
682 795 1.0
682 797 15.0
682 807 28.0
682 808 11.0
682 809 32.0
682 810 406.0
682 811 2.0
682 818 3.0
682 820 1.0
682 821 5.0
682 822 23.0
682 823 27.0
682 829 2.0
682 830 11.0
682 831 51.0
682 832 14.0
682 834 8.0
682 837 2.0
682 838 4.0
682 839 1.0
682 840 25.0
682 841 31.0
682 842 41.0
682 843 1.0
682 846 2.0
682 847 26.0
682 848 1.0
682 850 1.0
682 851 40.0
682 852 46.0
682 857 10.0
682 860 9.0
682 861 2.0
682 867 7.0
682 880 84.0
682 881 4.0
682 890 5.0
682 900 3.0
682 909 1.0
682 910 1.0
682 919 3.0
682 920 14.0
682 929 3.0
682 930 12.0
682 931 1.0
682 939 42.0
682 940 9.0
682 941 2.0
682 945 2.0
682 947 3.0
682 948 7.0
682 949 8.0
682 955 20.0
682 956 12.0
682 962 46.0
682 963 96.0
682 972 1.0
682 993 7.0
682 1002 5.0
682 1018 1.0
682 1019 1.0
682 1026 7.0
682 1033 5.0
682 1062 2.0
683 684 6.0
683 694 2.0
683 712 2.0
683 713 1.0
683 714 1.0
683 715 2.0
683 716 1.0
683 717 1.0
683 721 2.0
683 722 1.0
683 723 1.0
683 783 1.0
683 795 6.0
683 799 7.0
683 806 1.0
683 807 13.0
683 808 335.0
683 809 336.0
683 810 3.0
683 811 7.0
683 819 6.0
683 820 1.0
683 821 1.0
683 830 4.0
683 837 1.0
683 838 1.0
683 840 3.0
683 899 11.0
683 908 10.0
683 909 18.0
683 918 2.0
683 919 298.0
683 921 6.0
683 929 1.0
683 939 1.0
683 991 2.0
683 992 5.0
683 993 4.0
683 1000 12.0
683 1001 69.0
683 1009 1.0
683 1017 1.0
683 1049 2.0
683 1055 10.0
683 1056 11.0
683 1062 1.0
684 701 3.0
684 706 1.0
684 711 3.0
684 712 11.0
684 713 10.0
684 714 4.0
684 715 4.0
684 721 5.0
684 722 7.0
684 723 1.0
684 724 19.0
684 726 22.0
684 727 3.0
684 731 1.0
684 735 7.0
684 736 1.0
684 744 2.0
684 745 12.0
684 750 1.0
684 751 55.0
684 770 1.0
684 781 1.0
684 784 1.0
684 792 2.0
684 793 1.0
684 796 33.0
684 797 82.0
684 798 42.0
684 804 1.0
684 807 3.0
684 808 59.0
684 809 58.0
684 810 16.0
684 811 15.0
684 818 1.0
684 821 16.0
684 829 1.0
684 832 18.0
684 839 1.0
684 842 21.0
684 843 1.0
684 847 3.0
684 851 4.0
684 852 1.0
684 860 11.0
684 867 7.0
684 899 1.0
684 918 2.0
684 919 59.0
684 920 6.0
684 929 1.0
684 930 3.0
684 948 1.0
684 963 1.0
684 992 6.0
684 993 10.0
684 1000 5.0
684 1001 9.0
684 1009 1.0
684 1011 2.0
684 1017 1.0
684 1026 1.0
684 1055 4.0
684 1056 1.0
685 686 10.0
685 697 1.0
685 698 2.0
685 699 6.0
685 700 1.0
685 710 1.0
685 711 7.0
685 804 1.0
685 827 1.0
685 836 1.0
685 952 2.0
686 687 21.0
686 688 7.0
686 697 2.0
686 698 32.0
686 699 9.0
686 700 3.0
686 709 3.0
686 711 12.0
686 722 1.0
686 731 15.0
686 732 22.0
686 741 18.0
686 791 1.0
686 802 49.0
686 804 3.0
686 813 1.0
686 814 56.0
686 816 65.0
686 827 1.0
686 828 1.0
686 836 1.0
686 914 4.0
686 915 2.0
686 924 3.0
686 926 1.0
686 936 1.0
686 952 4.0
686 997 2.0
686 1015 1.0
686 1063 7.0
687 688 19.0
687 697 1.0
687 698 3.0
687 699 126.0
687 700 31.0
687 710 35.0
687 711 28.0
687 721 11.0
687 724 9.0
687 753 37.0
687 759 10.0
687 761 14.0
687 770 3.0
687 780 208.0
687 790 15.0
687 791 312.0
687 792 1.0
687 802 39.0
687 803 297.0
687 804 2.0
687 813 2.0
687 814 35.0
687 815 3.0
687 816 48.0
687 827 58.0
687 828 30.0
687 873 3.0
687 904 1.0
687 915 1.0
687 924 28.0
687 935 1.0
687 936 29.0
687 952 1.0
687 997 1.0
687 1015 28.0
687 1023 1.0
687 1024 1.0
687 1031 2.0
687 1058 1.0
687 1063 19.0
688 697 14.0
688 698 37.0
688 699 10.0
688 700 205.0
688 710 1.0
688 711 2.0
688 712 27.0
688 713 21.0
688 714 9.0
688 715 2.0
688 721 7.0
688 722 14.0
688 723 6.0
688 724 32.0
688 732 2.0
688 753 2.0
688 780 5.0
688 790 3.0
688 791 28.0
688 792 31.0
688 802 7.0
688 803 27.0
688 804 78.0
688 814 11.0
688 815 5.0
688 816 2201.0
688 817 3.0
688 828 13.0
688 846 3.0
688 847 1.0
688 857 2.0
688 895 11.0
688 904 3.0
688 913 58.0
688 914 98.0
688 915 167.0
688 924 586.0
688 925 632.0
688 926 8.0
688 936 5.0
688 945 1.0
688 974 1.0
688 981 12.0
688 995 2.0
688 996 1.0
688 997 106.0
688 998 63.0
688 999 1.0
688 1005 3.0
688 1006 49.0
688 1007 85.0
688 1013 51.0
688 1014 3.0
688 1015 18.0
688 1024 2.0
688 1051 3.0
688 1057 29.0
688 1058 8.0
688 1063 32.0
689 690 63.0
689 691 315.0
689 692 407.0
689 694 1.0
689 701 735.0
689 702 52.0
689 703 6.0
689 704 118.0
689 712 272.0
689 713 66.0
689 714 104.0
689 715 320.0
689 721 2.0
689 722 60.0
689 723 14.0
689 731 1.0
689 732 7.0
689 733 1.0
689 741 15.0
689 742 1.0
689 780 2.0
689 794 5.0
689 805 15.0
689 806 4.0
689 817 1612.0
689 818 150.0
689 826 3.0
689 827 1.0
689 828 37.0
689 829 77.0
689 836 18.0
689 837 15.0
689 838 151.0
689 840 9.0
689 846 1.0
689 847 6.0
689 848 83.0
689 856 1.0
689 907 1.0
689 914 2.0
689 916 7.0
689 917 1.0
689 925 55.0
689 926 1565.0
689 930 2.0
689 935 6.0
689 936 1.0
689 944 64.0
689 945 56.0
689 953 21.0
689 960 7.0
689 995 1.0
689 996 1.0
689 997 1.0
689 998 656.0
689 999 1.0
689 1005 3.0
689 1006 107.0
689 1007 1269.0
689 1013 8.0
689 1014 1.0
689 1015 89.0
689 1022 46.0
689 1024 1.0
689 1030 2.0
689 1052 278.0
689 1057 11.0
689 1058 108.0
689 1063 56.0
690 691 271.0
690 692 72.0
690 697 8.0
690 698 15.0
690 699 124.0
690 700 199.0
690 701 47.0
690 702 144.0
690 703 23.0
690 704 77.0
690 710 2.0
690 712 179.0
690 713 34.0
690 714 37.0
690 715 3.0
690 716 1.0
690 721 4.0
690 722 10.0
690 723 7.0
690 727 2.0
690 731 1.0
690 732 14.0
690 733 3.0
690 741 11.0
690 769 1.0
690 780 7.0
690 781 1.0
690 783 1.0
690 791 20.0
690 793 1.0
690 795 1.0
690 803 22.0
690 814 76.0
690 815 18.0
690 820 1.0
690 822 1.0
690 823 1.0
690 827 97.0
690 828 28.0
690 832 1.0
690 837 5.0
690 838 28.0
690 839 53.0
690 847 1.0
690 848 3.0
690 857 1.0
690 864 1.0
690 886 1.0
690 895 3.0
690 905 1.0
690 909 1.0
690 915 1.0
690 923 3.0
690 925 2.0
690 930 2.0
690 935 25.0
690 944 1.0
690 945 10.0
690 953 9.0
690 981 1.0
690 988 1.0
690 992 1.0
690 1005 3.0
690 1011 1.0
690 1014 3.0
690 1030 1.0
690 1045 1.0
691 694 10.0
691 699 20.0
691 700 12.0
691 701 35.0
691 702 17.0
691 703 121.0
691 704 7.0
691 706 20.0
691 712 35.0
691 713 8.0
691 714 10.0
691 715 1.0
691 716 11.0
691 717 4.0
691 721 3.0
691 722 1.0
691 723 1.0
691 724 1.0
691 726 21.0
691 727 3.0
691 732 4.0
691 741 3.0
691 765 1.0
691 774 2.0
691 780 1.0
691 785 2.0
691 786 3.0
691 791 7.0
691 795 3.0
691 797 1.0
691 798 6.0
691 803 7.0
691 810 11.0
691 814 11.0
691 815 7.0
691 822 11.0
691 823 3.0
691 827 2.0
691 828 2.0
691 838 1.0
691 839 10.0
691 840 2.0
691 848 1.0
691 852 2.0
691 864 1.0
691 890 1.0
691 891 3.0
691 900 1.0
691 901 9.0
691 909 3.0
691 910 1.0
691 953 1.0
691 992 2.0
691 1049 2.0
691 1055 1.0
692 694 1.0
692 701 89.0
692 702 11.0
692 703 11.0
692 704 626.0
692 712 128.0
692 713 306.0
692 714 394.0
692 715 41.0
692 721 14.0
692 722 13.0
692 723 6.0
692 724 14.0
692 726 1.0
692 732 1.0
692 733 3.0
692 741 1.0
692 783 2.0
692 784 1.0
692 785 2.0
692 792 5.0
692 793 4.0
692 795 3.0
692 797 12.0
692 803 1.0
692 807 23.0
692 808 2.0
692 809 13.0
692 818 2.0
692 819 134.0
692 820 97.0
692 821 24.0
692 822 16.0
692 823 18.0
692 824 1.0
692 829 2.0
692 830 46.0
692 831 33.0
692 832 9.0
692 836 1.0
692 837 16.0
692 838 6.0
692 839 9.0
692 840 21.0
692 841 4.0
692 842 2.0
692 888 1.0
692 889 2.0
692 895 1.0
692 896 1.0
692 899 2.0
692 906 1.0
692 909 1.0
692 918 20.0
692 928 1.0
692 929 35.0
692 930 11.0
692 931 1.0
692 939 46.0
692 940 5.0
692 941 2.0
692 944 6.0
692 949 1.0
692 956 2.0
692 981 2.0
692 989 7.0
692 992 1.0
692 993 7.0
692 1000 1.0
692 1001 5.0
692 1010 18.0
692 1011 9.0
692 1018 7.0
692 1019 4.0
692 1020 1.0
692 1055 1.0
692 1062 1.0
692 1066 21.0
692 1068 2.0
693 694 1.0
693 695 4.0
693 705 262.0
693 706 2.0
693 707 3.0
693 712 1.0
693 713 2.0
693 714 3.0
693 715 51.0
693 716 7.0
693 723 4.0
693 725 6.0
693 726 120.0
693 735 4.0
693 736 4.0
693 785 2.0
693 797 5.0
693 798 1.0
693 807 9.0
693 809 4.0
693 810 1.0
693 811 3.0
693 818 4.0
693 819 46.0
693 820 1068.0
693 821 1933.0
693 822 136.0
693 823 45.0
693 824 3.0
693 829 4.0
693 830 40.0
693 831 534.0
693 832 5.0
693 840 3.0
693 841 16.0
693 842 11.0
693 850 1.0
693 851 1.0
693 852 7.0
693 853 2.0
693 860 1.0
693 867 4.0
693 908 4.0
693 920 1.0
693 928 2.0
693 929 903.0
693 930 1378.0
693 931 142.0
693 938 6.0
693 939 750.0
693 940 7.0
693 948 35.0
693 949 2.0
693 955 11.0
693 956 14.0
693 962 1.0
693 993 2.0
693 1000 8.0
693 1002 312.0
693 1003 6.0
693 1009 7.0
693 1010 8.0
693 1011 880.0
693 1012 22.0
693 1018 144.0
693 1019 215.0
693 1020 129.0
693 1026 29.0
693 1027 2.0
693 1032 1.0
693 1033 5.0
693 1054 3.0
693 1055 6.0
693 1056 1.0
693 1060 2.0
693 1061 24.0
693 1062 300.0
693 1065 3.0
693 1066 304.0
693 1068 4.0
694 695 57.0
694 696 13.0
694 701 2.0
694 702 5.0
694 704 45.0
694 705 2.0
694 706 1900.0
694 707 9.0
694 708 28.0
694 712 6.0
694 713 7.0
694 714 8.0
694 715 1.0
694 717 1.0
694 721 1.0
694 722 3.0
694 723 3.0
694 724 1.0
694 725 1.0
694 726 2.0
694 745 1.0
694 751 57.0
694 752 12.0
694 756 1.0
694 763 4.0
694 764 156.0
694 765 74.0
694 772 20.0
694 773 70.0
694 774 3.0
694 784 1.0
694 785 3.0
694 786 76.0
694 797 2.0
694 798 246.0
694 810 1924.0
694 820 55.0
694 821 51.0
694 822 262.0
694 823 23.0
694 824 1.0
694 830 12.0
694 831 30.0
694 832 2.0
694 840 19.0
694 880 148.0
694 881 33.0
694 890 5.0
694 891 9.0
694 900 3.0
694 901 289.0
694 902 2.0
694 911 16.0
694 921 89.0
694 929 59.0
694 930 1.0
694 931 3.0
694 939 23.0
694 948 1.0
694 955 1.0
694 986 40.0
694 994 19.0
694 1003 3.0
694 1019 4.0
694 1020 2.0
694 1026 1.0
694 1062 31.0
695 696 22.0
695 706 57.0
695 707 82.0
695 708 35.0
695 726 8.0
695 736 1.0
695 798 9.0
695 807 14.0
695 808 9.0
695 809 2.0
695 810 82.0
695 820 5.0
695 821 56.0
695 822 4.0
695 823 212.0
695 831 17.0
695 832 11.0
695 842 11.0
695 851 1.0
695 860 6.0
695 901 5.0
695 902 1.0
695 910 4.0
695 911 6.0
695 918 1.0
695 919 63.0
695 920 2.0
695 921 19.0
695 928 11.0
695 929 17.0
695 930 15.0
695 939 16.0
695 940 11.0
695 948 1.0
695 949 6.0
695 955 1.0
695 963 1.0
695 1001 14.0
695 1002 1.0
695 1003 11.0
695 1004 1.0
695 1011 8.0
695 1019 1.0
695 1026 1.0
695 1027 6.0
695 1055 7.0
695 1061 6.0
695 1062 5.0
696 704 1.0
696 705 8.0
696 706 362.0
696 707 55.0
696 708 19.0
696 716 2.0
696 717 4.0
696 725 62.0
696 726 141.0
696 727 3.0
696 735 49.0
696 736 10.0
696 738 1.0
696 751 4.0
696 786 2.0
696 798 17.0
696 809 1.0
696 810 4.0
696 821 2.0
696 822 1.0
696 823 6.0
696 831 42.0
696 832 258.0
696 833 36.0
696 841 1.0
696 842 63.0
696 851 9.0
696 852 12.0
696 860 94.0
696 867 74.0
696 901 13.0
696 910 2.0
696 911 2.0
696 920 1.0
696 921 1.0
696 929 1.0
696 930 3.0
696 939 38.0
696 940 17.0
696 948 9.0
696 955 1.0
696 956 6.0
696 957 4.0
696 962 10.0
696 963 8.0
696 986 1.0
696 1018 3.0
696 1026 2.0
696 1027 8.0
697 698 468.0
697 699 108.0
697 700 2.0
697 701 1.0
697 702 2.0
697 710 39.0
697 711 47.0
697 712 124.0
697 713 5.0
697 721 4.0
697 722 27.0
697 723 2.0
697 731 14.0
697 732 29.0
697 741 25.0
697 791 3.0
697 792 6.0
697 803 2.0
697 804 27.0
697 805 1.0
697 816 1.0
697 825 1.0
697 836 7.0
697 837 6.0
697 846 1.0
697 849 2.0
697 924 1.0
697 944 1.0
697 952 10.0
697 960 1.0
697 965 1.0
697 1014 3.0
697 1015 1.0
697 1024 1.0
698 699 309.0
698 700 3.0
698 701 2.0
698 702 2.0
698 709 4.0
698 710 1176.0
698 711 118.0
698 712 134.0
698 713 8.0
698 714 3.0
698 715 3.0
698 720 3.0
698 721 55.0
698 722 48.0
698 723 4.0
698 731 35.0
698 732 257.0
698 740 2.0
698 741 268.0
698 780 33.0
698 791 21.0
698 792 37.0
698 793 6.0
698 794 5.0
698 802 24.0
698 803 119.0
698 804 57.0
698 805 6.0
698 806 2.0
698 814 98.0
698 815 30.0
698 816 50.0
698 825 13.0
698 826 1.0
698 827 15.0
698 828 3.0
698 836 13.0
698 837 9.0
698 838 1.0
698 846 1.0
698 849 2.0
698 857 6.0
698 864 1.0
698 895 11.0
698 904 20.0
698 905 1.0
698 906 1.0
698 915 2.0
698 923 7.0
698 924 24.0
698 925 6.0
698 933 4.0
698 934 2.0
698 935 5.0
698 936 8.0
698 944 4.0
698 945 1.0
698 952 10.0
698 960 1.0
698 965 1.0
698 974 1.0
698 980 1.0
698 981 24.0
698 997 1.0
698 1006 2.0
698 1014 6.0
698 1015 11.0
698 1024 1.0
698 1063 7.0
699 700 2153.0
699 702 2.0
699 710 404.0
699 711 425.0
699 712 2.0
699 721 4.0
699 724 2.0
699 730 1.0
699 731 1.0
699 732 15.0
699 741 25.0
699 742 2.0
699 753 421.0
699 754 267.0
699 759 15.0
699 760 145.0
699 761 970.0
699 762 5.0
699 769 166.0
699 770 1165.0
699 771 11.0
699 779 17.0
699 780 5020.0
699 781 442.0
699 782 36.0
699 790 10.0
699 791 3630.0
699 792 267.0
699 793 36.0
699 794 101.0
699 801 1.0
699 802 22.0
699 803 6093.0
699 804 219.0
699 805 3.0
699 806 3.0
699 814 160.0
699 815 5356.0
699 816 5.0
699 825 6.0
699 827 6.0
699 828 2.0
699 836 20.0
699 837 11.0
699 838 1.0
699 846 6.0
699 873 235.0
699 877 619.0
699 878 7.0
699 885 15.0
699 886 54.0
699 895 45.0
699 896 19.0
699 904 3.0
699 906 3.0
699 913 1.0
699 916 1.0
699 923 4.0
699 924 2.0
699 933 4.0
699 934 1.0
699 936 2.0
699 944 1.0
699 945 1.0
699 952 14.0
699 969 9.0
699 974 4.0
699 980 6.0
699 981 40.0
699 988 7.0
699 998 1.0
699 1015 2.0
699 1045 4.0
699 1052 1.0
699 1063 1.0
700 701 2.0
700 702 10.0
700 709 4.0
700 710 58.0
700 711 233.0
700 712 5.0
700 714 1.0
700 719 1.0
700 720 2.0
700 721 135.0
700 722 6.0
700 723 7.0
700 730 13.0
700 731 13.0
700 732 25.0
700 741 23.0
700 742 1.0
700 753 9.0
700 754 4.0
700 759 5.0
700 761 9.0
700 769 28.0
700 770 505.0
700 771 11.0
700 779 9.0
700 780 1508.0
700 781 360.0
700 782 30.0
700 790 10.0
700 791 901.0
700 792 61.0
700 793 20.0
700 794 7.0
700 802 4.0
700 803 2243.0
700 804 281.0
700 805 1.0
700 806 4.0
700 814 22.0
700 815 1559.0
700 816 149.0
700 826 18.0
700 827 419.0
700 828 39.0
700 836 2.0
700 837 121.0
700 838 43.0
700 847 104.0
700 848 11.0
700 873 2.0
700 877 259.0
700 885 6.0
700 886 46.0
700 895 25.0
700 896 16.0
700 903 2.0
700 905 1.0
700 915 2.0
700 923 4.0
700 925 1.0
700 934 7.0
700 935 30.0
700 936 11.0
700 944 8.0
700 945 18.0
700 952 53.0
700 953 9.0
700 969 2.0
700 974 1.0
700 980 5.0
700 981 18.0
700 988 4.0
700 997 1.0
700 1005 2.0
700 1014 2.0
700 1015 10.0
700 1021 2.0
700 1030 2.0
700 1045 2.0
700 1063 2.0
701 702 107.0
701 703 80.0
701 704 119.0
701 706 1.0
701 712 2197.0
701 713 19.0
701 714 21.0
701 715 70.0
701 720 2.0
701 721 36.0
701 722 278.0
701 723 56.0
701 730 1.0
701 731 49.0
701 732 214.0
701 733 20.0
701 741 375.0
701 742 14.0
701 748 2.0
701 780 1.0
701 804 15.0
701 816 11.0
701 817 14.0
701 818 236.0
701 822 4.0
701 823 4.0
701 826 3.0
701 827 14.0
701 828 3.0
701 829 217.0
701 831 4.0
701 832 4.0
701 836 26.0
701 837 47.0
701 838 155.0
701 839 1.0
701 840 8.0
701 841 1.0
701 846 27.0
701 847 105.0
701 848 276.0
701 849 3.0
701 856 2.0
701 857 13.0
701 906 1.0
701 916 1.0
701 925 1.0
701 926 2.0
701 935 4.0
701 944 73.0
701 945 57.0
701 948 1.0
701 953 53.0
701 960 22.0
701 989 2.0
701 998 1.0
701 1007 2.0
701 1022 38.0
701 1023 1.0
701 1030 11.0
701 1052 1.0
702 703 199.0
702 704 355.0
702 712 18.0
702 713 7.0
702 714 8.0
702 715 17.0
702 724 3.0
702 732 1.0
702 780 1.0
702 814 2.0
702 822 3.0
702 823 3.0
702 827 5.0
702 828 1.0
702 832 3.0
702 833 1.0
702 836 5.0
702 837 5.0
702 838 6.0
702 839 4.0
702 842 1.0
702 848 2.0
702 923 1.0
702 935 4.0
702 945 1.0
702 953 4.0
703 704 361.0
703 705 1.0
703 712 9.0
703 713 91.0
703 714 3.0
703 715 50.0
703 765 1.0
703 785 1.0
703 797 1.0
703 804 1.0
703 822 1.0
703 823 1.0
703 832 1.0
703 837 1.0
703 842 5.0
703 895 1.0
703 925 1.0
703 944 1.0
703 981 1.0
704 705 10.0
704 706 14.0
704 707 3.0
704 709 3.0
704 711 2.0
704 712 205.0
704 713 530.0
704 714 498.0
704 715 490.0
704 716 9.0
704 717 1.0
704 721 14.0
704 722 18.0
704 723 12.0
704 724 23.0
704 725 23.0
704 726 2.0
704 727 1.0
704 733 2.0
704 736 6.0
704 741 1.0
704 765 1.0
704 785 2.0
704 792 1.0
704 795 2.0
704 797 3.0
704 804 1.0
704 807 141.0
704 808 6.0
704 809 14.0
704 810 8.0
704 818 4.0
704 819 8.0
704 820 37.0
704 821 13.0
704 822 125.0
704 823 123.0
704 824 4.0
704 829 5.0
704 830 101.0
704 831 155.0
704 832 159.0
704 833 16.0
704 834 2.0
704 836 7.0
704 837 22.0
704 838 18.0
704 839 12.0
704 840 321.0
704 841 120.0
704 842 16.0
704 851 8.0
704 860 1.0
704 895 1.0
704 900 2.0
704 909 7.0
704 910 2.0
704 918 7.0
704 920 1.0
704 925 2.0
704 928 1.0
704 939 38.0
704 940 5.0
704 941 6.0
704 944 13.0
704 945 1.0
704 947 3.0
704 948 145.0
704 949 1.0
704 953 1.0
704 955 22.0
704 956 14.0
704 957 1.0
704 962 10.0
704 963 6.0
704 981 1.0
704 989 15.0
704 992 3.0
704 1018 9.0
704 1019 4.0
704 1020 1.0
704 1026 102.0
704 1032 2.0
704 1033 18.0
704 1043 1.0
705 706 124.0
705 707 101.0
705 708 21.0
705 713 1.0
705 714 1.0
705 715 100.0
705 716 126.0
705 717 11.0
705 718 4.0
705 724 5.0
705 725 71.0
705 726 185.0
705 727 2.0
705 734 1.0
705 735 4.0
705 736 7.0
705 738 2.0
705 744 7.0
705 751 5.0
705 765 5.0
705 784 3.0
705 785 37.0
705 786 1.0
705 797 77.0
705 798 2.0
705 807 2.0
705 808 7.0
705 809 104.0
705 810 4.0
705 819 2.0
705 820 6.0
705 821 50.0
705 822 128.0
705 823 154.0
705 824 45.0
705 830 4.0
705 831 715.0
705 832 318.0
705 833 93.0
705 834 35.0
705 840 4.0
705 841 253.0
705 842 52.0
705 843 2.0
705 851 36.0
705 852 20.0
705 853 3.0
705 860 8.0
705 867 5.0
705 891 1.0
705 900 10.0
705 901 1.0
705 909 6.0
705 910 13.0
705 911 3.0
705 920 24.0
705 929 1.0
705 930 24.0
705 931 1.0
705 939 116.0
705 940 63.0
705 941 1.0
705 947 42.0
705 948 1059.0
705 949 75.0
705 955 268.0
705 956 57.0
705 957 26.0
705 962 1.0
705 963 8.0
705 968 1.0
705 992 3.0
705 993 14.0
705 1002 10.0
705 1018 13.0
705 1019 11.0
705 1026 737.0
705 1027 3.0
705 1032 6.0
705 1033 62.0
705 1049 3.0
705 1066 1.0
706 707 705.0
706 708 148.0
706 713 1.0
706 714 47.0
706 715 26.0
706 716 81.0
706 717 1686.0
706 718 19.0
706 721 1.0
706 724 173.0
706 725 183.0
706 726 781.0
706 727 658.0
706 728 1.0
706 735 133.0
706 736 61.0
706 738 3.0
706 744 6.0
706 745 5.0
706 751 4.0
706 756 31.0
706 757 3.0
706 763 136.0
706 764 218.0
706 765 1333.0
706 772 64.0
706 773 203.0
706 774 294.0
706 775 2.0
706 784 696.0
706 785 1286.0
706 786 250.0
706 795 10.0
706 796 155.0
706 797 411.0
706 798 527.0
706 807 79.0
706 808 92.0
706 809 7.0
706 810 3286.0
706 811 1.0
706 812 2.0
706 819 30.0
706 820 68.0
706 821 78.0
706 822 1021.0
706 823 109.0
706 824 4.0
706 830 39.0
706 831 40.0
706 832 283.0
706 834 39.0
706 840 118.0
706 841 17.0
706 842 80.0
706 851 8.0
706 852 3.0
706 860 186.0
706 861 7.0
706 867 178.0
706 874 3.0
706 879 4.0
706 880 287.0
706 881 500.0
706 882 31.0
706 889 50.0
706 890 352.0
706 891 347.0
706 898 2.0
706 899 74.0
706 900 69.0
706 901 746.0
706 902 6.0
706 910 100.0
706 911 82.0
706 919 7.0
706 920 28.0
706 921 230.0
706 929 77.0
706 930 19.0
706 931 4.0
706 939 26.0
706 940 15.0
706 947 1.0
706 948 18.0
706 955 4.0
706 956 1.0
706 963 12.0
706 968 7.0
706 978 11.0
706 983 3.0
706 984 4.0
706 985 5.0
706 986 93.0
706 993 17.0
706 994 32.0
706 1001 2.0
706 1002 4.0
706 1003 16.0
706 1018 3.0
706 1019 4.0
706 1020 2.0
706 1026 4.0
706 1027 8.0
706 1033 2.0
706 1049 1.0
706 1062 44.0
707 708 195.0
707 713 1.0
707 714 1.0
707 715 28.0
707 716 49.0
707 717 91.0
707 718 32.0
707 721 1.0
707 724 1.0
707 725 120.0
707 726 591.0
707 727 1.0
707 734 2.0
707 735 52.0
707 736 56.0
707 745 2.0
707 751 5.0
707 785 1.0
707 796 1.0
707 797 2.0
707 808 4.0
707 809 2.0
707 810 22.0
707 811 1.0
707 812 1.0
707 820 15.0
707 821 34.0
707 822 1.0
707 823 79.0
707 831 16.0
707 832 56.0
707 833 15.0
707 841 10.0
707 842 50.0
707 851 7.0
707 852 7.0
707 860 117.0
707 861 7.0
707 867 84.0
707 900 8.0
707 910 14.0
707 911 4.0
707 918 1.0
707 919 7.0
707 920 22.0
707 921 1.0
707 929 15.0
707 930 28.0
707 939 6.0
707 940 20.0
707 948 8.0
707 949 6.0
707 956 1.0
707 957 3.0
707 963 10.0
707 968 7.0
707 993 3.0
707 1002 4.0
707 1011 2.0
707 1018 7.0
707 1019 2.0
707 1020 1.0
707 1027 7.0
708 715 2.0
708 716 3.0
708 717 16.0
708 724 1.0
708 725 35.0
708 726 140.0
708 734 1.0
708 735 5.0
708 736 11.0
708 796 1.0
708 798 1.0
708 810 5.0
708 820 5.0
708 821 6.0
708 822 1.0
708 823 1.0
708 831 4.0
708 832 17.0
708 833 7.0
708 834 2.0
708 841 7.0
708 842 13.0
708 851 1.0
708 860 12.0
708 861 2.0
708 867 10.0
708 900 4.0
708 910 3.0
708 920 6.0
708 929 3.0
708 930 5.0
708 939 2.0
708 940 7.0
708 948 1.0
708 956 1.0
708 962 1.0
708 968 1.0
708 993 1.0
708 1018 9.0
708 1019 1.0
708 1020 1.0
708 1027 2.0
709 710 50.0
709 732 1.0
709 792 7.0
709 793 5.0
709 804 7.0
709 814 3.0
709 816 10.0
709 827 41.0
709 835 10.0
709 836 1.0
709 838 36.0
709 895 1.0
709 906 1.0
709 945 9.0
709 988 2.0
709 1045 1.0
710 711 87.0
710 715 6.0
710 720 5.0
710 721 2.0
710 722 10.0
710 731 4.0
710 732 156.0
710 740 2.0
710 741 221.0
710 742 3.0
710 770 1.0
710 780 41.0
710 781 17.0
710 790 4.0
710 791 34.0
710 792 870.0
710 793 397.0
710 794 226.0
710 802 13.0
710 803 100.0
710 804 880.0
710 805 5.0
710 806 8.0
710 814 15.0
710 815 33.0
710 816 334.0
710 818 6.0
710 827 141.0
710 828 3.0
710 835 42.0
710 836 9.0
710 837 5.0
710 838 30.0
710 847 2.0
710 857 2.0
710 864 1.0
710 886 15.0
710 895 89.0
710 896 12.0
710 904 6.0
710 905 10.0
710 906 27.0
710 907 1.0
710 915 6.0
710 916 1.0
710 925 4.0
710 936 5.0
710 945 5.0
710 952 2.0
710 969 15.0
710 974 6.0
710 980 13.0
710 981 94.0
710 988 28.0
710 997 1.0
710 998 1.0
710 1005 2.0
710 1013 2.0
710 1014 1.0
710 1015 2.0
710 1045 33.0
710 1052 1.0
710 1063 1.0
711 712 10.0
711 713 2.0
711 714 8.0
711 715 1.0
711 720 1.0
711 721 496.0
711 722 18.0
711 723 1.0
711 730 25.0
711 731 5.0
711 732 40.0
711 733 1.0
711 739 2.0
711 741 58.0
711 742 5.0
711 753 52.0
711 754 18.0
711 760 1.0
711 761 110.0
711 762 1.0
711 769 13.0
711 770 1.0
711 780 292.0
711 791 263.0
711 792 66.0
711 793 24.0
711 801 1.0
711 802 10.0
711 803 310.0
711 804 154.0
711 805 1.0
711 814 12.0
711 815 296.0
711 816 67.0
711 818 1.0
711 825 2.0
711 826 55.0
711 827 74.0
711 836 112.0
711 837 443.0
711 838 148.0
711 846 16.0
711 847 59.0
711 848 6.0
711 878 1.0
711 895 20.0
711 896 6.0
711 905 3.0
711 906 8.0
711 907 1.0
711 913 1.0
711 915 4.0
711 924 1.0
711 925 5.0
711 933 3.0
711 934 5.0
711 935 1.0
711 936 37.0
711 944 4.0
711 945 76.0
711 952 75.0
711 953 3.0
711 960 1.0
711 974 1.0
711 980 8.0
711 981 30.0
711 988 1.0
711 989 3.0
711 1005 2.0
711 1013 2.0
711 1014 1.0
711 1015 14.0
711 1022 8.0
711 1023 20.0
711 1045 1.0
712 713 329.0
712 714 253.0
712 715 96.0
712 716 10.0
712 720 1.0
712 721 61.0
712 722 384.0
712 723 128.0
712 726 1.0
712 730 2.0
712 731 65.0
712 732 328.0
712 733 36.0
712 741 710.0
712 742 45.0
712 748 6.0
712 765 1.0
712 769 1.0
712 780 14.0
712 785 2.0
712 790 3.0
712 791 19.0
712 792 21.0
712 794 1.0
712 797 2.0
712 803 16.0
712 804 129.0
712 807 8.0
712 816 38.0
712 817 8.0
712 818 232.0
712 819 3.0
712 826 2.0
712 827 20.0
712 828 1.0
712 829 173.0
712 830 5.0
712 831 9.0
712 836 23.0
712 837 321.0
712 838 178.0
712 839 103.0
712 840 4.0
712 842 15.0
712 846 28.0
712 847 134.0
712 848 469.0
712 849 8.0
712 851 12.0
712 856 5.0
712 857 10.0
712 858 11.0
712 865 1.0
712 870 1.0
712 895 88.0
712 906 1.0
712 907 1.0
712 915 5.0
712 916 1.0
712 923 1.0
712 924 4.0
712 925 246.0
712 926 2.0
712 935 1.0
712 936 3.0
712 944 276.0
712 945 93.0
712 949 1.0
712 952 5.0
712 953 227.0
712 954 5.0
712 960 87.0
712 961 1.0
712 963 12.0
712 965 6.0
712 980 23.0
712 981 67.0
712 988 71.0
712 989 110.0
712 998 1.0
712 1002 1.0
712 1007 2.0
712 1016 1.0
712 1022 7.0
712 1023 11.0
712 1030 27.0
712 1031 1.0
712 1045 72.0
712 1052 1.0
712 1063 3.0
713 714 2138.0
713 715 280.0
713 716 22.0
713 721 1.0
713 723 471.0
713 724 3.0
713 726 6.0
713 727 1.0
713 736 3.0
713 738 1.0
713 740 1.0
713 742 1.0
713 764 1.0
713 765 5.0
713 769 2.0
713 782 1.0
713 783 32.0
713 784 4.0
713 785 9.0
713 790 1.0
713 791 1.0
713 795 82.0
713 797 8.0
713 804 8.0
713 806 9.0
713 807 116.0
713 816 16.0
713 818 415.0
713 819 107.0
713 820 3.0
713 821 1.0
713 829 419.0
713 830 120.0
713 831 1.0
713 837 1.0
713 839 189.0
713 840 75.0
713 842 40.0
713 851 22.0
713 852 1.0
713 880 1.0
713 889 1.0
713 899 2.0
713 900 1.0
713 908 2.0
713 909 5.0
713 915 4.0
713 918 1.0
713 924 4.0
713 928 1.0
713 929 2.0
713 949 5.0
713 952 2.0
713 963 23.0
713 992 5.0
713 1002 1.0
713 1049 4.0
713 1062 1.0
714 715 410.0
714 716 11.0
714 717 3.0
714 721 4.0
714 722 90.0
714 723 20.0
714 724 759.0
714 725 1.0
714 726 4.0
714 727 3.0
714 731 1.0
714 736 3.0
714 738 1.0
714 756 4.0
714 763 6.0
714 765 179.0
714 769 1.0
714 772 6.0
714 774 15.0
714 783 79.0
714 784 952.0
714 785 502.0
714 790 1.0
714 791 1.0
714 792 1.0
714 795 611.0
714 796 356.0
714 797 343.0
714 804 6.0
714 807 1341.0
714 808 32.0
714 809 19.0
714 816 5.0
714 819 1271.0
714 820 3.0
714 821 14.0
714 827 1.0
714 829 1.0
714 830 1243.0
714 832 1.0
714 837 2.0
714 838 2.0
714 840 305.0
714 842 7.0
714 846 29.0
714 847 32.0
714 848 16.0
714 852 1.0
714 856 9.0
714 857 18.0
714 880 12.0
714 888 2.0
714 889 307.0
714 890 37.0
714 895 1.0
714 898 4.0
714 899 63.0
714 900 4.0
714 908 1.0
714 909 123.0
714 918 2.0
714 919 4.0
714 920 2.0
714 925 1.0
714 928 1.0
714 929 1.0
714 930 1.0
714 939 3.0
714 945 1.0
714 949 1.0
714 952 2.0
714 953 1.0
714 981 1.0
714 984 4.0
714 992 93.0
714 993 16.0
714 1001 5.0
714 1002 4.0
714 1049 69.0
714 1055 19.0
714 1062 1.0
715 716 133.0
715 717 2.0
715 721 5.0
715 722 5.0
715 723 23.0
715 724 85.0
715 725 515.0
715 726 115.0
715 727 16.0
715 731 1.0
715 732 2.0
715 734 1.0
715 735 2.0
715 736 1.0
715 738 10.0
715 741 2.0
715 742 1.0
715 744 6.0
715 751 33.0
715 769 3.0
715 783 1.0
715 784 2.0
715 785 35.0
715 791 1.0
715 797 71.0
715 803 1.0
715 804 2.0
715 806 2.0
715 807 88.0
715 808 24.0
715 809 68.0
715 814 1.0
715 816 1.0
715 817 151.0
715 818 35.0
715 820 1.0
715 821 35.0
715 822 1.0
715 823 1.0
715 828 3.0
715 829 18.0
715 830 3.0
715 831 39.0
715 832 67.0
715 835 1.0
715 836 4.0
715 837 5.0
715 838 16.0
715 839 1.0
715 840 94.0
715 841 211.0
715 842 211.0
715 843 1.0
715 847 1.0
715 848 1.0
715 850 3.0
715 851 359.0
715 852 29.0
715 859 1.0
715 860 26.0
715 866 1.0
715 867 12.0
715 889 1.0
715 898 1.0
715 899 64.0
715 909 7.0
715 910 10.0
715 919 17.0
715 920 10.0
715 925 1.0
715 926 119.0
715 935 1.0
715 940 7.0
715 941 1.0
715 944 1.0
715 945 2.0
715 947 2.0
715 948 103.0
715 949 50.0
715 952 1.0
715 956 56.0
715 960 1.0
715 962 4.0
715 963 231.0
715 977 3.0
715 992 1.0
715 993 12.0
715 998 29.0
715 1000 3.0
715 1001 5.0
715 1002 1.0
715 1006 16.0
715 1007 108.0
715 1015 4.0
715 1018 4.0
715 1019 5.0
715 1022 2.0
715 1026 67.0
715 1033 22.0
715 1049 4.0
715 1052 10.0
715 1056 6.0
715 1057 2.0
715 1058 7.0
715 1063 1.0
715 1065 3.0
716 717 227.0
716 718 1.0
716 721 1.0
716 724 7.0
716 725 301.0
716 726 739.0
716 727 94.0
716 735 10.0
716 738 1.0
716 744 143.0
716 745 1.0
716 751 100.0
716 756 1.0
716 763 1.0
716 764 2.0
716 765 117.0
716 774 7.0
716 784 178.0
716 785 634.0
716 795 2.0
716 796 5.0
716 797 943.0
716 807 9.0
716 808 1.0
716 809 559.0
716 811 1.0
716 819 8.0
716 821 297.0
716 822 77.0
716 823 6.0
716 824 2.0
716 830 9.0
716 831 36.0
716 832 95.0
716 833 6.0
716 834 3.0
716 840 10.0
716 841 23.0
716 842 225.0
716 850 5.0
716 851 222.0
716 852 10.0
716 853 1.0
716 860 45.0
716 861 3.0
716 867 24.0
716 880 27.0
716 882 12.0
716 889 4.0
716 890 85.0
716 891 3.0
716 899 51.0
716 900 176.0
716 901 26.0
716 909 2.0
716 910 26.0
716 920 41.0
716 921 1.0
716 930 16.0
716 931 2.0
716 939 19.0
716 948 92.0
716 949 51.0
716 956 27.0
716 957 1.0
716 962 61.0
716 963 161.0
716 968 3.0
716 978 25.0
716 985 6.0
716 993 162.0
716 1002 1.0
716 1018 1.0
716 1026 50.0
716 1033 23.0
716 1049 12.0
717 724 15.0
717 725 27.0
717 726 405.0
717 727 202.0
717 728 3.0
717 734 2.0
717 735 52.0
717 736 2.0
717 744 20.0
717 745 13.0
717 751 4.0
717 756 5.0
717 763 14.0
717 764 24.0
717 765 188.0
717 773 2.0
717 774 5.0
717 784 345.0
717 785 1111.0
717 795 6.0
717 796 34.0
717 797 685.0
717 807 13.0
717 808 9.0
717 809 293.0
717 810 25.0
717 819 9.0
717 820 7.0
717 821 170.0
717 822 384.0
717 823 7.0
717 830 9.0
717 831 4.0
717 832 4.0
717 833 6.0
717 840 12.0
717 841 2.0
717 851 2.0
717 860 16.0
717 867 51.0
717 880 37.0
717 881 3.0
717 882 1.0
717 889 15.0
717 890 287.0
717 891 119.0
717 899 63.0
717 900 69.0
717 901 17.0
717 909 1.0
717 910 57.0
717 919 1.0
717 920 2.0
717 929 1.0
717 939 2.0
717 948 2.0
717 957 1.0
717 978 29.0
717 983 3.0
717 984 2.0
717 986 7.0
717 993 124.0
717 1049 13.0
717 1062 1.0
718 725 3.0
718 726 6.0
718 735 1.0
718 823 1.0
718 831 4.0
718 832 15.0
718 841 2.0
718 842 2.0
718 860 5.0
718 861 1.0
718 867 1.0
718 956 1.0
719 720 89.0
719 721 64.0
719 722 1.0
719 732 15.0
719 741 9.0
719 792 13.0
719 793 13.0
719 804 13.0
719 816 13.0
719 827 1.0
719 837 12.0
719 838 3.0
719 936 1.0
719 945 5.0
719 1015 1.0
719 1022 1.0
719 1023 4.0
720 721 123.0
720 722 24.0
720 730 1.0
720 731 30.0
720 732 27.0
720 741 20.0
720 792 39.0
720 793 38.0
720 804 40.0
720 816 40.0
720 818 1.0
720 827 1.0
720 836 1.0
720 837 22.0
720 838 5.0
720 847 6.0
720 848 14.0
720 895 1.0
720 906 3.0
720 936 1.0
720 945 7.0
720 952 3.0
720 953 21.0
720 959 1.0
720 988 1.0
720 1015 1.0
720 1022 1.0
720 1023 5.0
720 1030 2.0
720 1045 1.0
721 722 70.0
721 723 5.0
721 724 8.0
721 730 124.0
721 731 228.0
721 732 107.0
721 739 2.0
721 741 44.0
721 742 1.0
721 765 2.0
721 769 38.0
721 770 3.0
721 779 14.0
721 780 17.0
721 781 10.0
721 784 3.0
721 785 4.0
721 790 19.0
721 791 52.0
721 792 535.0
721 793 298.0
721 796 1.0
721 797 3.0
721 802 1.0
721 803 35.0
721 804 328.0
721 805 9.0
721 809 2.0
721 814 5.0
721 815 4.0
721 816 262.0
721 817 1.0
721 818 33.0
721 825 2.0
721 826 33.0
721 827 98.0
721 831 1.0
721 836 7.0
721 837 650.0
721 838 259.0
721 840 1.0
721 846 15.0
721 847 243.0
721 848 96.0
721 864 1.0
721 880 1.0
721 886 6.0
721 895 60.0
721 896 18.0
721 905 25.0
721 906 37.0
721 914 1.0
721 915 13.0
721 916 2.0
721 924 2.0
721 925 18.0
721 926 4.0
721 935 4.0
721 936 38.0
721 944 10.0
721 945 120.0
721 952 18.0
721 953 19.0
721 959 1.0
721 969 1.0
721 974 15.0
721 980 13.0
721 981 80.0
721 988 18.0
721 989 7.0
721 997 1.0
721 1005 3.0
721 1013 4.0
721 1015 13.0
721 1022 10.0
721 1023 41.0
721 1045 18.0
721 1052 1.0
721 1063 2.0
722 723 400.0
722 724 15.0
722 730 8.0
722 731 10.0
722 732 1092.0
722 733 96.0
722 740 1.0
722 741 30.0
722 742 2.0
722 765 4.0
722 782 6.0
722 784 2.0
722 785 10.0
722 792 7.0
722 793 5.0
722 794 6.0
722 795 1.0
722 797 10.0
722 803 1.0
722 804 41.0
722 805 120.0
722 806 203.0
722 807 1.0
722 814 2.0
722 816 92.0
722 817 16.0
722 818 38.0
722 819 1.0
722 826 1.0
722 827 137.0
722 828 7.0
722 830 1.0
722 831 2.0
722 837 63.0
722 838 260.0
722 839 3.0
722 840 1.0
722 846 52.0
722 847 135.0
722 848 426.0
722 849 27.0
722 856 11.0
722 857 848.0
722 858 5.0
722 864 12.0
722 895 6.0
722 896 1.0
722 906 207.0
722 907 13.0
722 915 1.0
722 916 7.0
722 924 6.0
722 925 6.0
722 926 78.0
722 936 1.0
722 944 6.0
722 945 56.0
722 952 4.0
722 953 106.0
722 954 3.0
722 960 133.0
722 965 36.0
722 974 1.0
722 980 2.0
722 981 24.0
722 988 1.0
722 989 213.0
722 990 5.0
722 997 1.0
722 1007 4.0
722 1015 1.0
722 1022 3.0
722 1023 11.0
722 1030 8.0
722 1031 3.0
722 1045 2.0
722 1063 13.0
723 724 27.0
723 725 1.0
723 726 1.0
723 730 4.0
723 731 19.0
723 732 14.0
723 733 667.0
723 740 5.0
723 741 5.0
723 769 2.0
723 780 1.0
723 785 1.0
723 790 2.0
723 791 4.0
723 792 2.0
723 797 1.0
723 804 19.0
723 806 980.0
723 816 8.0
723 817 8.0
723 818 2992.0
723 820 1.0
723 827 2.0
723 829 2772.0
723 831 3.0
723 837 1.0
723 838 43.0
723 839 1343.0
723 847 2.0
723 848 9.0
723 849 51.0
723 865 1.0
723 870 1.0
723 895 3.0
723 907 5.0
723 915 2.0
723 916 1.0
723 925 2.0
723 929 1.0
723 939 3.0
723 944 2.0
723 945 30.0
723 953 21.0
723 981 3.0
723 989 4.0
723 997 2.0
723 998 1.0
723 1007 1.0
723 1015 1.0
723 1016 1.0
723 1023 4.0
723 1030 46.0
723 1052 1.0
723 1066 1.0
724 725 17.0
724 726 10.0
724 727 91.0
724 728 2.0
724 732 1.0
724 741 1.0
724 756 2.0
724 763 3.0
724 764 1.0
724 765 186.0
724 769 4.0
724 770 1.0
724 774 50.0
724 778 1.0
724 779 34.0
724 780 27.0
724 781 14.0
724 783 21.0
724 784 1607.0
724 785 694.0
724 786 7.0
724 790 38.0
724 791 54.0
724 792 475.0
724 793 286.0
724 794 1.0
724 795 104.0
724 796 883.0
724 797 439.0
724 802 1.0
724 803 33.0
724 804 115.0
724 805 4.0
724 807 958.0
724 808 266.0
724 809 27.0
724 815 6.0
724 816 4.0
724 818 1.0
724 819 352.0
724 820 12.0
724 821 19.0
724 826 5.0
724 829 1.0
724 830 661.0
724 831 7.0
724 832 2.0
724 837 5.0
724 839 1.0
724 840 1255.0
724 841 77.0
724 847 6.0
724 848 1.0
724 880 9.0
724 885 2.0
724 886 2.0
724 888 6.0
724 889 467.0
724 890 29.0
724 893 1.0
724 895 90.0
724 896 36.0
724 899 246.0
724 900 2.0
724 903 1.0
724 905 29.0
724 906 32.0
724 907 2.0
724 908 1.0
724 909 33.0
724 914 2.0
724 915 10.0
724 918 16.0
724 919 2.0
724 920 1.0
724 925 10.0
724 929 4.0
724 935 1.0
724 939 8.0
724 948 2.0
724 952 2.0
724 956 2.0
724 963 1.0
724 974 13.0
724 977 3.0
724 980 24.0
724 981 77.0
724 984 2.0
724 987 1.0
724 988 22.0
724 989 1.0
724 992 19.0
724 993 1.0
724 997 3.0
724 1000 1.0
724 1005 3.0
724 1006 2.0
724 1010 1.0
724 1013 3.0
724 1014 2.0
724 1026 1.0
724 1033 1.0
724 1045 27.0
724 1049 11.0
724 1051 1.0
724 1052 1.0
724 1055 4.0
724 1060 1.0
725 726 883.0
725 727 139.0
725 728 20.0
725 734 13.0
725 735 434.0
725 736 85.0
725 737 10.0
725 738 109.0
725 743 4.0
725 744 16.0
725 751 34.0
725 765 38.0
725 784 56.0
725 785 271.0
725 786 4.0
725 796 21.0
725 797 574.0
725 798 6.0
725 800 2.0
725 807 1.0
725 809 439.0
725 810 3.0
725 811 30.0
725 812 15.0
725 818 1.0
725 819 1.0
725 821 322.0
725 822 28.0
725 823 13.0
725 824 5.0
725 829 1.0
725 830 1.0
725 831 37.0
725 832 427.0
725 834 4.0
725 840 3.0
725 841 12.0
725 842 725.0
725 850 11.0
725 851 480.0
725 852 102.0
725 853 9.0
725 859 3.0
725 860 960.0
725 861 29.0
725 866 2.0
725 867 715.0
725 871 1.0
725 880 10.0
725 882 2.0
725 889 1.0
725 890 31.0
725 899 12.0
725 900 215.0
725 910 162.0
725 920 232.0
725 921 16.0
725 930 141.0
725 931 8.0
725 939 112.0
725 940 11.0
725 948 49.0
725 949 6.0
725 956 59.0
725 963 401.0
725 968 95.0
725 978 11.0
725 985 31.0
725 993 88.0
725 1002 35.0
725 1018 2.0
725 1019 4.0
725 1026 14.0
725 1027 9.0
725 1033 4.0
725 1044 2.0
725 1049 18.0
725 1050 11.0
725 1062 1.0
726 727 255.0
726 728 9.0
726 734 3.0
726 735 318.0
726 736 229.0
726 738 78.0
726 743 1.0
726 744 180.0
726 745 25.0
726 751 88.0
726 756 1.0
726 763 3.0
726 764 3.0
726 765 143.0
726 774 5.0
726 784 212.0
726 785 662.0
726 786 1.0
726 795 2.0
726 796 12.0
726 797 856.0
726 798 1.0
726 807 6.0
726 808 1.0
726 809 432.0
726 810 1.0
726 811 16.0
726 812 10.0
726 819 5.0
726 820 1.0
726 821 223.0
726 822 110.0
726 823 27.0
726 824 18.0
726 830 6.0
726 831 49.0
726 832 160.0
726 834 4.0
726 840 4.0
726 842 288.0
726 843 21.0
726 850 5.0
726 851 65.0
726 852 101.0
726 853 21.0
726 860 547.0
726 861 18.0
726 867 455.0
726 880 30.0
726 882 4.0
726 889 3.0
726 890 132.0
726 891 7.0
726 899 67.0
726 900 176.0
726 901 24.0
726 909 1.0
726 910 46.0
726 920 115.0
726 921 11.0
726 930 80.0
726 931 3.0
726 939 60.0
726 940 5.0
726 948 51.0
726 949 4.0
726 956 2.0
726 963 89.0
726 968 23.0
726 978 43.0
726 985 5.0
726 993 93.0
726 1002 19.0
726 1018 1.0
726 1019 2.0
726 1027 4.0
726 1049 5.0
727 728 139.0
727 734 4.0
727 735 145.0
727 736 47.0
727 738 212.0
727 744 24.0
727 745 1.0
727 751 59.0
727 756 3.0
727 763 5.0
727 764 12.0
727 765 36.0
727 772 1.0
727 773 26.0
727 774 5.0
727 784 282.0
727 785 261.0
727 795 2.0
727 796 78.0
727 797 168.0
727 798 81.0
727 807 45.0
727 808 74.0
727 809 63.0
727 819 11.0
727 820 11.0
727 821 41.0
727 822 5.0
727 830 19.0
727 832 116.0
727 840 77.0
727 841 6.0
727 842 119.0
727 851 27.0
727 852 58.0
727 853 1.0
727 860 94.0
727 867 87.0
727 880 14.0
727 881 24.0
727 889 22.0
727 890 56.0
727 891 2.0
727 898 1.0
727 899 30.0
727 900 38.0
727 910 6.0
727 919 1.0
727 920 63.0
727 947 1.0
727 948 2.0
727 955 4.0
727 963 23.0
727 978 5.0
727 983 1.0
727 984 1.0
727 1033 1.0
728 735 32.0
728 736 3.0
728 744 14.0
728 751 13.0
728 765 1.0
728 784 1.0
728 785 3.0
728 797 9.0
728 798 14.0
728 809 4.0
728 821 4.0
728 832 15.0
728 842 15.0
728 851 2.0
728 852 6.0
728 860 16.0
728 867 15.0
728 900 1.0
728 920 12.0
728 963 1.0
730 731 36.0
730 732 107.0
730 739 2.0
730 740 2.0
730 741 73.0
730 742 2.0
730 780 3.0
730 791 2.0
730 792 8.0
730 793 5.0
730 803 1.0
730 804 14.0
730 806 1.0
730 815 1.0
730 816 4.0
730 818 2.0
730 826 2.0
730 827 13.0
730 829 1.0
730 837 18.0
730 838 5.0
730 847 13.0
730 848 7.0
730 905 1.0
730 906 1.0
730 915 1.0
730 925 1.0
730 935 1.0
730 945 2.0
730 953 8.0
730 981 1.0
730 1023 2.0
731 732 241.0
731 740 1.0
731 741 157.0
731 780 4.0
731 791 3.0
731 792 32.0
731 793 11.0
731 802 24.0
731 803 4.0
731 804 28.0
731 806 13.0
731 814 25.0
731 815 1.0
731 816 20.0
731 818 26.0
731 825 2.0
731 826 15.0
731 827 25.0
731 829 28.0
731 836 2.0
731 837 73.0
731 838 1.0
731 839 2.0
731 847 116.0
731 848 11.0
731 856 13.0
731 863 12.0
731 895 1.0
731 905 3.0
731 906 2.0
731 915 2.0
731 925 3.0
731 934 24.0
731 935 2.0
731 944 4.0
731 945 3.0
731 953 5.0
731 980 3.0
731 981 5.0
731 988 6.0
731 989 4.0
731 1022 2.0
731 1023 1.0
731 1045 6.0
732 733 1.0
732 740 26.0
732 741 1537.0
732 742 9.0
732 765 1.0
732 769 39.0
732 780 5.0
732 782 8.0
732 785 1.0
732 791 8.0
732 792 146.0
732 793 153.0
732 794 8.0
732 797 1.0
732 802 9.0
732 803 19.0
732 804 459.0
732 805 218.0
732 806 100.0
732 814 19.0
732 816 436.0
732 817 12.0
732 818 22.0
732 825 3.0
732 826 21.0
732 827 502.0
732 828 20.0
732 829 48.0
732 837 520.0
732 838 135.0
732 839 17.0
732 847 285.0
732 848 198.0
732 849 7.0
732 857 272.0
732 863 20.0
732 864 100.0
732 895 25.0
732 896 4.0
732 905 3.0
732 906 440.0
732 907 11.0
732 915 1.0
732 916 7.0
732 923 1.0
732 924 1.0
732 925 40.0
732 926 86.0
732 944 43.0
732 945 22.0
732 953 16.0
732 954 2.0
732 960 2.0
732 965 2.0
732 974 1.0
732 980 21.0
732 981 48.0
732 988 18.0
732 989 562.0
732 990 5.0
732 1007 1.0
732 1023 14.0
732 1030 1.0
732 1031 1.0
732 1040 2.0
732 1045 15.0
732 1046 1.0
732 1063 6.0
733 740 1.0
733 741 2.0
733 806 248.0
733 817 13.0
733 818 412.0
733 828 1.0
733 829 298.0
733 838 38.0
733 839 274.0
733 840 1.0
733 848 4.0
733 849 38.0
733 857 11.0
733 858 4.0
733 906 1.0
733 907 11.0
733 945 1.0
733 952 1.0
733 953 3.0
733 989 1.0
733 1023 1.0
733 1030 8.0
734 735 4.0
734 736 4.0
734 797 2.0
734 809 2.0
734 821 2.0
734 832 1.0
734 842 1.0
734 851 7.0
734 860 3.0
735 736 95.0
735 737 10.0
735 738 71.0
735 743 4.0
735 744 125.0
735 745 11.0
735 751 114.0
735 765 3.0
735 784 25.0
735 785 27.0
735 796 5.0
735 797 85.0
735 798 6.0
735 809 77.0
735 810 13.0
735 811 42.0
735 812 12.0
735 821 11.0
735 822 4.0
735 823 3.0
735 824 1.0
735 832 101.0
735 833 1.0
735 841 2.0
735 842 417.0
735 843 6.0
735 851 26.0
735 852 6.0
735 853 6.0
735 860 690.0
735 861 23.0
735 867 1158.0
735 871 1.0
735 880 1.0
735 890 7.0
735 899 3.0
735 900 98.0
735 910 93.0
735 920 268.0
735 921 20.0
735 930 101.0
735 931 2.0
735 932 1.0
735 939 115.0
735 949 3.0
735 956 1.0
735 963 6.0
735 978 1.0
735 985 4.0
735 993 33.0
735 1002 10.0
735 1018 1.0
735 1019 1.0
735 1027 2.0
735 1049 2.0
736 737 33.0
736 738 54.0
736 745 3.0
736 751 94.0
736 785 24.0
736 797 132.0
736 798 34.0
736 809 137.0
736 821 146.0
736 832 183.0
736 840 1.0
736 842 195.0
736 850 1.0
736 851 3.0
736 852 17.0
736 853 12.0
736 860 74.0
736 861 2.0
736 867 90.0
736 890 3.0
736 900 92.0
736 910 4.0
736 920 28.0
736 930 5.0
736 963 3.0
736 1002 1.0
737 738 24.0
737 745 1.0
737 751 23.0
737 797 1.0
737 798 1.0
737 842 2.0
737 852 11.0
737 860 9.0
737 890 1.0
737 900 1.0
737 920 2.0
737 930 2.0
738 745 3.0
738 751 21.0
738 785 3.0
738 797 23.0
738 798 20.0
738 809 32.0
738 821 25.0
738 832 46.0
738 842 50.0
738 851 16.0
738 852 45.0
738 853 1.0
738 860 85.0
738 867 76.0
738 890 1.0
738 900 20.0
738 910 3.0
738 920 16.0
738 930 2.0
738 948 1.0
738 963 14.0
738 1033 1.0
739 827 2.0
739 837 2.0
739 847 2.0
740 741 2.0
740 792 4.0
740 804 5.0
740 816 5.0
740 818 3.0
740 827 5.0
740 828 1.0
740 829 3.0
740 837 5.0
740 838 1.0
740 839 3.0
740 847 5.0
740 848 2.0
740 906 1.0
740 953 1.0
740 980 2.0
740 989 1.0
740 1030 1.0
741 769 18.0
741 780 3.0
741 791 6.0
741 792 42.0
741 793 19.0
741 802 6.0
741 803 5.0
741 804 10.0
741 805 1.0
741 806 3.0
741 814 8.0
741 816 4.0
741 817 1.0
741 818 12.0
741 825 2.0
741 826 17.0
741 829 52.0
741 837 23.0
741 838 28.0
741 839 48.0
741 846 1.0
741 847 1.0
741 848 7.0
741 849 3.0
741 870 2.0
741 895 4.0
741 896 1.0
741 904 1.0
741 905 2.0
741 906 5.0
741 907 1.0
741 923 1.0
741 925 6.0
741 944 10.0
741 945 11.0
741 953 21.0
741 954 3.0
741 980 2.0
741 981 4.0
741 988 6.0
741 1023 2.0
741 1030 11.0
741 1045 6.0
742 749 2.0
742 826 2.0
742 837 9.0
742 838 5.0
742 839 1.0
742 848 9.0
742 849 1.0
742 858 18.0
742 865 1.0
742 944 3.0
742 945 3.0
742 953 15.0
742 954 1.0
742 960 15.0
742 1023 1.0
743 860 1.0
743 867 1.0
744 745 5.0
744 751 197.0
744 765 8.0
744 784 35.0
744 785 66.0
744 796 1.0
744 797 64.0
744 809 42.0
744 821 29.0
744 822 16.0
744 823 2.0
744 831 3.0
744 832 8.0
744 841 1.0
744 842 4.0
744 851 10.0
744 860 57.0
744 867 6.0
744 880 3.0
744 889 1.0
744 890 14.0
744 899 18.0
744 900 43.0
744 901 15.0
744 910 1.0
744 920 1.0
744 939 1.0
744 948 3.0
744 956 2.0
744 963 41.0
744 978 5.0
744 985 1.0
744 993 4.0
744 1002 1.0
744 1018 1.0
744 1049 2.0
745 751 111.0
745 752 7.0
745 765 1.0
745 784 5.0
745 785 11.0
745 795 1.0
745 797 17.0
745 809 15.0
745 821 13.0
745 832 1.0
745 842 1.0
745 843 2.0
745 860 1.0
745 861 1.0
745 867 2.0
745 890 1.0
745 899 2.0
745 900 3.0
745 909 1.0
745 978 1.0
745 993 3.0
748 829 1.0
749 858 1.0
749 865 1.0
750 751 22.0
751 752 2.0
751 765 5.0
751 784 29.0
751 785 52.0
751 796 1.0
751 797 44.0
751 809 23.0
751 821 10.0
751 822 3.0
751 831 1.0
751 832 2.0
751 842 3.0
751 843 5.0
751 850 1.0
751 851 28.0
751 852 2.0
751 860 34.0
751 861 1.0
751 867 16.0
751 880 3.0
751 889 1.0
751 890 12.0
751 899 14.0
751 900 12.0
751 939 1.0
751 948 1.0
751 949 1.0
751 956 1.0
751 963 22.0
751 968 2.0
751 978 4.0
751 1027 1.0
753 754 27.0
753 760 8.0
753 761 18.0
753 769 31.0
753 779 2.0
753 780 516.0
753 781 26.0
753 791 480.0
753 803 501.0
753 804 3.0
753 815 408.0
753 816 1.0
753 827 1.0
753 837 1.0
753 873 24.0
753 877 1.0
753 885 1.0
753 886 4.0
753 895 12.0
753 924 1.0
753 969 1.0
753 981 1.0
754 760 6.0
754 761 215.0
754 762 2.0
754 769 10.0
754 770 7.0
754 780 278.0
754 781 1.0
754 791 171.0
754 803 268.0
754 815 267.0
754 873 69.0
754 877 3.0
754 878 12.0
754 886 1.0
754 969 4.0
754 974 1.0
755 878 2.0
756 757 11.0
756 763 40.0
756 765 21.0
756 773 1.0
756 784 3.0
756 785 25.0
756 795 2.0
756 796 1.0
756 797 14.0
756 807 4.0
756 808 1.0
756 809 1.0
756 819 4.0
756 830 3.0
756 840 2.0
756 874 12.0
756 879 5.0
756 919 1.0
756 1001 1.0
757 758 4.0
757 763 8.0
757 764 7.0
757 785 1.0
757 874 14.0
757 879 1.0
757 880 6.0
757 972 1.0
758 764 4.0
758 881 4.0
759 780 4.0
759 791 86.0
759 803 79.0
759 815 6.0
760 761 2.0
760 762 2.0
760 769 77.0
760 779 1.0
760 780 145.0
760 791 145.0
760 793 3.0
760 794 2.0
760 803 145.0
760 806 1.0
760 815 144.0
760 818 1.0
760 877 13.0
760 896 3.0
761 769 11.0
761 770 125.0
761 780 978.0
761 781 2.0
761 791 707.0
761 803 986.0
761 815 970.0
761 836 5.0
761 837 2.0
761 846 4.0
761 873 80.0
761 877 10.0
761 878 1.0
761 944 1.0
761 952 1.0
762 769 2.0
762 780 5.0
762 791 4.0
762 803 5.0
762 815 5.0
763 764 1.0
763 772 19.0
763 785 35.0
763 795 3.0
763 796 1.0
763 797 19.0
763 807 6.0
763 808 14.0
763 809 8.0
763 810 1.0
763 819 5.0
763 820 2.0
763 830 3.0
763 831 1.0
763 841 3.0
763 874 8.0
763 879 3.0
763 880 9.0
763 888 1.0
763 899 8.0
763 909 12.0
763 919 7.0
763 955 1.0
763 992 2.0
763 1000 1.0
763 1001 2.0
763 1060 1.0
764 773 4.0
764 783 8.0
764 784 9.0
764 785 50.0
764 795 6.0
764 797 127.0
764 807 9.0
764 808 8.0
764 809 11.0
764 810 156.0
764 819 8.0
764 830 6.0
764 840 2.0
764 874 2.0
764 879 11.0
764 880 2765.0
764 881 8.0
764 888 1.0
764 890 4.0
764 891 1.0
764 899 1.0
764 909 1.0
764 919 6.0
764 972 91.0
764 993 2.0
764 1000 6.0
764 1060 3.0
765 773 1.0
765 774 52.0
765 783 4.0
765 784 298.0
765 785 1720.0
765 795 117.0
765 796 87.0
765 797 1101.0
765 807 208.0
765 808 45.0
765 809 136.0
765 810 132.0
765 818 2.0
765 819 184.0
765 820 1.0
765 821 2.0
765 829 2.0
765 830 148.0
765 831 11.0
765 832 11.0
765 839 2.0
765 840 151.0
765 841 5.0
765 850 1.0
765 851 3.0
765 867 3.0
765 879 4.0
765 880 159.0
765 881 357.0
765 888 1.0
765 889 3.0
765 899 7.0
765 909 8.0
765 919 3.0
765 929 2.0
765 939 10.0
765 948 5.0
765 963 3.0
765 992 6.0
765 1000 1.0
765 1001 2.0
765 1026 1.0
765 1049 1.0
766 775 4.0
766 785 2.0
766 797 3.0
766 809 3.0
766 821 3.0
767 768 1.0
767 778 1.0
767 779 1.0
767 875 1.0
767 893 1.0
767 894 1.0
767 895 1.0
768 778 12.0
768 875 1.0
769 779 25.0
769 780 153.0
769 781 36.0
769 790 1.0
769 791 114.0
769 793 24.0
769 803 178.0
769 804 6.0
769 805 1.0
769 815 178.0
769 837 2.0
769 838 2.0
769 864 10.0
769 873 8.0
769 877 14.0
769 885 23.0
769 886 4.0
769 895 33.0
769 896 3.0
769 903 1.0
769 906 2.0
769 969 1.0
769 981 2.0
770 779 10.0
770 780 1207.0
770 781 126.0
770 790 8.0
770 791 592.0
770 792 1.0
770 793 30.0
770 803 1203.0
770 804 29.0
770 805 4.0
770 815 1197.0
770 826 22.0
770 827 22.0
770 828 17.0
770 873 178.0
770 877 509.0
770 896 1.0
770 936 21.0
770 969 2.0
770 974 1.0
770 981 1.0
770 1015 13.0
771 780 21.0
771 782 1.0
771 803 21.0
771 815 21.0
771 826 8.0
771 827 8.0
771 828 7.0
771 887 2.0
771 936 8.0
771 1015 2.0
772 783 14.0
772 795 13.0
772 807 15.0
772 808 8.0
772 810 7.0
772 819 15.0
772 820 2.0
772 830 12.0
772 831 1.0
772 840 5.0
772 841 3.0
772 888 1.0
772 889 1.0
772 899 7.0
772 909 12.0
772 919 3.0
772 955 1.0
772 992 2.0
773 774 3.0
773 784 48.0
773 785 37.0
773 797 34.0
773 810 90.0
773 880 5.0
773 881 41.0
774 776 1.0
774 784 86.0
774 785 39.0
774 795 6.0
774 796 12.0
774 797 39.0
774 807 72.0
774 808 6.0
774 809 15.0
774 819 42.0
774 821 7.0
774 830 67.0
774 831 1.0
774 832 10.0
774 840 68.0
774 880 1.0
774 881 5.0
774 891 17.0
774 948 1.0
775 797 1.0
775 809 1.0
775 821 1.0
775 882 2.0
775 891 1.0
778 779 1.0
778 790 9.0
778 791 7.0
778 792 4.0
778 793 3.0
778 803 1.0
778 804 1.0
778 885 1.0
778 896 4.0
778 904 8.0
778 905 7.0
778 906 4.0
778 915 12.0
778 916 1.0
778 925 17.0
778 935 3.0
778 945 2.0
778 981 4.0
778 998 1.0
778 1014 1.0
778 1052 1.0
779 780 27.0
779 781 114.0
779 790 250.0
779 791 9.0
779 792 2.0
779 793 251.0
779 803 17.0
779 815 17.0
779 873 5.0
779 877 23.0
779 885 47.0
779 893 1.0
779 894 1.0
779 895 317.0
779 896 36.0
779 906 11.0
779 973 1.0
779 974 3.0
779 981 49.0
779 988 7.0
779 1045 3.0
780 781 651.0
780 782 57.0
780 790 14.0
780 791 3579.0
780 792 164.0
780 793 422.0
780 794 3.0
780 803 6530.0
780 804 7.0
780 805 1.0
780 806 1.0
780 815 5675.0
780 816 8.0
780 818 1.0
780 826 507.0
780 827 567.0
780 828 250.0
780 836 5.0
780 837 68.0
780 838 7.0
780 839 3.0
780 846 5.0
780 847 49.0
780 873 238.0
780 877 626.0
780 878 7.0
780 885 6.0
780 886 78.0
780 895 36.0
780 896 106.0
780 905 1.0
780 906 124.0
780 924 5.0
780 925 1.0
780 934 3.0
780 935 4.0
780 936 387.0
780 944 1.0
780 945 53.0
780 952 11.0
780 953 6.0
780 959 1.0
780 969 23.0
780 973 1.0
780 974 2.0
780 981 131.0
780 988 15.0
780 1007 2.0
780 1015 251.0
780 1023 33.0
780 1045 9.0
780 1063 2.0
781 790 112.0
781 791 55.0
781 792 49.0
781 793 454.0
781 794 3.0
781 803 666.0
781 804 213.0
781 805 39.0
781 815 662.0
781 826 142.0
781 827 110.0
781 828 58.0
781 837 44.0
781 838 1.0
781 847 35.0
781 856 3.0
781 873 1.0
781 876 1.0
781 877 39.0
781 886 343.0
781 895 64.0
781 896 46.0
781 905 24.0
781 906 1.0
781 915 4.0
781 925 3.0
781 935 1.0
781 936 79.0
781 945 7.0
781 952 8.0
781 959 2.0
781 969 193.0
781 974 80.0
781 980 1.0
781 981 8.0
781 988 15.0
781 1005 1.0
781 1007 1.0
781 1013 2.0
781 1015 51.0
781 1023 5.0
781 1045 4.0
781 1046 2.0
781 1052 7.0
782 791 4.0
782 794 25.0
782 802 1.0
782 803 59.0
782 804 2.0
782 805 1.0
782 806 25.0
782 815 58.0
782 826 4.0
782 827 4.0
782 828 1.0
782 838 15.0
782 848 15.0
782 857 7.0
782 916 1.0
782 936 3.0
782 998 1.0
782 1015 1.0
782 1052 1.0
783 785 5.0
783 795 1816.0
783 796 10.0
783 797 13.0
783 800 1.0
783 807 1329.0
783 808 12.0
783 809 4.0
783 819 1311.0
783 820 2.0
783 830 418.0
783 831 1.0
783 840 294.0
783 841 4.0
783 880 7.0
783 888 7.0
783 889 44.0
783 898 10.0
783 899 51.0
783 908 7.0
783 909 457.0
783 910 3.0
783 918 1.0
783 919 6.0
783 955 3.0
783 985 1.0
783 992 336.0
783 993 3.0
783 1049 104.0
784 785 2767.0
784 795 474.0
784 796 1337.0
784 797 2079.0
784 798 1.0
784 800 1.0
784 807 1626.0
784 808 814.0
784 809 854.0
784 810 2.0
784 811 1.0
784 819 1259.0
784 820 28.0
784 821 506.0
784 822 1.0
784 830 1273.0
784 831 12.0
784 832 161.0
784 840 1415.0
784 841 63.0
784 842 70.0
784 843 21.0
784 850 3.0
784 851 41.0
784 860 10.0
784 861 1.0
784 867 9.0
784 880 24.0
784 881 21.0
784 888 1.0
784 889 298.0
784 890 388.0
784 898 1.0
784 899 280.0
784 900 47.0
784 901 2.0
784 909 2.0
784 910 33.0
784 919 104.0
784 920 57.0
784 929 15.0
784 930 15.0
784 939 135.0
784 940 1.0
784 947 5.0
784 948 8.0
784 955 16.0
784 962 1.0
784 963 42.0
784 972 1.0
784 977 1.0
784 978 25.0
784 985 2.0
784 993 19.0
784 1000 66.0
784 1001 6.0
784 1002 21.0
784 1010 1.0
784 1011 37.0
784 1018 1.0
784 1019 1.0
784 1020 1.0
784 1026 1.0
784 1049 7.0
784 1060 50.0
784 1062 18.0
785 795 269.0
785 796 759.0
785 797 6020.0
785 800 1.0
785 806 1.0
785 807 813.0
785 808 759.0
785 809 2702.0
785 810 3.0
785 818 2.0
785 819 679.0
785 820 46.0
785 821 1472.0
785 829 2.0
785 830 567.0
785 831 69.0
785 832 1106.0
785 833 1.0
785 839 2.0
785 840 571.0
785 841 45.0
785 842 609.0
785 843 32.0
785 847 1.0
785 850 3.0
785 851 69.0
785 852 18.0
785 860 27.0
785 861 10.0
785 867 17.0
785 874 1.0
785 879 2.0
785 880 180.0
785 881 19.0
785 882 20.0
785 888 12.0
785 889 176.0
785 890 748.0
785 891 8.0
785 898 6.0
785 899 424.0
785 900 228.0
785 901 5.0
785 909 63.0
785 910 23.0
785 918 2.0
785 919 336.0
785 920 232.0
785 929 20.0
785 930 13.0
785 939 220.0
785 940 2.0
785 948 50.0
785 949 52.0
785 955 2.0
785 963 46.0
785 968 1.0
785 972 2.0
785 977 1.0
785 978 62.0
785 983 7.0
785 984 11.0
785 985 3.0
785 991 3.0
785 992 26.0
785 993 15.0
785 1000 206.0
785 1001 44.0
785 1002 38.0
785 1009 1.0
785 1011 91.0
785 1017 2.0
785 1018 2.0
785 1019 2.0
785 1020 1.0
785 1026 6.0
785 1027 109.0
785 1049 10.0
785 1054 2.0
785 1055 4.0
785 1056 4.0
785 1060 129.0
785 1062 29.0
785 1065 4.0
786 795 2.0
786 796 283.0
786 797 266.0
786 798 334.0
786 799 3.0
786 800 25.0
786 808 23.0
786 809 36.0
786 810 350.0
786 812 13.0
786 820 3.0
786 821 34.0
786 822 58.0
786 831 30.0
786 832 24.0
786 840 2.0
786 841 4.0
786 842 9.0
786 851 2.0
786 860 2.0
786 889 2.0
786 890 11.0
786 891 32.0
786 899 27.0
786 900 46.0
786 901 304.0
786 909 122.0
786 910 24.0
786 919 1.0
786 920 1.0
786 930 1.0
786 939 12.0
786 963 2.0
786 978 3.0
786 984 36.0
786 985 9.0
786 986 71.0
786 991 1.0
786 992 46.0
786 993 18.0
786 1043 25.0
786 1044 2.0
786 1048 1.0
786 1049 22.0
789 790 1.0
789 791 2.0
789 792 1.0
789 802 2.0
789 816 2.0
789 895 3.0
789 903 2.0
789 905 1.0
789 980 1.0
789 981 1.0
789 1063 2.0
790 791 225.0
790 792 136.0
790 793 300.0
790 794 2.0
790 802 12.0
790 803 36.0
790 804 41.0
790 805 9.0
790 806 2.0
790 815 1.0
790 816 9.0
790 827 9.0
790 877 9.0
790 893 6.0
790 895 152.0
790 896 69.0
790 903 17.0
790 904 6.0
790 905 9.0
790 906 42.0
790 915 7.0
790 916 31.0
790 924 2.0
790 925 14.0
790 926 1.0
790 935 10.0
790 974 2.0
790 980 5.0
790 981 87.0
790 988 10.0
790 989 2.0
790 998 30.0
790 1007 1.0
790 1014 2.0
790 1015 3.0
790 1045 3.0
790 1052 30.0
790 1063 5.0
791 792 1281.0
791 793 283.0
791 794 5.0
791 802 13.0
791 803 4867.0
791 804 84.0
791 805 32.0
791 806 1.0
791 814 1.0
791 815 2952.0
791 816 87.0
791 826 2.0
791 827 17.0
791 836 6.0
791 837 10.0
791 846 4.0
791 847 5.0
791 873 213.0
791 877 359.0
791 878 3.0
791 885 13.0
791 886 8.0
791 895 1294.0
791 896 85.0
791 903 15.0
791 904 1.0
791 905 12.0
791 906 229.0
791 915 3.0
791 916 1.0
791 924 21.0
791 925 10.0
791 935 5.0
791 944 1.0
791 952 2.0
791 969 3.0
791 974 8.0
791 980 39.0
791 981 1380.0
791 988 7.0
791 989 7.0
791 998 1.0
791 1040 1.0
791 1045 4.0
791 1052 2.0
792 793 1378.0
792 794 317.0
792 802 8.0
792 803 224.0
792 804 3188.0
792 805 2.0
792 806 8.0
792 814 4.0
792 815 390.0
792 816 1575.0
792 818 4.0
792 825 5.0
792 826 470.0
792 827 1446.0
792 828 44.0
792 835 25.0
792 836 76.0
792 837 536.0
792 838 56.0
792 847 334.0
792 848 16.0
792 885 4.0
792 886 28.0
792 895 3024.0
792 896 186.0
792 903 10.0
792 904 1.0
792 905 76.0
792 906 528.0
792 907 27.0
792 914 1.0
792 915 42.0
792 916 188.0
792 924 3.0
792 925 41.0
792 926 83.0
792 933 15.0
792 934 146.0
792 935 334.0
792 936 175.0
792 943 24.0
792 944 242.0
792 945 81.0
792 951 9.0
792 952 482.0
792 953 4.0
792 959 4.0
792 969 24.0
792 974 168.0
792 980 743.0
792 981 3329.0
792 988 113.0
792 989 108.0
792 990 58.0
792 997 13.0
792 1005 9.0
792 1006 2.0
792 1007 56.0
792 1013 10.0
792 1014 3.0
792 1015 145.0
792 1021 68.0
792 1022 8.0
792 1023 13.0
792 1039 2.0
792 1040 13.0
792 1045 119.0
792 1046 4.0
792 1051 9.0
792 1052 5.0
792 1058 11.0
792 1063 289.0
793 794 74.0
793 803 430.0
793 804 1228.0
793 805 111.0
793 814 2.0
793 815 464.0
793 816 751.0
793 825 1.0
793 826 402.0
793 827 673.0
793 828 83.0
793 836 54.0
793 837 383.0
793 838 8.0
793 847 217.0
793 848 15.0
793 856 3.0
793 877 6.0
793 885 1.0
793 886 261.0
793 895 392.0
793 896 893.0
793 903 9.0
793 904 9.0
793 905 236.0
793 906 931.0
793 907 1.0
793 914 1.0
793 915 188.0
793 924 5.0
793 925 163.0
793 926 4.0
793 934 25.0
793 935 272.0
793 936 165.0
793 943 2.0
793 944 102.0
793 945 58.0
793 951 4.0
793 952 21.0
793 953 5.0
793 959 3.0
793 960 2.0
793 969 183.0
793 974 181.0
793 980 117.0
793 981 952.0
793 987 3.0
793 988 120.0
793 989 5.0
793 997 21.0
793 1005 12.0
793 1006 2.0
793 1007 13.0
793 1013 31.0
793 1014 33.0
793 1015 128.0
793 1021 20.0
793 1022 19.0
793 1023 15.0
793 1040 4.0
793 1045 110.0
793 1046 4.0
793 1051 11.0
793 1052 17.0
793 1063 39.0
794 802 4.0
794 803 41.0
794 804 248.0
794 805 228.0
794 806 1608.0
794 815 5.0
794 816 15.0
794 817 16.0
794 818 1084.0
794 827 1.0
794 829 133.0
794 838 16.0
794 848 15.0
794 857 7.0
794 886 43.0
794 893 1.0
794 896 5.0
794 916 3.0
794 969 43.0
794 998 3.0
794 1015 1.0
794 1052 3.0
794 1063 1.0
795 796 84.0
795 797 156.0
795 798 1.0
795 800 6.0
795 806 41.0
795 807 3854.0
795 808 88.0
795 809 65.0
795 811 1.0
795 819 3746.0
795 820 5.0
795 821 30.0
795 830 1581.0
795 831 1.0
795 832 1.0
795 840 766.0
795 841 25.0
795 851 2.0
795 880 16.0
795 888 6.0
795 889 339.0
795 890 44.0
795 898 2.0
795 899 94.0
795 900 15.0
795 908 3.0
795 909 825.0
795 910 5.0
795 918 31.0
795 919 45.0
795 928 1.0
795 929 40.0
795 930 1.0
795 938 2.0
795 939 39.0
795 948 24.0
795 955 2.0
795 963 2.0
795 978 2.0
795 984 2.0
795 985 3.0
795 992 584.0
795 993 12.0
795 1001 2.0
795 1004 1.0
795 1011 1.0
795 1026 22.0
795 1049 207.0
795 1055 22.0
796 797 1323.0
796 798 23.0
796 799 19.0
796 800 32.0
796 806 6.0
796 807 113.0
796 808 2224.0
796 809 423.0
796 810 6.0
796 811 13.0
796 812 3.0
796 819 90.0
796 820 277.0
796 821 185.0
796 822 9.0
796 823 1.0
796 830 111.0
796 831 130.0
796 832 109.0
796 840 584.0
796 841 404.0
796 842 67.0
796 843 8.0
796 850 56.0
796 851 59.0
796 852 1.0
796 860 5.0
796 880 6.0
796 882 4.0
796 888 77.0
796 889 839.0
796 890 172.0
796 898 1.0
796 899 1390.0
796 900 482.0
796 901 120.0
796 902 2.0
796 908 1.0
796 909 282.0
796 910 114.0
796 911 25.0
796 919 4.0
796 920 19.0
796 921 8.0
796 922 3.0
796 929 2.0
796 930 11.0
796 939 17.0
796 947 33.0
796 948 44.0
796 955 93.0
796 963 58.0
796 972 5.0
796 977 4.0
796 978 20.0
796 983 1.0
796 984 61.0
796 985 18.0
796 991 2.0
796 992 125.0
796 993 79.0
796 994 33.0
796 1004 2.0
796 1011 4.0
796 1026 40.0
796 1043 49.0
796 1044 2.0
796 1048 1.0
796 1049 58.0
796 1062 2.0
797 798 155.0
797 799 35.0
797 800 64.0
797 806 1.0
797 807 572.0
797 808 757.0
797 809 7540.0
797 810 15.0
797 811 37.0
797 812 12.0
797 818 2.0
797 819 490.0
797 820 126.0
797 821 5562.0
797 822 8.0
797 829 2.0
797 830 373.0
797 831 95.0
797 832 3535.0
797 833 3.0
797 839 2.0
797 840 241.0
797 841 29.0
797 842 2009.0
797 843 102.0
797 847 1.0
797 850 5.0
797 851 313.0
797 852 52.0
797 860 117.0
797 861 16.0
797 867 48.0
797 879 2.0
797 880 214.0
797 881 5.0
797 882 66.0
797 888 13.0
797 889 156.0
797 890 490.0
797 891 39.0
797 898 1.0
797 899 559.0
797 900 2461.0
797 901 65.0
797 902 5.0
797 909 153.0
797 910 1377.0
797 911 48.0
797 912 1.0
797 918 2.0
797 919 313.0
797 920 490.0
797 921 43.0
797 922 1.0
797 929 47.0
797 930 76.0
797 939 379.0
797 940 6.0
797 948 58.0
797 949 80.0
797 955 1.0
797 957 21.0
797 962 9.0
797 963 247.0
797 968 3.0
797 972 2.0
797 978 112.0
797 983 2.0
797 984 18.0
797 985 358.0
797 986 14.0
797 991 2.0
797 992 64.0
797 993 2373.0
797 994 57.0
797 1000 212.0
797 1001 21.0
797 1002 53.0
797 1004 9.0
797 1009 4.0
797 1010 2.0
797 1011 207.0
797 1017 3.0
797 1018 6.0
797 1019 3.0
797 1020 1.0
797 1026 6.0
797 1027 127.0
797 1043 24.0
797 1044 16.0
797 1048 1.0
797 1049 352.0
797 1050 96.0
797 1055 3.0
797 1056 2.0
797 1060 129.0
797 1062 59.0
797 1065 3.0
798 799 28.0
798 800 2.0
798 807 1.0
798 808 15.0
798 809 67.0
798 810 684.0
798 812 1.0
798 820 1.0
798 821 122.0
798 822 175.0
798 831 60.0
798 832 287.0
798 833 5.0
798 842 344.0
798 843 5.0
798 851 20.0
798 852 34.0
798 853 1.0
798 860 127.0
798 861 8.0
798 867 31.0
798 890 5.0
798 891 34.0
798 899 11.0
798 900 10.0
798 901 632.0
798 902 3.0
798 909 2.0
798 910 1.0
798 911 39.0
798 919 1.0
798 920 271.0
798 921 3.0
798 930 85.0
798 939 31.0
798 948 1.0
798 955 1.0
798 956 1.0
798 962 4.0
798 963 9.0
798 985 3.0
798 986 109.0
798 992 1.0
798 993 2.0
798 1002 1.0
798 1003 4.0
798 1011 9.0
798 1026 1.0
798 1049 1.0
798 1062 3.0
799 808 3.0
799 809 1.0
799 812 1.0
799 890 5.0
799 899 14.0
799 900 3.0
799 901 3.0
799 909 1.0
799 921 1.0
799 1049 1.0
800 807 1.0
800 808 41.0
800 809 91.0
800 812 13.0
800 821 40.0
800 832 22.0
800 842 5.0
800 851 1.0
800 888 1.0
800 890 1.0
800 899 12.0
800 900 3.0
800 901 2.0
800 909 21.0
800 910 1.0
800 918 2.0
800 919 8.0
800 920 2.0
800 992 7.0
800 993 14.0
800 1001 2.0
800 1049 3.0
800 1055 1.0
800 1056 1.0
801 802 1.0
801 814 1.0
801 913 2.0
801 925 1.0
801 935 2.0
801 944 2.0
802 803 258.0
802 804 47.0
802 805 4.0
802 806 3.0
802 814 162.0
802 815 1.0
802 816 348.0
802 817 15.0
802 827 12.0
802 836 10.0
802 837 24.0
802 847 52.0
802 856 3.0
802 895 2.0
802 913 6.0
802 915 2.0
802 916 22.0
802 924 9.0
802 926 212.0
802 934 107.0
802 935 22.0
802 944 3.0
802 959 7.0
802 974 1.0
802 980 1.0
802 981 3.0
802 989 1.0
802 998 26.0
802 1007 207.0
802 1014 8.0
802 1015 9.0
802 1052 26.0
802 1063 78.0
803 804 265.0
803 805 70.0
803 806 24.0
803 814 7.0
803 815 6942.0
803 816 333.0
803 817 22.0
803 818 1.0
803 826 1098.0
803 827 925.0
803 828 332.0
803 836 5.0
803 837 327.0
803 838 10.0
803 846 5.0
803 847 294.0
803 856 3.0
803 873 240.0
803 877 621.0
803 878 7.0
803 885 29.0
803 886 73.0
803 895 338.0
803 896 154.0
803 903 3.0
803 904 31.0
803 905 2.0
803 906 124.0
803 907 5.0
803 913 5.0
803 916 156.0
803 924 24.0
803 925 2.0
803 926 194.0
803 934 13.0
803 935 4.0
803 936 595.0
803 944 1.0
803 945 79.0
803 952 23.0
803 953 9.0
803 959 3.0
803 969 18.0
803 974 3.0
803 980 185.0
803 981 401.0
803 988 26.0
803 998 169.0
803 1007 215.0
803 1015 403.0
803 1023 51.0
803 1040 10.0
803 1045 14.0
803 1052 169.0
803 1063 13.0
804 805 909.0
804 806 32.0
804 814 4.0
804 815 6.0
804 816 2574.0
804 817 7.0
804 818 21.0
804 826 43.0
804 827 1926.0
804 828 6.0
804 836 73.0
804 837 1323.0
804 838 87.0
804 846 1.0
804 847 697.0
804 848 153.0
804 857 1.0
804 876 1.0
804 877 5.0
804 886 198.0
804 893 1.0
804 895 1809.0
804 896 106.0
804 903 5.0
804 904 1.0
804 905 104.0
804 906 894.0
804 907 111.0
804 914 137.0
804 915 661.0
804 916 567.0
804 917 5.0
804 923 1.0
804 924 7.0
804 925 142.0
804 926 136.0
804 933 2.0
804 934 7.0
804 935 36.0
804 936 59.0
804 943 11.0
804 944 168.0
804 945 21.0
804 951 9.0
804 952 275.0
804 953 27.0
804 959 4.0
804 960 15.0
804 969 136.0
804 974 69.0
804 980 868.0
804 981 1779.0
804 987 3.0
804 988 210.0
804 989 511.0
804 990 68.0
804 997 234.0
804 998 229.0
804 1007 92.0
804 1015 76.0
804 1021 18.0
804 1022 5.0
804 1023 2.0
804 1030 1.0
804 1031 1.0
804 1040 7.0
804 1045 178.0
804 1046 91.0
804 1051 45.0
804 1052 258.0
804 1058 11.0
804 1063 345.0
805 806 98.0
805 815 1.0
805 816 3.0
805 817 65.0
805 818 1.0
805 827 2.0
805 828 1.0
805 838 2.0
805 846 1.0
805 848 33.0
805 877 3.0
805 886 492.0
805 895 2.0
805 896 148.0
805 903 3.0
805 905 1.0
805 906 629.0
805 907 173.0
805 916 734.0
805 917 61.0
805 924 1.0
805 926 33.0
805 969 462.0
805 974 9.0
805 981 163.0
805 989 183.0
805 990 29.0
805 998 531.0
805 1008 1.0
805 1046 16.0
805 1052 547.0
805 1058 17.0
806 808 5.0
806 809 4.0
806 816 10.0
806 817 37.0
806 818 1777.0
806 827 1.0
806 828 13.0
806 829 620.0
806 838 393.0
806 839 88.0
806 848 387.0
806 849 2.0
806 857 82.0
806 864 5.0
806 886 34.0
806 896 12.0
806 907 2.0
806 909 36.0
806 916 1.0
806 917 4.0
806 919 8.0
806 926 8.0
806 929 13.0
806 939 11.0
806 948 2.0
806 955 1.0
806 969 34.0
806 974 1.0
806 981 1.0
806 984 1.0
806 990 1.0
806 992 12.0
806 998 1.0
806 1026 2.0
806 1049 9.0
806 1052 1.0
806 1063 8.0
807 808 126.0
807 809 163.0
807 810 2.0
807 819 6029.0
807 820 28.0
807 821 59.0
807 822 6.0
807 823 6.0
807 830 3191.0
807 831 10.0
807 832 6.0
807 840 2082.0
807 841 59.0
807 842 4.0
807 851 3.0
807 880 23.0
807 888 11.0
807 889 739.0
807 890 94.0
807 891 16.0
807 898 8.0
807 899 340.0
807 900 17.0
807 901 3.0
807 908 135.0
807 909 522.0
807 910 9.0
807 918 48.0
807 919 110.0
807 920 66.0
807 929 31.0
807 930 3.0
807 931 1.0
807 939 75.0
807 948 184.0
807 955 3.0
807 956 1.0
807 962 1.0
807 963 3.0
807 972 1.0
807 977 4.0
807 978 3.0
807 983 1.0
807 984 14.0
807 985 3.0
807 991 11.0
807 992 445.0
807 993 66.0
807 994 1.0
807 1000 4.0
807 1001 37.0
807 1002 5.0
807 1009 3.0
807 1010 1.0
807 1011 2.0
807 1017 3.0
807 1026 159.0
807 1033 11.0
807 1042 1.0
807 1043 1.0
807 1049 296.0
807 1054 21.0
807 1055 53.0
807 1056 18.0
807 1060 1.0
807 1062 3.0
807 1065 1.0
808 809 1931.0
808 810 63.0
808 811 14.0
808 819 39.0
808 820 1956.0
808 821 144.0
808 822 32.0
808 823 44.0
808 830 42.0
808 831 1179.0
808 832 4.0
808 840 349.0
808 841 2071.0
808 842 4.0
808 850 27.0
808 851 14.0
808 879 1.0
808 880 11.0
808 888 282.0
808 889 813.0
808 890 315.0
808 891 212.0
808 898 17.0
808 899 1748.0
808 900 136.0
808 901 90.0
808 908 17.0
808 909 2856.0
808 910 99.0
808 911 1.0
808 918 7.0
808 919 2011.0
808 920 43.0
808 922 3.0
808 928 17.0
808 929 160.0
808 930 17.0
808 932 1.0
808 938 48.0
808 939 572.0
808 940 37.0
808 941 22.0
808 947 34.0
808 948 546.0
808 949 3.0
808 955 1045.0
808 956 7.0
808 963 12.0
808 972 9.0
808 977 13.0
808 978 9.0
808 983 2.0
808 984 74.0
808 985 6.0
808 986 2.0
808 991 13.0
808 992 1350.0
808 993 520.0
808 1000 453.0
808 1001 377.0
808 1002 24.0
808 1009 17.0
808 1010 18.0
808 1011 4.0
808 1017 16.0
808 1018 8.0
808 1019 1.0
808 1026 408.0
808 1027 9.0
808 1032 8.0
808 1033 43.0
808 1042 2.0
808 1043 84.0
808 1049 668.0
808 1054 52.0
808 1055 62.0
808 1056 54.0
808 1060 210.0
808 1061 4.0
808 1062 1.0
808 1065 31.0
809 810 16.0
809 811 25.0
809 812 11.0
809 819 76.0
809 820 129.0
809 821 5704.0
809 822 6.0
809 823 5.0
809 830 81.0
809 831 121.0
809 832 3669.0
809 833 1.0
809 840 45.0
809 841 2.0
809 842 2228.0
809 843 77.0
809 851 379.0
809 852 36.0
809 853 1.0
809 860 97.0
809 861 12.0
809 867 45.0
809 879 1.0
809 880 24.0
809 882 42.0
809 888 70.0
809 889 90.0
809 890 440.0
809 891 23.0
809 898 2.0
809 899 366.0
809 900 1721.0
809 901 5.0
809 908 15.0
809 909 246.0
809 910 1222.0
809 911 12.0
809 918 7.0
809 919 1246.0
809 920 1544.0
809 921 14.0
809 922 4.0
809 929 41.0
809 930 5.0
809 932 1.0
809 939 361.0
809 940 6.0
809 948 61.0
809 949 81.0
809 956 16.0
809 957 21.0
809 962 62.0
809 963 272.0
809 968 3.0
809 972 2.0
809 978 60.0
809 983 1.0
809 984 8.0
809 985 255.0
809 986 3.0
809 991 9.0
809 992 141.0
809 993 2220.0
809 994 8.0
809 1000 361.0
809 1001 232.0
809 1002 589.0
809 1009 11.0
809 1010 3.0
809 1011 183.0
809 1017 10.0
809 1018 4.0
809 1019 2.0
809 1020 1.0
809 1026 6.0
809 1027 126.0
809 1043 1.0
809 1044 11.0
809 1049 336.0
809 1050 87.0
809 1054 5.0
809 1055 34.0
809 1056 31.0
809 1060 151.0
809 1062 49.0
809 1065 5.0
810 811 173.0
810 812 1.0
810 819 1.0
810 820 10.0
810 821 157.0
810 822 632.0
810 823 58.0
810 824 10.0
810 830 2.0
810 831 79.0
810 832 150.0
810 840 1.0
810 842 273.0
810 851 51.0
810 860 98.0
810 880 152.0
810 881 65.0
810 891 204.0
810 900 22.0
810 901 1015.0
810 902 7.0
810 910 103.0
810 911 115.0
810 919 116.0
810 920 14.0
810 921 246.0
810 928 8.0
810 929 30.0
810 930 50.0
810 939 28.0
810 956 6.0
810 962 19.0
810 963 12.0
810 978 1.0
810 985 4.0
810 986 130.0
810 994 33.0
810 1000 3.0
810 1001 17.0
810 1002 5.0
810 1003 19.0
810 1010 1.0
810 1011 14.0
810 1055 3.0
810 1056 1.0
810 1060 1.0
810 1061 5.0
810 1062 4.0
811 812 29.0
811 820 1.0
811 821 35.0
811 832 58.0
811 842 271.0
811 851 41.0
811 852 10.0
811 860 61.0
811 890 1.0
811 899 3.0
811 900 4.0
811 909 2.0
811 910 4.0
811 912 1.0
811 919 11.0
811 920 66.0
811 921 119.0
811 922 1.0
811 929 4.0
811 930 98.0
811 931 2.0
811 939 69.0
811 940 10.0
811 949 1.0
811 956 6.0
811 962 10.0
811 963 3.0
811 978 1.0
811 992 1.0
811 993 14.0
811 1000 1.0
811 1001 5.0
811 1004 8.0
811 1010 1.0
811 1011 6.0
811 1027 1.0
811 1049 5.0
811 1055 1.0
812 821 11.0
812 822 1.0
812 832 6.0
812 842 30.0
812 852 1.0
812 860 1.0
812 890 1.0
812 910 1.0
812 920 26.0
812 921 25.0
812 939 25.0
812 993 1.0
813 814 4.0
813 826 1.0
813 827 2.0
813 828 1.0
813 936 2.0
813 1015 2.0
814 815 19.0
814 816 95.0
814 826 266.0
814 827 559.0
814 828 289.0
814 836 12.0
814 837 30.0
814 838 46.0
814 847 55.0
814 848 17.0
814 856 3.0
814 857 1.0
814 895 1.0
814 904 5.0
814 923 235.0
814 924 1.0
814 926 6.0
814 934 108.0
814 935 28.0
814 936 479.0
814 944 8.0
814 945 26.0
814 952 4.0
814 953 1.0
814 959 8.0
814 974 1.0
814 981 2.0
814 1007 2.0
814 1014 8.0
814 1015 264.0
814 1022 6.0
814 1023 11.0
814 1024 3.0
814 1031 1.0
814 1063 34.0
815 816 54.0
815 826 1469.0
815 827 1170.0
815 828 366.0
815 836 6.0
815 837 429.0
815 838 15.0
815 846 5.0
815 847 393.0
815 856 9.0
815 873 235.0
815 877 620.0
815 878 7.0
815 885 68.0
815 886 52.0
815 895 409.0
815 896 164.0
815 904 15.0
815 905 9.0
815 906 135.0
815 913 1.0
815 914 3.0
815 915 1.0
815 924 37.0
815 925 44.0
815 926 3.0
815 933 6.0
815 934 58.0
815 935 22.0
815 936 730.0
815 944 2.0
815 945 96.0
815 952 31.0
815 953 10.0
815 959 11.0
815 969 4.0
815 974 17.0
815 980 184.0
815 981 459.0
815 988 26.0
815 989 1.0
815 1006 12.0
815 1007 26.0
815 1013 7.0
815 1014 1.0
815 1015 515.0
815 1023 57.0
815 1040 10.0
815 1045 14.0
815 1063 65.0
816 817 18.0
816 818 15.0
816 826 11.0
816 827 1568.0
816 828 6.0
816 836 71.0
816 837 1015.0
816 838 77.0
816 846 3.0
816 847 622.0
816 848 107.0
816 857 2.0
816 895 786.0
816 896 1.0
816 905 7.0
816 906 327.0
816 907 27.0
816 913 60.0
816 914 69.0
816 915 91.0
816 916 150.0
816 924 746.0
816 925 568.0
816 926 382.0
816 936 51.0
816 943 10.0
816 944 12.0
816 945 6.0
816 951 8.0
816 952 57.0
816 953 11.0
816 959 4.0
816 960 2.0
816 980 496.0
816 981 621.0
816 988 129.0
816 989 204.0
816 990 51.0
816 995 2.0
816 996 1.0
816 997 78.0
816 998 25.0
816 999 1.0
816 1005 3.0
816 1006 49.0
816 1007 372.0
816 1013 50.0
816 1014 3.0
816 1015 105.0
816 1021 3.0
816 1022 2.0
816 1023 2.0
816 1024 2.0
816 1031 1.0
816 1040 6.0
816 1045 129.0
816 1046 3.0
816 1051 3.0
816 1057 25.0
816 1058 9.0
816 1063 411.0
817 818 88.0
817 828 54.0
817 836 2.0
817 838 104.0
817 848 73.0
817 849 21.0
817 857 2.0
817 864 2.0
817 886 71.0
817 896 22.0
817 906 5.0
817 907 89.0
817 914 1.0
817 916 30.0
817 917 1.0
817 924 5.0
817 925 5.0
817 926 1116.0
817 934 3.0
817 935 4.0
817 944 4.0
817 945 4.0
817 953 4.0
817 960 1.0
817 969 71.0
817 974 6.0
817 981 10.0
817 995 2.0
817 996 1.0
817 998 387.0
817 999 1.0
817 1005 3.0
817 1006 99.0
817 1007 1109.0
817 1013 8.0
817 1015 91.0
817 1022 11.0
817 1024 1.0
817 1052 275.0
817 1057 12.0
817 1058 158.0
817 1063 77.0
817 1064 1.0
818 820 1.0
818 827 14.0
818 829 2954.0
818 831 4.0
818 836 5.0
818 837 16.0
818 838 5.0
818 839 1386.0
818 846 19.0
818 847 89.0
818 848 139.0
818 856 1.0
818 906 1.0
818 929 1.0
818 939 3.0
818 945 3.0
818 953 3.0
818 960 9.0
818 989 1.0
818 1030 1.0
818 1066 1.0
819 820 48.0
819 821 82.0
819 822 7.0
819 823 18.0
819 824 2.0
819 830 2814.0
819 831 4.0
819 832 2.0
819 840 1381.0
819 841 31.0
819 851 2.0
819 880 23.0
819 888 11.0
819 889 439.0
819 890 62.0
819 898 5.0
819 899 180.0
819 900 9.0
819 908 73.0
819 909 489.0
819 910 5.0
819 918 42.0
819 919 66.0
819 929 15.0
819 930 6.0
819 931 10.0
819 939 40.0
819 940 2.0
819 941 2.0
819 948 94.0
819 955 2.0
819 963 2.0
819 983 1.0
819 984 14.0
819 985 1.0
819 991 11.0
819 992 441.0
819 993 55.0
819 994 1.0
819 1001 33.0
819 1002 4.0
819 1010 1.0
819 1011 2.0
819 1026 84.0
819 1043 1.0
819 1049 267.0
819 1055 45.0
819 1062 1.0
820 821 563.0
820 822 123.0
820 823 68.0
820 824 3.0
820 829 1.0
820 830 61.0
820 831 1193.0
820 832 2.0
820 840 1.0
820 841 860.0
820 888 54.0
820 889 179.0
820 890 8.0
820 891 45.0
820 898 10.0
820 899 561.0
820 900 54.0
820 901 13.0
820 908 11.0
820 909 1206.0
820 911 1.0
820 919 184.0
820 928 18.0
820 929 1877.0
820 930 130.0
820 931 179.0
820 938 25.0
820 939 267.0
820 940 38.0
820 941 22.0
820 947 2.0
820 948 367.0
820 949 3.0
820 955 583.0
820 956 7.0
820 972 1.0
820 984 13.0
820 991 2.0
820 992 436.0
820 993 200.0
820 1000 80.0
820 1001 23.0
820 1002 22.0
820 1003 3.0
820 1009 7.0
820 1010 277.0
820 1011 183.0
820 1012 23.0
820 1017 2.0
820 1018 17.0
820 1019 20.0
820 1020 4.0
820 1026 312.0
820 1027 9.0
820 1033 31.0
820 1043 49.0
820 1049 148.0
820 1054 27.0
820 1055 11.0
820 1056 8.0
820 1060 82.0
820 1061 2.0
820 1062 439.0
820 1065 22.0
820 1066 201.0
820 1068 4.0
821 822 210.0
821 823 139.0
821 824 18.0
821 830 62.0
821 831 88.0
821 832 2826.0
821 833 2.0
821 840 31.0
821 841 1.0
821 842 956.0
821 843 55.0
821 851 89.0
821 852 23.0
821 853 1.0
821 860 120.0
821 861 11.0
821 867 28.0
821 882 40.0
821 889 40.0
821 890 160.0
821 891 93.0
821 899 124.0
821 900 1579.0
821 901 25.0
821 909 50.0
821 910 817.0
821 911 13.0
821 918 4.0
821 919 61.0
821 920 20.0
821 921 5.0
821 928 1.0
821 929 407.0
821 930 1390.0
821 931 287.0
821 932 3.0
821 938 1.0
821 939 481.0
821 940 7.0
821 947 1.0
821 948 35.0
821 949 80.0
821 957 21.0
821 962 3.0
821 963 51.0
821 968 3.0
821 978 38.0
821 984 1.0
821 985 285.0
821 986 7.0
821 992 8.0
821 993 2000.0
821 994 8.0
821 1000 31.0
821 1001 8.0
821 1002 384.0
821 1003 11.0
821 1009 5.0
821 1010 22.0
821 1011 987.0
821 1012 28.0
821 1017 4.0
821 1018 92.0
821 1019 15.0
821 1020 7.0
821 1026 5.0
821 1027 128.0
821 1044 12.0
821 1049 232.0
821 1050 89.0
821 1054 3.0
821 1055 15.0
821 1056 1.0
821 1060 3.0
821 1061 23.0
821 1062 331.0
821 1065 3.0
821 1066 2.0
822 823 899.0
822 824 123.0
822 830 20.0
822 831 52.0
822 832 667.0
822 833 17.0
822 841 14.0
822 842 23.0
822 851 4.0
822 852 11.0
822 860 22.0
822 861 1.0
822 867 8.0
822 890 5.0
822 891 211.0
822 899 1.0
822 900 118.0
822 901 328.0
822 902 4.0
822 910 105.0
822 911 19.0
822 918 2.0
822 920 6.0
822 921 131.0
822 929 33.0
822 930 35.0
822 931 124.0
822 932 1.0
822 939 160.0
822 940 6.0
822 947 1.0
822 948 18.0
822 949 2.0
822 950 2.0
822 955 6.0
822 962 3.0
822 963 3.0
822 968 1.0
822 978 2.0
822 985 4.0
822 986 22.0
822 993 20.0
822 994 22.0
822 1002 4.0
822 1003 7.0
822 1011 3.0
822 1012 3.0
822 1018 33.0
822 1019 5.0
822 1020 2.0
822 1026 5.0
822 1033 1.0
822 1049 2.0
822 1062 1.0
823 824 297.0
823 830 20.0
823 831 58.0
823 832 824.0
823 833 49.0
823 841 26.0
823 842 59.0
823 851 11.0
823 852 5.0
823 860 48.0
823 861 1.0
823 867 7.0
823 899 1.0
823 901 1.0
823 910 10.0
823 911 5.0
823 918 4.0
823 919 42.0
823 920 10.0
823 921 44.0
823 928 3.0
823 929 19.0
823 930 103.0
823 931 49.0
823 939 178.0
823 940 34.0
823 947 1.0
823 948 19.0
823 949 14.0
823 955 6.0
823 956 2.0
823 962 5.0
823 963 6.0
823 968 1.0
823 1001 10.0
823 1002 4.0
823 1003 13.0
823 1004 1.0
823 1011 59.0
823 1018 33.0
823 1019 21.0
823 1026 16.0
823 1027 12.0
823 1033 1.0
823 1055 7.0
823 1061 5.0
823 1062 21.0
824 831 10.0
824 832 303.0
824 833 22.0
824 841 15.0
824 842 27.0
824 851 2.0
824 860 14.0
824 867 3.0
824 920 2.0
824 929 4.0
824 930 71.0
824 931 11.0
824 939 107.0
824 940 26.0
824 948 7.0
824 949 18.0
824 956 2.0
824 962 2.0
824 963 1.0
824 968 1.0
824 1001 1.0
824 1002 2.0
824 1003 1.0
824 1011 39.0
824 1018 10.0
824 1019 23.0
824 1026 14.0
824 1027 6.0
824 1062 2.0
825 827 1.0
825 835 3.0
825 836 1.0
825 905 1.0
825 915 1.0
825 924 1.0
825 925 3.0
825 934 2.0
825 936 1.0
825 974 2.0
825 981 2.0
825 1006 1.0
825 1014 1.0
825 1063 1.0
826 827 1488.0
826 828 440.0
826 836 10.0
826 837 380.0
826 838 54.0
826 847 373.0
826 848 8.0
826 856 9.0
826 885 52.0
826 895 521.0
826 896 159.0
826 904 11.0
826 905 70.0
826 906 168.0
826 914 2.0
826 915 2.0
826 923 139.0
826 924 35.0
826 925 45.0
826 933 3.0
826 934 101.0
826 935 111.0
826 936 1044.0
826 943 3.0
826 944 7.0
826 945 118.0
826 952 72.0
826 953 11.0
826 959 12.0
826 974 3.0
826 980 259.0
826 981 595.0
826 988 16.0
826 989 2.0
826 1006 11.0
826 1007 24.0
826 1013 7.0
826 1014 1.0
826 1015 617.0
826 1022 3.0
826 1023 62.0
826 1024 4.0
826 1039 2.0
826 1040 13.0
826 1045 9.0
826 1063 21.0
827 828 908.0
827 835 13.0
827 836 77.0
827 837 1262.0
827 838 121.0
827 846 2.0
827 847 770.0
827 848 131.0
827 857 2.0
827 885 27.0
827 895 906.0
827 896 110.0
827 904 11.0
827 905 18.0
827 906 385.0
827 907 8.0
827 916 29.0
827 923 231.0
827 924 11.0
827 925 23.0
827 926 47.0
827 933 5.0
827 934 44.0
827 935 32.0
827 936 1799.0
827 943 12.0
827 944 40.0
827 945 140.0
827 951 9.0
827 952 231.0
827 953 23.0
827 959 6.0
827 960 2.0
827 974 18.0
827 980 343.0
827 981 952.0
827 988 110.0
827 989 186.0
827 990 2.0
827 1005 4.0
827 1006 5.0
827 1007 30.0
827 1013 7.0
827 1014 1.0
827 1015 1183.0
827 1021 12.0
827 1022 9.0
827 1023 87.0
827 1024 5.0
827 1031 8.0
827 1040 9.0
827 1045 94.0
827 1046 4.0
827 1058 12.0
827 1063 189.0
828 835 3.0
828 838 90.0
828 847 1.0
828 848 79.0
828 857 5.0
828 864 7.0
828 885 3.0
828 895 22.0
828 896 40.0
828 904 9.0
828 906 32.0
828 907 50.0
828 916 2.0
828 923 93.0
828 924 3.0
828 925 2.0
828 927 8.0
828 933 3.0
828 934 35.0
828 935 5.0
828 936 1010.0
828 945 11.0
828 974 5.0
828 981 37.0
828 988 6.0
828 1007 24.0
828 1014 1.0
828 1015 890.0
828 1023 18.0
828 1024 1.0
828 1031 14.0
828 1045 4.0
828 1058 1.0
828 1063 162.0
829 831 3.0
829 839 1387.0
829 929 1.0
829 939 3.0
829 1066 1.0
830 831 16.0
830 832 20.0
830 833 5.0
830 840 1705.0
830 841 32.0
830 851 2.0
830 880 18.0
830 888 3.0
830 889 521.0
830 890 67.0
830 898 5.0
830 899 162.0
830 900 7.0
830 908 39.0
830 909 173.0
830 918 19.0
830 919 18.0
830 929 4.0
830 939 20.0
830 948 71.0
830 955 1.0
830 963 2.0
830 984 6.0
830 991 5.0
830 992 149.0
830 993 28.0
830 1001 10.0
830 1026 57.0
830 1049 102.0
830 1055 25.0
831 832 398.0
831 834 3.0
831 837 1.0
831 839 2.0
831 841 892.0
831 850 4.0
831 851 2.0
831 860 10.0
831 861 1.0
831 867 3.0
831 880 2.0
831 888 37.0
831 889 85.0
831 890 8.0
831 891 2.0
831 898 10.0
831 899 441.0
831 900 102.0
831 901 74.0
831 908 2.0
831 909 840.0
831 910 8.0
831 911 21.0
831 919 76.0
831 920 2.0
831 921 5.0
831 929 45.0
831 930 3.0
831 939 1335.0
831 940 92.0
831 941 58.0
831 944 1.0
831 947 8.0
831 948 1208.0
831 949 5.0
831 950 2.0
831 955 731.0
831 956 34.0
831 963 2.0
831 978 3.0
831 984 7.0
831 985 8.0
831 986 13.0
831 989 1.0
831 991 2.0
831 992 211.0
831 993 100.0
831 1000 24.0
831 1001 3.0
831 1002 5.0
831 1003 2.0
831 1009 3.0
831 1010 2.0
831 1018 88.0
831 1019 52.0
831 1020 11.0
831 1026 826.0
831 1027 15.0
831 1032 9.0
831 1033 132.0
831 1043 42.0
831 1044 1.0
831 1049 73.0
831 1054 3.0
831 1055 7.0
831 1056 8.0
831 1060 18.0
831 1065 18.0
831 1066 58.0
832 833 90.0
832 834 3.0
832 840 1.0
832 841 43.0
832 842 2617.0
832 843 13.0
832 851 384.0
832 852 102.0
832 853 1.0
832 860 593.0
832 861 23.0
832 867 89.0
832 880 2.0
832 882 5.0
832 889 8.0
832 890 119.0
832 891 9.0
832 899 48.0
832 900 1269.0
832 901 13.0
832 909 2.0
832 910 1233.0
832 911 11.0
832 918 1.0
832 920 685.0
832 921 7.0
832 930 199.0
832 931 1.0
832 932 10.0
832 939 439.0
832 940 53.0
832 941 7.0
832 948 198.0
832 949 84.0
832 955 6.0
832 956 14.0
832 957 21.0
832 962 31.0
832 963 319.0
832 968 1.0
832 978 40.0
832 985 196.0
832 986 5.0
832 992 2.0
832 993 1000.0
832 994 7.0
832 1002 24.0
832 1003 1.0
832 1010 1.0
832 1011 5.0
832 1018 69.0
832 1019 31.0
832 1026 51.0
832 1027 141.0
832 1033 14.0
832 1044 9.0
832 1049 200.0
832 1050 73.0
833 834 26.0
833 841 20.0
833 842 38.0
833 843 5.0
833 851 1.0
833 852 22.0
833 860 44.0
833 867 20.0
833 900 3.0
833 910 3.0
833 920 3.0
833 930 6.0
833 940 11.0
833 949 2.0
833 956 1.0
833 957 8.0
833 962 2.0
833 1002 3.0
833 1011 5.0
833 1019 2.0
833 1027 6.0
834 843 2.0
834 852 3.0
834 860 6.0
834 867 6.0
834 948 4.0
834 949 1.0
834 1026 3.0
835 838 10.0
835 934 32.0
835 936 3.0
835 974 8.0
835 981 8.0
835 1014 7.0
835 1015 3.0
836 837 194.0
836 838 63.0
836 847 12.0
836 848 12.0
836 895 17.0
836 896 2.0
836 906 34.0
836 926 2.0
836 934 10.0
836 935 2.0
836 936 8.0
836 943 2.0
836 944 5.0
836 945 76.0
836 951 6.0
836 953 1.0
836 974 1.0
836 980 5.0
836 981 24.0
836 988 2.0
836 989 2.0
836 997 2.0
836 1015 2.0
836 1022 2.0
836 1023 7.0
836 1045 3.0
837 838 390.0
837 846 3.0
837 847 1375.0
837 848 170.0
837 856 10.0
837 858 1.0
837 885 11.0
837 895 407.0
837 896 16.0
837 905 18.0
837 906 193.0
837 914 2.0
837 915 2.0
837 924 25.0
837 925 106.0
837 926 1.0
837 934 27.0
837 935 3.0
837 936 52.0
837 944 110.0
837 945 197.0
837 951 6.0
837 952 110.0
837 953 26.0
837 959 15.0
837 960 7.0
837 974 1.0
837 980 340.0
837 981 312.0
837 988 139.0
837 989 201.0
837 997 1.0
837 1006 6.0
837 1015 16.0
837 1022 16.0
837 1023 55.0
837 1030 1.0
837 1031 1.0
837 1040 13.0
837 1045 132.0
837 1046 2.0
837 1063 1.0
838 839 28.0
838 847 28.0
838 848 509.0
838 849 54.0
838 857 91.0
838 858 4.0
838 864 12.0
838 865 1.0
838 870 1.0
838 886 1.0
838 895 42.0
838 896 7.0
838 906 58.0
838 907 99.0
838 915 1.0
838 916 3.0
838 917 2.0
838 923 21.0
838 925 3.0
838 926 2.0
838 935 2.0
838 936 17.0
838 943 1.0
838 944 35.0
838 945 394.0
838 953 75.0
838 960 6.0
838 969 1.0
838 974 3.0
838 980 50.0
838 981 33.0
838 988 8.0
838 989 46.0
838 997 2.0
838 1016 2.0
838 1022 28.0
838 1023 54.0
838 1030 8.0
838 1045 8.0
838 1063 1.0
840 841 33.0
840 842 1.0
840 850 133.0
840 851 63.0
840 860 2.0
840 880 9.0
840 888 8.0
840 889 998.0
840 890 66.0
840 898 2.0
840 899 770.0
840 900 10.0
840 908 6.0
840 909 42.0
840 918 27.0
840 919 9.0
840 939 11.0
840 944 1.0
840 948 6.0
840 956 2.0
840 962 2.0
840 963 56.0
840 977 3.0
840 985 1.0
840 989 1.0
840 991 5.0
840 992 42.0
840 993 3.0
840 1001 5.0
840 1026 3.0
840 1049 29.0
840 1055 5.0
841 842 19.0
841 850 4.0
841 851 12.0
841 860 2.0
841 867 2.0
841 888 159.0
841 889 223.0
841 890 9.0
841 898 12.0
841 899 877.0
841 900 55.0
841 901 5.0
841 908 12.0
841 909 1136.0
841 918 1.0
841 919 269.0
841 929 14.0
841 930 1.0
841 939 9.0
841 940 8.0
841 941 1.0
841 947 4.0
841 948 365.0
841 949 6.0
841 955 960.0
841 956 69.0
841 963 10.0
841 972 1.0
841 977 7.0
841 983 1.0
841 984 48.0
841 985 3.0
841 991 4.0
841 992 494.0
841 993 53.0
841 1000 33.0
841 1001 25.0
841 1010 1.0
841 1018 10.0
841 1019 5.0
841 1026 88.0
841 1033 143.0
841 1042 2.0
841 1043 44.0
841 1049 116.0
841 1054 11.0
841 1055 23.0
841 1056 26.0
841 1060 23.0
841 1065 23.0
841 1066 4.0
842 851 568.0
842 852 280.0
842 853 1.0
842 860 965.0
842 861 30.0
842 867 122.0
842 890 151.0
842 899 25.0
842 900 964.0
842 910 1152.0
842 920 2264.0
842 921 59.0
842 930 897.0
842 931 24.0
842 932 10.0
842 939 261.0
842 940 69.0
842 948 46.0
842 949 124.0
842 956 18.0
842 962 26.0
842 963 368.0
842 968 1.0
842 978 28.0
842 985 71.0
842 986 1.0
842 993 475.0
842 1002 81.0
842 1011 3.0
842 1018 6.0
842 1019 16.0
842 1020 4.0
842 1026 31.0
842 1027 5.0
842 1033 10.0
842 1044 3.0
842 1049 81.0
842 1050 16.0
842 1061 1.0
842 1062 11.0
843 852 10.0
843 860 1.0
843 867 1.0
843 882 1.0
843 889 2.0
843 890 7.0
843 891 1.0
843 899 4.0
843 900 33.0
843 909 1.0
843 910 6.0
843 920 1.0
843 930 1.0
843 949 1.0
843 985 2.0
843 993 6.0
843 1049 1.0
846 847 41.0
846 848 27.0
846 916 1.0
846 926 1.0
847 848 160.0
847 856 12.0
847 885 11.0
847 895 240.0
847 896 16.0
847 905 7.0
847 906 107.0
847 914 2.0
847 915 1.0
847 924 25.0
847 925 27.0
847 926 1.0
847 934 54.0
847 935 3.0
847 936 17.0
847 944 6.0
847 945 32.0
847 952 9.0
847 953 20.0
847 959 29.0
847 960 4.0
847 980 204.0
847 981 196.0
847 988 67.0
847 989 65.0
847 1006 6.0
847 1015 5.0
847 1022 4.0
847 1023 23.0
847 1040 13.0
847 1045 61.0
847 1046 2.0
847 1063 1.0
848 849 7.0
848 856 6.0
848 857 109.0
848 858 14.0
848 864 13.0
848 865 5.0
848 870 4.0
848 895 12.0
848 896 4.0
848 906 139.0
848 907 71.0
848 916 5.0
848 923 9.0
848 925 63.0
848 926 31.0
848 936 1.0
848 944 72.0
848 945 1.0
848 952 1.0
848 953 374.0
848 960 130.0
848 961 1.0
848 965 1.0
848 974 2.0
848 980 19.0
848 981 20.0
848 988 16.0
848 989 188.0
848 990 1.0
848 1007 1.0
848 1023 1.0
848 1030 7.0
848 1031 2.0
848 1045 12.0
848 1046 4.0
848 1063 16.0
849 857 3.0
849 907 19.0
849 925 1.0
849 945 4.0
849 954 5.0
849 989 1.0
849 1030 1.0
850 851 4.0
850 882 1.0
850 888 4.0
850 889 89.0
850 890 1.0
850 898 1.0
850 899 118.0
850 956 1.0
851 852 1.0
851 860 41.0
851 867 14.0
851 889 29.0
851 890 113.0
851 899 25.0
851 900 166.0
851 910 209.0
851 920 224.0
851 921 12.0
851 930 42.0
851 932 2.0
851 948 23.0
851 956 169.0
851 962 319.0
851 963 1262.0
851 968 3.0
851 978 8.0
851 985 17.0
851 986 1.0
851 993 83.0
851 1002 2.0
851 1018 1.0
851 1026 28.0
851 1033 9.0
851 1049 15.0
851 1050 1.0
852 853 13.0
852 860 250.0
852 861 25.0
852 867 74.0
852 890 4.0
852 900 28.0
852 910 34.0
852 920 129.0
852 921 2.0
852 930 161.0
852 931 13.0
852 939 12.0
852 940 40.0
852 948 1.0
852 949 42.0
852 962 2.0
852 963 118.0
852 968 1.0
852 978 1.0
852 1002 28.0
852 1011 1.0
852 1018 1.0
852 1019 13.0
852 1020 3.0
852 1026 1.0
852 1027 33.0
852 1033 2.0
852 1054 1.0
852 1055 1.0
852 1061 1.0
852 1062 8.0
853 860 7.0
853 867 7.0
853 920 1.0
856 934 3.0
857 858 3.0
857 907 3.0
857 923 1.0
857 925 1.0
857 953 1.0
857 960 116.0
857 965 32.0
857 1007 2.0
857 1023 2.0
858 865 1.0
858 953 21.0
858 960 20.0
858 961 1.0
858 1023 1.0
859 866 2.0
859 956 1.0
860 861 31.0
860 867 1106.0
860 871 1.0
860 880 1.0
860 889 2.0
860 890 2.0
860 899 1.0
860 900 84.0
860 910 259.0
860 920 468.0
860 921 1.0
860 930 399.0
860 931 10.0
860 932 2.0
860 939 11.0
860 940 55.0
860 948 10.0
860 949 7.0
860 956 6.0
860 963 81.0
860 968 98.0
860 978 1.0
860 985 1.0
860 993 73.0
860 1002 35.0
860 1011 4.0
860 1018 5.0
860 1019 9.0
860 1020 2.0
860 1049 16.0
860 1050 1.0
860 1054 1.0
860 1055 1.0
860 1061 2.0
860 1062 10.0
861 867 45.0
861 890 2.0
861 900 4.0
861 910 4.0
861 920 13.0
861 930 8.0
861 948 1.0
864 907 1.0
864 953 1.0
865 870 9.0
865 953 9.0
865 960 9.0
867 871 1.0
867 880 1.0
867 890 3.0
867 900 22.0
867 910 4.0
867 920 44.0
867 930 21.0
867 939 8.0
867 940 2.0
867 948 3.0
867 949 5.0
867 963 4.0
867 993 6.0
867 1002 8.0
867 1011 1.0
867 1018 1.0
867 1054 1.0
867 1055 1.0
867 1061 1.0
870 953 8.0
870 960 8.0
873 877 148.0
873 885 3.0
873 895 3.0
877 886 26.0
877 896 4.0
877 969 8.0
877 974 4.0
877 981 1.0
879 880 9.0
879 919 1.0
880 881 48.0
880 888 1.0
880 889 3.0
880 890 2.0
880 891 2.0
880 899 2.0
880 909 2.0
880 919 8.0
880 939 1.0
880 948 1.0
880 972 92.0
880 977 1.0
880 992 1.0
880 993 1.0
880 1000 8.0
880 1060 5.0
882 891 1.0
882 993 4.0
885 895 196.0
885 905 19.0
885 915 18.0
885 924 4.0
885 925 17.0
885 934 3.0
885 935 14.0
885 936 15.0
885 945 1.0
885 973 2.0
885 997 1.0
885 1005 13.0
885 1013 12.0
885 1015 8.0
885 1023 1.0
885 1063 1.0
886 896 113.0
886 897 1.0
886 906 24.0
886 916 1.0
886 969 648.0
886 974 70.0
886 981 1.0
886 998 1.0
886 1052 1.0
888 890 4.0
888 899 113.0
888 909 48.0
888 919 1.0
888 939 1.0
888 948 10.0
888 955 9.0
888 992 2.0
888 1026 9.0
888 1049 1.0
889 890 159.0
889 898 1.0
889 899 1323.0
889 900 1.0
889 909 40.0
889 910 5.0
889 918 11.0
889 919 9.0
889 929 3.0
889 930 1.0
889 939 13.0
889 947 29.0
889 948 57.0
889 955 62.0
889 963 26.0
889 972 1.0
889 977 1.0
889 984 1.0
889 992 26.0
889 993 6.0
889 1002 1.0
889 1011 1.0
889 1026 51.0
889 1049 15.0
890 891 7.0
890 898 4.0
890 899 60.0
890 900 248.0
890 901 2.0
890 909 28.0
890 910 24.0
890 919 140.0
890 920 82.0
890 929 11.0
890 930 7.0
890 939 15.0
890 947 1.0
890 948 4.0
890 955 9.0
890 956 51.0
890 957 1.0
890 962 106.0
890 963 42.0
890 972 1.0
890 977 3.0
890 978 42.0
890 984 6.0
890 985 2.0
890 991 1.0
890 992 17.0
890 993 8.0
890 1000 24.0
890 1001 66.0
890 1011 23.0
890 1019 1.0
890 1020 1.0
890 1026 2.0
890 1049 5.0
890 1054 2.0
890 1055 5.0
890 1056 2.0
890 1060 1.0
890 1062 7.0
890 1065 1.0
891 900 9.0
891 901 139.0
891 909 1.0
891 910 11.0
891 919 171.0
891 928 1.0
891 929 41.0
891 948 2.0
891 986 6.0
891 992 1.0
891 1000 6.0
891 1001 42.0
891 1002 2.0
891 1010 5.0
891 1011 1.0
891 1055 2.0
891 1060 1.0
891 1061 4.0
891 1062 20.0
893 894 1.0
895 896 126.0
895 903 5.0
895 904 1.0
895 905 104.0
895 906 171.0
895 907 27.0
895 914 1.0
895 915 38.0
895 916 195.0
895 924 5.0
895 925 183.0
895 926 80.0
895 933 3.0
895 934 30.0
895 935 271.0
895 936 105.0
895 943 13.0
895 944 125.0
895 945 21.0
895 951 5.0
895 952 247.0
895 953 7.0
895 954 1.0
895 959 4.0
895 960 6.0
895 973 6.0
895 974 17.0
895 980 1062.0
895 981 3855.0
895 988 106.0
895 989 103.0
895 990 58.0
895 997 11.0
895 1005 14.0
895 1007 36.0
895 1013 13.0
895 1014 3.0
895 1015 78.0
895 1021 22.0
895 1022 4.0
895 1023 6.0
895 1030 1.0
895 1039 2.0
895 1040 22.0
895 1045 127.0
895 1046 4.0
895 1051 5.0
895 1058 11.0
895 1063 253.0
896 897 1.0
896 903 8.0
896 904 1.0
896 905 4.0
896 906 500.0
896 907 29.0
896 915 7.0
896 916 6.0
896 925 2.0
896 926 12.0
896 934 12.0
896 935 67.0
896 936 57.0
896 943 1.0
896 944 7.0
896 945 17.0
896 953 2.0
896 969 50.0
896 974 167.0
896 980 23.0
896 981 701.0
896 988 37.0
896 989 1.0
896 997 6.0
896 1015 44.0
896 1021 5.0
896 1022 1.0
896 1023 5.0
896 1045 19.0
896 1051 3.0
896 1063 2.0
897 974 1.0
898 899 12.0
898 900 1.0
898 909 7.0
898 910 2.0
898 919 4.0
898 929 3.0
898 939 3.0
898 948 3.0
898 955 2.0
898 977 5.0
898 993 1.0
898 1026 3.0
899 900 323.0
899 901 112.0
899 909 635.0
899 910 41.0
899 918 2.0
899 919 29.0
899 920 4.0
899 922 1.0
899 929 9.0
899 930 2.0
899 939 29.0
899 947 29.0
899 948 121.0
899 955 335.0
899 956 5.0
899 963 23.0
899 972 11.0
899 976 1.0
899 977 27.0
899 978 47.0
899 983 8.0
899 984 40.0
899 985 7.0
899 991 4.0
899 992 32.0
899 993 26.0
899 1002 2.0
899 1011 1.0
899 1026 98.0
899 1033 37.0
899 1042 2.0
899 1043 1.0
899 1048 1.0
899 1049 16.0
899 1062 1.0
900 901 224.0
900 909 119.0
900 910 780.0
900 919 23.0
900 920 420.0
900 921 1.0
900 922 1.0
900 929 10.0
900 930 152.0
900 939 77.0
900 940 2.0
900 948 5.0
900 955 17.0
900 956 16.0
900 962 10.0
900 963 142.0
900 978 75.0
900 984 10.0
900 985 352.0
900 986 11.0
900 992 60.0
900 993 272.0
900 1000 8.0
900 1001 1.0
900 1002 7.0
900 1009 1.0
900 1010 1.0
900 1011 28.0
900 1018 9.0
900 1027 11.0
900 1043 12.0
900 1044 12.0
900 1049 20.0
900 1050 24.0
900 1062 13.0
901 902 2.0
901 909 7.0
901 910 6.0
901 911 57.0
901 919 76.0
901 922 1.0
901 928 2.0
901 929 10.0
901 939 21.0
901 955 1.0
901 985 1.0
901 986 131.0
901 1001 14.0
901 1002 4.0
901 1011 3.0
901 1055 3.0
901 1061 3.0
901 1062 6.0
902 911 7.0
902 921 4.0
903 904 42.0
903 905 23.0
903 906 10.0
903 915 37.0
903 916 5.0
903 925 48.0
903 935 31.0
903 945 1.0
903 980 2.0
903 981 11.0
903 998 2.0
903 1014 7.0
903 1052 2.0
904 905 50.0
904 915 34.0
904 916 4.0
904 925 69.0
904 935 31.0
904 936 10.0
904 945 6.0
904 1014 8.0
904 1015 11.0
905 906 14.0
905 914 1.0
905 915 187.0
905 916 7.0
905 924 10.0
905 925 214.0
905 934 6.0
905 935 188.0
905 936 5.0
905 944 22.0
905 945 16.0
905 952 3.0
905 953 1.0
905 954 1.0
905 980 58.0
905 981 15.0
905 987 4.0
905 988 45.0
905 989 68.0
905 997 6.0
905 998 1.0
905 1005 26.0
905 1006 2.0
905 1013 39.0
905 1014 23.0
905 1022 3.0
905 1040 6.0
905 1046 6.0
905 1052 17.0
905 1063 1.0
906 907 14.0
906 915 13.0
906 916 175.0
906 925 6.0
906 926 125.0
906 934 15.0
906 935 72.0
906 936 68.0
906 943 2.0
906 944 7.0
906 945 21.0
906 953 7.0
906 960 1.0
906 974 9.0
906 980 77.0
906 981 1030.0
906 988 2.0
906 989 960.0
906 990 94.0
906 997 7.0
906 1015 39.0
906 1021 5.0
906 1022 1.0
906 1023 6.0
906 1045 1.0
906 1046 61.0
906 1051 3.0
906 1052 3.0
906 1063 3.0
907 916 33.0
907 917 1.0
907 926 36.0
907 974 10.0
907 980 9.0
907 981 50.0
907 989 1.0
907 990 2.0
908 909 9.0
908 919 36.0
908 929 4.0
908 939 25.0
908 948 95.0
908 955 1.0
908 991 1.0
908 992 22.0
908 1001 13.0
908 1026 88.0
908 1033 1.0
908 1049 5.0
908 1054 19.0
908 1055 5.0
909 910 36.0
909 918 17.0
909 919 102.0
909 922 3.0
909 928 20.0
909 929 641.0
909 930 6.0
909 938 144.0
909 939 854.0
909 940 36.0
909 941 22.0
909 947 18.0
909 948 502.0
909 949 2.0
909 955 778.0
909 956 5.0
909 977 12.0
909 978 6.0
909 983 3.0
909 984 164.0
909 985 11.0
909 991 5.0
909 992 2947.0
909 993 632.0
909 994 1.0
909 1001 22.0
909 1011 2.0
909 1018 19.0
909 1026 369.0
909 1027 9.0
909 1032 12.0
909 1033 41.0
909 1042 2.0
909 1043 134.0
909 1049 1319.0
909 1054 3.0
909 1055 85.0
909 1056 3.0
909 1061 1.0
909 1062 9.0
909 1066 17.0
910 911 1.0
910 919 34.0
910 920 694.0
910 921 2.0
910 929 5.0
910 930 245.0
910 939 14.0
910 940 1.0
910 948 4.0
910 956 15.0
910 962 16.0
910 963 190.0
910 978 20.0
910 983 4.0
910 984 7.0
910 985 168.0
910 991 2.0
910 992 20.0
910 993 1245.0
910 1000 1.0
910 1001 5.0
910 1002 3.0
910 1004 1.0
910 1010 1.0
910 1018 7.0
910 1027 1.0
910 1043 7.0
910 1044 8.0
910 1049 410.0
910 1050 92.0
910 1061 1.0
911 921 23.0
911 939 2.0
911 986 3.0
911 994 30.0
911 1003 2.0
913 915 4.0
913 925 1.0
913 926 2.0
913 935 16.0
913 944 2.0
913 945 14.0
913 954 12.0
913 997 4.0
913 1007 2.0
913 1051 1.0
914 915 114.0
914 924 3.0
914 925 2.0
914 926 3.0
914 959 2.0
914 996 2.0
914 998 1.0
914 1006 1.0
914 1007 4.0
914 1052 1.0
914 1057 2.0
915 924 78.0
915 925 260.0
915 935 187.0
915 936 5.0
915 944 81.0
915 945 14.0
915 952 1.0
915 954 1.0
915 980 10.0
915 981 10.0
915 987 2.0
915 988 16.0
915 989 80.0
915 997 510.0
915 998 9.0
915 999 2.0
915 1005 26.0
915 1006 6.0
915 1013 42.0
915 1014 47.0
915 1022 31.0
915 1046 36.0
915 1051 75.0
915 1052 36.0
915 1057 4.0
915 1058 1.0
915 1063 1.0
915 1064 1.0
916 924 1.0
916 925 7.0
916 926 106.0
916 936 2.0
916 945 1.0
916 969 1.0
916 974 1.0
916 980 79.0
916 981 188.0
916 989 151.0
916 990 61.0
916 995 5.0
916 996 2.0
916 998 1479.0
916 1046 15.0
916 1051 3.0
916 1052 1453.0
916 1057 23.0
916 1058 49.0
917 953 2.0
917 990 1.0
918 919 10.0
918 920 2.0
918 928 2.0
918 929 1.0
918 930 2.0
918 991 1.0
918 992 3.0
918 993 11.0
918 1001 9.0
918 1002 4.0
918 1010 1.0
918 1033 1.0
918 1049 3.0
918 1055 6.0
918 1056 1.0
918 1062 1.0
919 920 4.0
919 928 1.0
919 929 154.0
919 930 9.0
919 932 1.0
919 938 21.0
919 939 106.0
919 947 2.0
919 948 37.0
919 955 136.0
919 978 2.0
919 984 5.0
919 986 1.0
919 991 23.0
919 992 168.0
919 993 51.0
919 1000 452.0
919 1001 483.0
919 1002 83.0
919 1003 2.0
919 1009 17.0
919 1010 11.0
919 1011 3.0
919 1017 22.0
919 1018 24.0
919 1026 36.0
919 1033 2.0
919 1049 38.0
919 1050 1.0
919 1054 81.0
919 1055 83.0
919 1056 89.0
919 1060 196.0
919 1061 24.0
919 1062 5.0
919 1065 35.0
919 1066 17.0
920 921 71.0
920 930 706.0
920 939 191.0
920 940 11.0
920 949 4.0
920 956 45.0
920 962 86.0
920 963 87.0
920 978 3.0
920 985 1.0
920 992 5.0
920 993 207.0
920 1001 2.0
920 1002 1250.0
920 1019 1.0
920 1049 65.0
920 1050 2.0
920 1055 1.0
920 1060 8.0
921 930 1.0
921 939 39.0
921 956 8.0
921 962 9.0
921 963 1.0
921 993 7.0
921 994 33.0
921 1003 14.0
921 1004 1.0
921 1049 1.0
922 984 1.0
922 992 1.0
923 924 3.0
923 936 199.0
923 945 10.0
923 999 2.0
923 1005 2.0
923 1015 87.0
923 1022 3.0
923 1023 6.0
923 1024 2.0
923 1057 2.0
923 1058 2.0
924 925 82.0
924 926 10.0
924 935 5.0
924 936 5.0
924 944 1.0
924 945 2.0
924 959 2.0
924 980 1.0
924 981 1.0
924 999 16.0
924 1005 12.0
924 1006 8.0
924 1007 15.0
924 1013 4.0
924 1015 4.0
924 1023 2.0
924 1057 16.0
924 1058 15.0
925 926 8.0
925 935 441.0
925 936 19.0
925 944 814.0
925 945 35.0
925 953 5.0
925 954 8.0
925 960 7.0
925 980 81.0
925 981 114.0
925 988 99.0
925 989 157.0
925 995 1.0
925 996 1.0
925 997 4.0
925 1005 29.0
925 1006 98.0
925 1007 75.0
925 1013 80.0
925 1014 44.0
925 1015 50.0
925 1016 3.0
925 1022 60.0
925 1024 3.0
925 1030 1.0
925 1040 2.0
925 1045 91.0
925 1057 5.0
925 1058 4.0
925 1063 43.0
926 934 3.0
926 935 7.0
926 944 7.0
926 974 1.0
926 980 52.0
926 981 104.0
926 988 3.0
926 989 48.0
926 990 23.0
926 995 1.0
926 996 1.0
926 997 1.0
926 998 292.0
926 999 1.0
926 1005 3.0
926 1006 107.0
926 1007 1478.0
926 1013 8.0
926 1015 58.0
926 1022 8.0
926 1024 1.0
926 1045 3.0
926 1046 1.0
926 1052 67.0
926 1057 4.0
926 1058 76.0
926 1063 130.0
928 929 3.0
928 930 1.0
928 938 2.0
928 992 6.0
928 993 6.0
928 1000 2.0
928 1002 1.0
928 1009 2.0
928 1010 1.0
928 1025 1.0
928 1049 10.0
928 1060 1.0
928 1061 1.0
929 930 100.0
929 931 47.0
929 932 2.0
929 938 153.0
929 939 636.0
929 940 18.0
929 941 17.0
929 947 25.0
929 948 92.0
929 972 1.0
929 977 2.0
929 984 30.0
929 991 14.0
929 992 613.0
929 993 336.0
929 1000 10.0
929 1001 34.0
929 1002 46.0
929 1003 2.0
929 1009 1.0
929 1010 311.0
929 1011 168.0
929 1012 3.0
929 1018 34.0
929 1019 26.0
929 1020 5.0
929 1026 90.0
929 1032 6.0
929 1043 3.0
929 1049 260.0
929 1050 1.0
929 1054 8.0
929 1055 28.0
929 1056 2.0
929 1060 2.0
929 1061 2.0
929 1062 678.0
929 1066 252.0
929 1068 1.0
930 931 145.0
930 939 93.0
930 940 101.0
930 949 53.0
930 963 12.0
930 978 1.0
930 985 1.0
930 992 1.0
930 993 69.0
930 1000 1.0
930 1001 3.0
930 1002 367.0
930 1003 6.0
930 1010 11.0
930 1011 828.0
930 1012 1.0
930 1018 61.0
930 1019 6.0
930 1020 1.0
930 1027 45.0
930 1049 16.0
930 1050 1.0
930 1054 5.0
930 1055 11.0
930 1060 1.0
930 1061 22.0
930 1062 146.0
930 1066 1.0
931 939 104.0
931 940 7.0
931 949 1.0
931 1002 2.0
931 1003 5.0
931 1011 11.0
931 1012 30.0
931 1019 3.0
931 1020 6.0
931 1027 1.0
931 1062 10.0
932 963 2.0
932 1001 1.0
933 934 7.0
933 936 3.0
933 974 7.0
933 981 12.0
933 1015 2.0
934 935 13.0
934 936 37.0
934 944 2.0
934 959 7.0
934 974 67.0
934 980 3.0
934 981 123.0
934 1007 1.0
934 1014 7.0
934 1015 36.0
934 1063 3.0
935 936 8.0
935 944 478.0
935 945 162.0
935 952 1.0
935 954 23.0
935 973 5.0
935 974 2.0
935 980 71.0
935 981 139.0
935 988 1.0
935 989 12.0
935 997 42.0
935 998 2.0
935 1006 29.0
935 1007 1.0
935 1014 43.0
935 1015 38.0
935 1016 2.0
935 1021 20.0
935 1022 61.0
935 1024 1.0
935 1040 2.0
935 1051 1.0
935 1057 6.0
935 1058 4.0
935 1063 30.0
936 943 1.0
936 944 2.0
936 945 4.0
936 951 1.0
936 952 9.0
936 974 2.0
936 980 46.0
936 981 141.0
936 988 6.0
936 989 18.0
936 1006 2.0
936 1007 8.0
936 1013 2.0
936 1014 1.0
936 1015 1253.0
936 1023 14.0
936 1024 5.0
936 1031 12.0
936 1040 1.0
936 1045 4.0
936 1058 7.0
936 1063 142.0
938 939 10.0
938 947 12.0
938 991 13.0
938 992 120.0
938 993 105.0
938 1009 8.0
938 1010 15.0
938 1017 2.0
938 1018 32.0
938 1025 1.0
938 1049 15.0
938 1054 5.0
938 1060 21.0
938 1061 1.0
938 1065 22.0
938 1066 30.0
939 940 16.0
939 941 1.0
939 947 20.0
939 948 409.0
939 949 9.0
939 950 4.0
939 963 3.0
939 972 1.0
939 977 2.0
939 978 3.0
939 984 9.0
939 985 3.0
939 986 5.0
939 991 1.0
939 992 751.0
939 993 484.0
939 1000 4.0
939 1001 1.0
939 1002 26.0
939 1003 1.0
939 1009 1.0
939 1010 3.0
939 1011 29.0
939 1012 33.0
939 1018 117.0
939 1019 195.0
939 1020 104.0
939 1026 348.0
939 1027 17.0
939 1033 1.0
939 1043 6.0
939 1049 465.0
939 1050 2.0
939 1054 9.0
939 1055 3.0
939 1060 2.0
939 1061 1.0
939 1062 2.0
939 1066 64.0
940 941 66.0
940 949 47.0
940 992 3.0
940 993 1.0
940 1002 23.0
940 1011 6.0
940 1018 4.0
940 1019 28.0
940 1027 36.0
940 1061 1.0
940 1062 7.0
940 1066 24.0
941 992 1.0
941 1066 24.0
943 944 2.0
943 945 2.0
943 980 8.0
943 981 13.0
943 1015 1.0
943 1021 2.0
944 945 22.0
944 952 3.0
944 953 2.0
944 960 7.0
944 974 3.0
944 980 66.0
944 981 97.0
944 988 102.0
944 989 250.0
944 997 18.0
944 1006 23.0
944 1015 35.0
944 1016 3.0
944 1021 64.0
944 1022 131.0
944 1040 4.0
944 1045 94.0
944 1052 1.0
944 1057 3.0
944 1058 4.0
944 1063 24.0
945 951 1.0
945 952 1.0
945 954 23.0
945 980 6.0
945 981 35.0
945 989 1.0
945 997 23.0
945 998 2.0
945 1006 5.0
945 1007 2.0
945 1015 3.0
945 1016 2.0
945 1022 32.0
945 1023 159.0
945 1024 1.0
945 1045 1.0
945 1051 1.0
945 1057 3.0
945 1063 3.0
947 955 7.0
947 991 2.0
947 992 20.0
947 993 21.0
947 1049 8.0
948 949 16.0
948 955 1.0
948 956 38.0
948 963 6.0
948 984 14.0
948 985 1.0
948 992 233.0
948 993 68.0
948 1000 8.0
948 1001 2.0
948 1018 3.0
948 1026 1943.0
948 1032 22.0
948 1033 53.0
948 1043 7.0
948 1049 131.0
948 1054 2.0
948 1055 1.0
948 1056 3.0
948 1060 1.0
948 1065 4.0
948 1066 15.0
949 950 7.0
949 957 22.0
949 992 1.0
949 993 2.0
949 1002 15.0
949 1026 8.0
949 1027 130.0
949 1033 1.0
951 952 1.0
951 981 5.0
951 1023 1.0
952 960 1.0
952 974 24.0
952 980 46.0
952 981 313.0
952 988 9.0
952 997 1.0
952 1023 1.0
952 1040 1.0
952 1045 7.0
952 1063 1.0
953 960 88.0
953 961 1.0
953 965 1.0
953 980 8.0
953 981 7.0
953 988 1.0
953 989 9.0
953 1030 39.0
953 1031 5.0
953 1045 1.0
954 980 1.0
954 997 2.0
955 956 15.0
955 983 1.0
955 984 7.0
955 992 372.0
955 993 46.0
955 1000 25.0
955 1001 6.0
955 1026 1.0
955 1033 52.0
955 1042 1.0
955 1043 50.0
955 1049 66.0
955 1054 6.0
955 1055 8.0
955 1056 8.0
955 1060 19.0
955 1065 17.0
956 962 117.0
956 963 9.0
956 993 2.0
956 1026 25.0
956 1033 35.0
957 993 9.0
959 981 4.0
960 965 37.0
960 980 6.0
960 981 2.0
960 988 1.0
960 1023 2.0
960 1045 3.0
962 963 129.0
962 986 1.0
962 993 11.0
963 968 3.0
963 978 9.0
963 985 16.0
963 993 70.0
963 1002 2.0
963 1018 1.0
963 1026 3.0
963 1033 2.0
963 1049 15.0
963 1050 1.0
968 993 1.0
969 974 2.0
969 998 1.0
969 1052 1.0
972 977 9.0
974 981 300.0
974 1015 3.0
974 1063 1.0
977 984 3.0
977 991 1.0
977 1055 1.0
978 985 8.0
978 992 5.0
978 993 2.0
978 1000 1.0
978 1001 1.0
980 981 698.0
980 989 52.0
980 990 28.0
980 997 2.0
980 1005 1.0
980 1007 33.0
980 1013 1.0
980 1014 2.0
980 1015 33.0
980 1021 4.0
980 1022 2.0
980 1023 1.0
980 1039 2.0
980 1040 29.0
980 1046 2.0
980 1051 1.0
980 1058 3.0
980 1063 109.0
981 989 109.0
981 990 57.0
981 997 7.0
981 1007 31.0
981 1015 111.0
981 1021 25.0
981 1022 5.0
981 1023 10.0
981 1030 1.0
981 1040 11.0
981 1046 2.0
981 1051 3.0
981 1058 11.0
981 1063 216.0
983 984 2.0
983 991 6.0
983 993 3.0
984 985 1.0
984 992 1.0
984 993 6.0
984 1026 14.0
984 1032 5.0
984 1042 1.0
984 1043 25.0
984 1049 1.0
985 992 10.0
985 993 42.0
985 1011 1.0
985 1027 1.0
985 1044 18.0
985 1050 12.0
987 988 6.0
988 989 9.0
988 997 1.0
988 1015 4.0
988 1045 273.0
988 1063 1.0
989 990 94.0
989 997 1.0
989 998 2.0
989 1007 5.0
989 1046 192.0
989 1052 8.0
989 1063 1.0
991 992 8.0
991 993 1.0
991 1001 6.0
991 1018 9.0
991 1042 1.0
991 1048 1.0
991 1049 8.0
991 1055 1.0
991 1066 6.0
992 993 435.0
992 994 1.0
992 1000 2.0
992 1001 8.0
992 1009 1.0
992 1010 1.0
992 1011 1.0
992 1018 20.0
992 1026 184.0
992 1032 7.0
992 1033 2.0
992 1042 1.0
992 1043 18.0
992 1049 1396.0
992 1050 1.0
992 1054 4.0
992 1055 2.0
992 1056 2.0
992 1061 1.0
992 1062 22.0
992 1066 17.0
993 994 1.0
993 1000 18.0
993 1001 1.0
993 1004 3.0
993 1009 2.0
993 1010 1.0
993 1011 69.0
993 1017 1.0
993 1018 17.0
993 1026 20.0
993 1027 1.0
993 1043 6.0
993 1044 3.0
993 1049 471.0
993 1050 88.0
993 1054 2.0
993 1055 2.0
993 1056 1.0
993 1062 2.0
993 1066 15.0
995 996 1.0
995 998 6.0
995 1052 2.0
995 1057 8.0
996 998 4.0
996 1052 1.0
996 1057 5.0
997 998 2.0
997 1006 2.0
997 1013 6.0
997 1014 18.0
997 1022 1.0
997 1051 80.0
997 1057 4.0
997 1058 1.0
998 999 3.0
998 1007 6.0
998 1046 21.0
998 1051 3.0
998 1052 1880.0
998 1057 41.0
998 1058 85.0
998 1064 2.0
999 1005 10.0
999 1057 16.0
999 1058 15.0
1000 1001 14.0
1000 1009 22.0
1000 1011 1.0
1000 1017 19.0
1000 1018 3.0
1000 1026 8.0
1000 1032 1.0
1000 1033 1.0
1000 1049 2.0
1000 1054 51.0
1000 1055 5.0
1000 1060 193.0
1000 1065 33.0
1000 1066 3.0
1001 1002 3.0
1001 1003 1.0
1001 1009 1.0
1001 1017 1.0
1001 1026 2.0
1001 1049 7.0
1001 1054 18.0
1001 1055 82.0
1001 1056 11.0
1002 1010 14.0
1002 1018 1.0
1002 1019 1.0
1002 1027 16.0
1002 1049 1.0
1002 1054 5.0
1002 1055 6.0
1002 1060 9.0
1002 1061 10.0
1002 1062 34.0
1003 1011 11.0
1005 1006 1.0
1005 1007 3.0
1005 1013 27.0
1005 1057 10.0
1005 1058 9.0
1006 1007 99.0
1006 1013 2.0
1006 1014 7.0
1006 1015 17.0
1006 1024 1.0
1006 1058 2.0
1006 1063 24.0
1007 1013 8.0
1007 1015 99.0
1007 1022 11.0
1007 1023 1.0
1007 1024 1.0
1007 1057 2.0
1007 1058 138.0
1007 1063 69.0
1008 1058 1.0
1009 1017 16.0
1009 1049 1.0
1009 1054 3.0
1009 1060 12.0
1009 1065 13.0
1010 1011 9.0
1010 1018 6.0
1010 1019 2.0
1010 1025 1.0
1010 1054 2.0
1010 1060 16.0
1010 1061 3.0
1010 1062 5.0
1010 1065 15.0
1010 1066 5.0
1011 1019 4.0
1011 1049 1.0
1011 1056 13.0
1011 1062 233.0
1012 1019 18.0
1012 1020 8.0
1013 1014 10.0
1013 1015 2.0
1013 1063 1.0
1015 1016 3.0
1015 1022 11.0
1015 1023 1.0
1015 1024 8.0
1015 1040 1.0
1015 1045 2.0
1015 1058 10.0
1015 1063 295.0
1016 1023 2.0
1017 1018 6.0
1017 1054 6.0
1017 1060 6.0
1017 1065 2.0
1017 1066 9.0
1018 1019 6.0
1018 1020 4.0
1018 1026 1.0
1018 1049 4.0
1018 1054 7.0
1018 1055 1.0
1018 1060 9.0
1018 1061 1.0
1018 1065 2.0
1018 1066 62.0
1019 1020 137.0
1022 1023 14.0
1023 1024 2.0
1023 1053 1.0
1023 1059 1.0
1023 1064 1.0
1025 1060 1.0
1025 1061 1.0
1026 1032 22.0
1026 1043 6.0
1026 1049 80.0
1026 1054 2.0
1026 1055 1.0
1026 1056 2.0
1026 1060 1.0
1026 1065 5.0
1026 1066 13.0
1027 1043 2.0
1027 1061 1.0
1032 1043 1.0
1032 1049 5.0
1033 1049 1.0
1033 1060 1.0
1033 1065 1.0
1042 1049 1.0
1043 1049 2.0
1045 1063 1.0
1046 1052 29.0
1049 1062 10.0
1049 1066 2.0
1051 1057 1.0
1052 1057 16.0
1052 1058 32.0
1053 1059 1.0
1053 1064 1.0
1054 1055 17.0
1054 1060 24.0
1054 1061 4.0
1054 1065 4.0
1054 1066 7.0
1055 1061 17.0
1055 1062 1.0
1055 1066 1.0
1057 1058 15.0
1058 1063 60.0
1058 1064 1.0
1059 1064 1.0
1060 1061 1.0
1060 1065 54.0
1060 1066 11.0
1061 1066 1.0
1063 1064 1.0
1065 1066 7.0
